0.	0.17364817766693036	0.	0.984807753012208
545853.8481742337	0.16350665655078864	0.01894686342136208	0.9863602729751798
1.0917076963484674e6	0.15292232314549165	0.037419921913261295	0.9875294941933765
1.637561544522701e6	0.14191940750017554	0.055381360017102296	0.9883277145483418
2.1834153926969348e6	0.13052269063726035	0.07279551738013183	0.9887692381562743
2.7292692408711687e6	0.11875727401841732	0.08962818719388821	0.988869644052002
3.275123089045402e6	0.10664852774290293	0.1058479617889164	0.98864638625791
3.8209769372196356e6	0.09422190542231679	0.12142595232132204	0.9881183359156138
4.3668307853938695e6	0.08150290860120685	0.13633340859443072	0.9873045294522528
4.912684633568103e6	0.06851688758897839	0.15054511466551682	0.9862255094388636
5.458538481742337e6	0.055288634878102955	0.16403975895190703	0.9849027124084827
6.00439232991657e6	0.04184290399489708	0.17679619628436594	0.983357583066105
6.550246178090804e6	0.02820449174775644	0.18879336411016046	0.9816117423732736
7.096100026265038e6	0.014397474767843775	0.20001405370119313	0.9796873536194636
7.641953874439271e6	0.00044449427473678554	0.21044567609724252	0.9776056262653574
8.187807722613505e6	-0.013631911104240089	0.22007588214163748	0.9753876415272614
8.733661570787739e6	-0.0278092027417623	0.22889232267770682	0.9730544806214817
9.279515418961972e6	-0.04206484964535874	0.2368827224296889	0.9706273538024847
9.825369267136207e6	-0.05637737545902741	0.24403803574254634	0.9681269955249185
1.037122311531044e7	-0.07072711717998631	0.25035362139771855	0.9655703089074055
1.0917076963484675e7	-0.08509457800045205	0.2558251537454512	0.9629736148022104
1.1462930811658908e7	-0.09946026111264103	0.26044830713598954	0.9603532340615988
1.200878465983314e7	-0.11380466970876982	0.2642187559195793	0.9577254875378354
1.2554638508007376e7	-0.12810833135332908	0.26713218881245515	0.955106744472392
1.3100492356181609e7	-0.1423528791625665	0.26918617108679105	0.952512378548824
1.3646346204355842e7	-0.15652080761540027	0.270381970097669	0.9499511531430052
1.4192200052530076e7	-0.17059450493518782	0.2707212850111708	0.9474303327763332
1.473805390070431e7	-0.18455635934528647	0.27020581499337826	0.9449571819702061
1.5283907748878542e7	-0.19838875906905368	0.26883725921037316	0.9425389652460218
1.5829761597052777e7	-0.21207409232984686	0.2666173168282372	0.9401829471251781
1.637561544522701e7	-0.2255947473510233	0.2635476870130522	0.937896392129073
1.6921469293401245e7	-0.23893375711053474	0.25963010805925296	0.9356855632496568
1.7467323141575478e7	-0.25207358349755443	0.2548701543930005	0.9335493840016504
1.801317698974971e7	-0.2649955306483191	0.24927552986938017	0.9314839013008501
1.8559030837923944e7	-0.2776809009550767	0.24285394022766899	0.9294851605426727
1.910488468609818e7	-0.2901109968100754	0.23561309120714374	0.9275492071225351
1.9650738534272414e7	-0.3022671206055631	0.22756068854708147	0.9256720864358541
2.0196592382446647e7	-0.31413057473378786	0.21870443798675906	0.9238498438780466
2.074244623062088e7	-0.3256826615869977	0.20905204526545343	0.9220785248445295
2.1288300078795113e7	-0.33690441759738277	0.1986105202215741	0.9203532738350199
2.183415392696935e7	-0.34777516673777437	0.1873901602365414	0.9186629827192235
2.2380007775143582e7	-0.3582738824583352	0.17540954665558156	0.9169948207104877
2.2925861623317815e7	-0.36837957315689535	0.16268772851318736	0.9153360535116916
2.347171547149205e7	-0.37807124723128466	0.1492437548438517	0.9136739468257149
2.401756931966628e7	-0.387327913079333	0.13509667468206737	0.911995766355437
2.4563423167840514e7	-0.39612857909887045	0.12026553706232729	0.9102887778037376
2.510927701601475e7	-0.40445225368772686	0.10476939101912416	0.908540246873496
2.5655130864188984e7	-0.4122779452437321	0.08862728558695107	0.9067374392675918
2.6200984712363217e7	-0.4195839635486861	0.07185799920307945	0.9048668820222395
2.674683856053745e7	-0.426343742957824	0.054483779825237555	0.9029086601051715
2.7292692408711683e7	-0.43253940327968726	0.03654076651234148	0.9008495129678985
2.783854625688592e7	-0.43815534534835876	0.018067085745127415	0.898678326663453
2.8384400105060153e7	-0.44317596999792147	-0.0008991359956680711	0.896383987244867
2.8930253953234386e7	-0.4475856780624583	-0.020319772229308766	0.8939553807651728
2.947610780140862e7	-0.4513688703760522	-0.040156696475058345	0.8913813932774024
3.002196164958285e7	-0.4545099477727862	-0.060371782252180484	0.888650910834588
3.0567815497757085e7	-0.4569933110867431	-0.08092690307993886	0.8857528194897618
3.111366934593132e7	-0.4588033611520061	-0.10178393247759729	0.8826760052959559
3.1659523194105554e7	-0.45992449880265784	-0.12290474396441917	0.8794093543062027
3.2205377042279787e7	-0.4603411499892878	-0.14424902288039645	0.8759416660685271
3.275123089045402e7	-0.46004505844324534	-0.16576154136773802	0.8722670988077948
3.3297084738628253e7	-0.45903903882352604	-0.1873918788297173	0.8683892612400361
3.384293858680249e7	-0.4573266815359074	-0.2090913705868355	0.8643124939401182
3.438879243497672e7	-0.45491157698616685	-0.23081135195959318	0.860041137482909
3.4934646283150956e7	-0.4517973155800819	-0.252503158268492	0.8555795324432757
3.548050013132519e7	-0.44798748772343	-0.2741181248340327	0.8509320193960861
3.602635397949942e7	-0.4434856838219886	-0.295607586976716	0.8461029389162078
3.657220782767366e7	-0.4382954942815352	-0.31692288001704355	0.8410966315785082
3.711806167584789e7	-0.43242052266085573	-0.33801526229250445	0.8359174517659025
3.7663915524022125e7	-0.42587008994593595	-0.35882894845071706	0.8305747618540725
3.820976937219636e7	-0.41866650768693714	-0.3793195832403907	0.825088270537508
3.875562322037059e7	-0.4108337044880617	-0.39945127401743485	0.8194787095048779
3.930147706854483e7	-0.40239560895351184	-0.41918812813775963	0.8137668104448504
3.984733091671906e7	-0.39337614968749	-0.4384942529572742	0.8079733050460945
4.039318476489329e7	-0.3837992552941984	-0.4573337558318886	0.8021189249972788
4.093903861306753e7	-0.3736888543778394	-0.4756707441175124	0.7962244019870717
4.148489246124176e7	-0.3630688755426155	-0.4934693251700549	0.7903104677041421
4.2030746309415996e7	-0.3519632473927288	-0.5106936063454262	0.7843978538371585
4.2576600157590225e7	-0.3403958985323818	-0.5273076949995354	0.7785072920747897
4.312245400576446e7	-0.32839319105597137	-0.5432764995385732	0.7726617742048484
4.36683078539387e7	-0.3159922179478628	-0.5585781947945516	0.7668931526330669
4.421416170211293e7	-0.30322376525086425	-0.57320186372316	0.7612259473501675
4.4760015550287165e7	-0.2901175078221223	-0.5871369130682929	0.7556835680088685
4.5305869398461394e7	-0.27670312051878443	-0.6003727495738438	0.7502894242618893
4.585172324663563e7	-0.2630102781979973	-0.6128987799837072	0.7450669257619483
4.639757709480986e7	-0.24906865571690834	-0.624704411041777	0.7400394821617646
4.69434309429841e7	-0.23490792793266418	-0.6357790494919473	0.735230503114057
4.748928479115833e7	-0.2205577697024121	-0.6461121020781121	0.7306633982715444
4.803513863933256e7	-0.20604785588329927	-0.6556929755441653	0.7263615772869456
4.85809924875068e7	-0.1914078613324724	-0.6645110766340013	0.7223484498129793
4.912684633568103e7	-0.17666870028676573	-0.6725588698028382	0.7186502188259213
4.9672700183855265e7	-0.1618606878706172	-0.6798426822805915	0.7152935914068297
5.02185540320295e7	-0.14700596862213278	-0.686366516652302	0.7122890153730533
5.076440788020373e7	-0.13212615687449986	-0.6921337650117301	0.7096458278864084
5.131026172837797e7	-0.11724286696090522	-0.6971478194526369	0.7073733661087107
5.18561155765522e7	-0.10237771321453647	-0.7014120720687832	0.7054809672017763
5.2401969424726434e7	-0.08755230996858042	-0.7049299149539299	0.7039779683274211
5.294782327290067e7	-0.07278827155622443	-0.7077047402018376	0.7028737066474611
5.34936771210749e7	-0.05810721231065592	-0.7097399399062673	0.7021775193237123
5.403953096924914e7	-0.04353074656506167	-0.7110389061609796	0.7018987435179906
5.4585384817423366e7	-0.029080488652629292	-0.7116050310597357	0.702046716392112
5.51312386655976e7	-0.014778052906545568	-0.7114417066962961	0.7026307751078926
5.567709251377184e7	-0.0006450536599978962	-0.7105523251644218	0.7036602568271483
5.622294636194607e7	0.013296894753826335	-0.7089402785578736	0.7051444987116949
5.6768800210120305e7	0.027028249804420312	-0.706609452119561	0.7070904600699626
5.7314654058294535e7	0.04053681011884867	-0.7035651741674857	0.7094900363120547
5.786050790646877e7	0.053806061477919415	-0.699811386947998	0.7123322314185131
5.840636175464301e7	0.06681893531165528	-0.6953518861492252	0.7156063670019389
5.895221560281724e7	0.07955836305007903	-0.6901904674592939	0.719301764674933
5.9498069450991474e7	0.09200727612321392	-0.6843309265663312	0.7234077460500963
6.00439232991657e7	0.10414860596108255	-0.6777770591584642	0.7279136327400295
6.058977714733994e7	0.11596528399370817	-0.6705326609238195	0.7328087463573337
6.113563099551417e7	0.12744024165111337	-0.6626015275505243	0.7380824085146098
6.1681484843688406e7	0.1385564103633214	-0.6539874547267053	0.7437239408244588
6.222733869186264e7	0.14929672156035498	-0.6446942381404897	0.7497226648994816
6.277319254003687e7	0.1596438654155634	-0.6347245876519922	0.756067703869736
6.331904638821111e7	0.16957842047931077	-0.6240730402777553	0.7627407931524113
6.386490023638534e7	0.17908372608894269	-0.6127492587915189	0.7697144759737188
6.4410754084559575e7	0.1881439822718078	-0.6007670767067002	0.7769607427029874
6.495660793273381e7	0.19674338905525438	-0.588140327536717	0.7844515837095458
6.550246178090804e7	0.20486614646663068	-0.5748828447949871	0.7921589893627226
6.604831562908228e7	0.2124964545332853	-0.5610084619949277	0.8000549500318468
6.659416947725651e7	0.21961851328256643	-0.5465310126499568	0.808111456086247
6.714002332543075e7	0.22621652274182272	-0.5314643302734916	0.8163004978952522
6.768587717360498e7	0.23227468293840223	-0.5158222483789502	0.8245940658281908
6.823173102177921e7	0.2377771938996535	-0.49961860047975004	0.8329641502543917
6.877758486995344e7	0.2427082556529249	-0.48286722008930866	0.8413827415431838
6.932343871812768e7	0.24705206822556497	-0.4655819407210432	0.849821830063896
6.986929256630191e7	0.250792376546483	-0.44777656987824627	0.8582525778073258
7.041514641447614e7	0.25390587183926105	-0.42947076545643426	0.8666271311581467
7.096100026265039e7	0.2563850716067675	-0.41070103975350214	0.8749106908217898
7.150685411082461e7	0.2582287415222409	-0.3915066624721293	0.883077459868521
7.205270795899884e7	0.25943564725892004	-0.3719269033149937	0.8911016413686063
7.259856180717307e7	0.2600045544900437	-0.3520010319847737	0.8989574383923118
7.314441565534732e7	0.25993422888885054	-0.3317683181841472	0.9066190540099037
7.369026950352155e7	0.25922343612857923	-0.31126803161579375	0.9140606912916477
7.423612335169578e7	0.25787094188246856	-0.29053944198239123	0.9212565533078101
7.478197719987002e7	0.2558755118237572	-0.2696218189866174	0.9281808431286571
7.532783104804425e7	0.2532359116256838	-0.24855443233115188	0.9348077638244543
7.587368489621848e7	0.24995090696148728	-0.22737655171867252	0.9411115184654679
7.641953874439272e7	0.2460192635044061	-0.20612744685185713	0.9470663101219643
7.696539259256695e7	0.24143974692767917	-0.18484638743338536	0.952646341864209
7.751124644074118e7	0.23621518361150434	-0.16357979345145546	0.9578273072680703
7.805710028891541e7	0.23036689279977496	-0.14239176676170562	0.9626010149379307
7.860295413708965e7	0.2239150282482575	-0.12132797564316902	0.9669691130051864
7.914880798526388e7	0.21687916904910248	-0.10043251643515477	0.9709333896869342
7.969466183343811e7	0.20927889429445976	-0.07974948547697022	0.9744956332002713
8.024051568161236e7	0.2011337830764792	-0.05932297910792281	0.9776576317622948
8.078636952978659e7	0.19246341448731133	-0.039197093667321506	0.9804211735901016
8.133222337796082e7	0.18328736761910602	-0.01941592549447374	0.9827880469007889
8.187807722613506e7	0.1736252215640131	-0.00002357092868690569	0.9847600399114538
8.242393107430929e7	0.16349655541418315	0.01893587369073001	0.9863389408391934
8.296978492248352e7	0.152920948261766	0.0374183120244696	0.9875265379011046
8.351563877065775e7	0.14191966887582796	0.05537831889670766	0.9883267205154161
8.406149261883199e7	0.13052486646410938	0.0727713334013046	0.9887614773956153
8.460734646700622e7	0.11876284506260676	0.08957242663517226	0.9888528199575698
8.515320031518045e7	0.10665824936458157	0.10575909870772202	0.9886212412528357
8.56990541633547e7	0.09423572406329522	0.12130884972836511	0.9880872343329689
8.624490801152892e7	0.08151991385201016	0.13619917980651158	0.9872712922495256
8.679076185970315e7	0.0685354634239878	0.1504075890515727	0.9861939080540618
8.73366157078774e7	0.05530701747248952	0.16391157757295965	0.9848755747981336
8.788246955605163e7	0.04185922069077782	0.17668864548008265	0.9833367855332968
8.842832340422586e7	0.02821671777211409	0.18871629288235287	0.9815980333111078
8.897417725240009e7	0.01440415340976008	0.19997201988918117	0.9796798111831223
8.952003110057433e7	0.00044617229697717364	0.21043332660997874	0.9776026122008965
9.006588494874856e7	-0.013632580872972118	0.22007771315415584	0.9753869294159865
9.061173879692279e7	-0.027807546442490894	0.22888797234474192	0.9730597625088029
9.115759264509703e7	-0.04205749054842445	0.23686300306221098	0.9706501925289222
9.170344649327126e7	-0.05636362449610113	0.24400072949426724	0.9681718856737032
9.224930034144549e7	-0.07070718738615542	0.25029892938861265	0.9656381539431718
9.279515418961972e7	-0.08506941831922143	0.25575538049294877	0.9630623093373536
9.334100803779396e7	-0.09943155639593367	0.2603678605549774	0.9604576638562745
9.38868618859682e7	-0.11377484071692547	0.2641341473223999	0.9578375294999603
9.443271573414242e7	-0.1280805103828313	0.26705201854291805	0.9552152182684367
9.497856958231667e7	-0.14232980449428573	0.2691192519642335	0.9526040421617294
9.55244234304909e7	-0.156503962151922	0.27033362533404776	0.9500173131798645
9.607027727866513e7	-0.17058422245637467	0.27069291640006254	0.9474683433228674
9.661613112683937e7	-0.18455182450827823	0.2701949029099795	0.9449704445907642
9.71619849750136e7	-0.198388007408266	0.2688373626115002	0.9425369289835804
9.770783882318783e7	-0.21207427732335998	0.2666181747416813	0.9401809359078195
9.825369267136206e7	-0.22559710066593094	0.2635400072452296	0.9379075227229008
9.87995465195363e7	-0.2389395813535729	0.25961125305612026	0.9357121595408526
9.934540036771053e7	-0.25208275126555635	0.25484049776419077	0.9335900096542418
9.989125421588476e7	-0.2650076422811529	0.24923632695927805	0.9315362363556349
1.00437108064059e8	-0.2776952862796342	0.24280732623121917	0.9295460029375986
1.0098296191223323e8	-0.29012671514027066	0.23556208116985156	0.9276144726926998
1.0152881576040746e8	-0.3022829607423339	0.22750917736501214	0.9257368089135052
1.020746696085817e8	-0.3141450549650955	0.21865720040653788	0.9239081748925815
1.0262052345675594e8	-0.32569402968782596	0.2090147358842664	0.9221237339224952
1.0316637730493017e8	-0.33691091678979695	0.1985903693880345	0.9203786492958134
1.037122311531044e8	-0.34777674815027965	0.18739268650767943	0.9186680843051026
1.0425808500127864e8	-0.35827255564854554	0.17543027283303797	0.9169872022429294
1.0480393884945287e8	-0.36837662013919387	0.16270906531834034	0.9153258920634665
1.053497926976271e8	-0.37806378473125113	0.14924261120774154	0.9136636682692645
1.0589564654580134e8	-0.3873140066681513	0.13505857754634076	0.9119866641523294
1.0644150039397557e8	-0.3961074119491043	0.1201849307150668	0.9102812891291979
1.069873542421498e8	-0.4044241265733207	0.10464963709484718	0.9085339526164061
1.0753320809032403e8	-0.41224427654001095	0.08848066306660984	0.9067310640304903
1.0807906193849827e8	-0.4195479878483855	0.07170597501128236	0.9048590327879867
1.086249157866725e8	-0.42631538649765427	0.05435353930979353	0.9029042683054319
1.0917076963484673e8	-0.43252659848702796	0.03645132234307087	0.9008531799993619
1.0971662348302098e8	-0.43816174981571704	0.018027290492041867	0.8986921772863129
1.102624773311952e8	-0.4432009664829315	-0.0008905898623645728	0.8964076695828216
1.1080833117936943e8	-0.44762437448788195	-0.02027435233922096	0.893986066305424
1.1135418502754368e8	-0.4514120998297788	-0.04009603055759989	0.8914137768706564
1.1190003887571791e8	-0.45454019707106574	-0.060323568944943784	0.8886731936065964
1.1244589272389214e8	-0.4569818303882144	-0.08090479597919337	0.8857418620705033
1.1299174657206637e8	-0.4587345778910965	-0.10179094945892192	0.8826189691028163
1.1353760042024061e8	-0.4597979848714083	-0.12293430767542132	0.8793055340697716
1.1408345426841484e8	-0.4601715966208463	-0.14428714891998196	0.8758025763376056
1.1462930811658907e8	-0.4598549584311067	-0.1658017514838959	0.8721111152725541
1.1517516196476331e8	-0.4588476155938859	-0.1874303936584551	0.8682321702408534
1.1572101581293754e8	-0.4571491134008803	-0.2091253537349499	0.8641667606087399
1.1626686966111177e8	-0.4547589971437863	-0.2308389100046723	0.8599159057424494
1.1681272350928602e8	-0.45167681211430005	-0.2525233407589144	0.8554806250082181
1.1735857735746025e8	-0.44790210360411814	-0.27413092428896646	0.8508619377722824
1.1790443120563447e8	-0.44343441690493685	-0.29561393888612053	0.8460608634008783
1.184502850538087e8	-0.4382732973084525	-0.31692466284166804	0.841078421260242
1.1899613890198295e8	-0.4324182901063613	-0.338015374446901	0.8359156307166095
1.1954199275015718e8	-0.42587429072631766	-0.3588340361128291	0.8305780671083577
1.200878465983314e8	-0.41867144600744005	-0.3793236947140155	0.8250922817840455
1.2063370044650565e8	-0.41083600297187645	-0.3994488684317959	0.8194808801013402
1.2117955429467988e8	-0.4023930522821241	-0.4191757595776928	0.8137654570797908
1.2172540814285411e8	-0.3933676846006797	-0.43847057046323046	0.8079676077389457
1.2227126199102834e8	-0.38378499059004023	-0.45729950339993264	0.8021089270983539
1.2281711583920258e8	-0.3736700609127024	-0.4756287606993234	0.7962110101775637
1.2336296968737681e8	-0.3630479862311636	-0.4934245446729256	0.7902954519961243
1.2390882353555104e8	-0.35194385720792043	-0.5106530576322633	0.7843838475735841
1.2445467738372529e8	-0.34038276450546967	-0.5272805018888608	0.778497791929492
1.2500053123189951e8	-0.3283897987863088	-0.5432730797542407	0.7726588800833967
1.2554638508007374e8	-0.3159905512930182	-0.5585970101839643	0.7668892243468971
1.2609223892824799e8	-0.30322338703847185	-0.5732259455740772	0.7612232097469439
1.2663809277642222e8	-0.2901218272881816	-0.5871512806202799	0.7556878465855061
1.2718394662459645e8	-0.27671436786863607	-0.6003669424563669	0.7503045947035165
1.2772980047277068e8	-0.26302950460632435	-0.6128668582161327	0.745094913941908
1.2827565432094492e8	-0.24909573332773496	-0.6246449550333719	0.7400802641416133
1.2882150816911915e8	-0.2349415498593578	-0.6356951600418783	0.735282105143566
1.2936736201729338e8	-0.2205954500276815	-0.6460114003754466	0.7307218967886985
1.2991321586546762e8	-0.20608592965919467	-0.6555876031678712	0.7264210989179438
1.3045906971364185e8	-0.19144148458038712	-0.6644176955529463	0.7224011713722351
1.3100492356181608e8	-0.17669061061774755	-0.6724956046644661	0.7186835739925053
1.3155077740999033e8	-0.16186180359776453	-0.6798152576362255	0.7152897666196871
1.3209663125816455e8	-0.1469835593469279	-0.6863705816020184	0.7122412090947138
1.3264248510633878e8	-0.13208437369172626	-0.692155503695639	0.709559361258518
1.3318833895451301e8	-0.11719201669619664	-0.6971743886122164	0.7072698133117262
1.3373419280268726e8	-0.10232823942934369	-0.7014405090036476	0.705387449766226
1.342800466508615e8	-0.08751225271271326	-0.7049578394232953	0.7039150768519797
1.3482590049903572e8	-0.0727632649049513	-0.7077303203568837	0.7028554745834865
1.3537175434720996e8	-0.05810048436470139	-0.7097618922901373	0.7022114229752455
1.3591760819538417e8	-0.04354311945061026	-0.7110564957087804	0.7019857020417558
1.3646346204355842e8	-0.029110378521321492	-0.7116180710985374	0.7021810917975165
1.3700931589173266e8	-0.014821469935481016	-0.7114505589451324	0.7028003722570266
1.3755516973990688e8	-0.0006956020517347727	-0.7105578997342901	0.7038463234347851
1.3810102358808112e8	0.013248016771273644	-0.7089440339517347	0.7053217253452915
1.3864687743625537e8	0.026990178174898294	-0.7066129020831903	0.7072293580030445
1.3919273128442958e8	0.0405116738004933	-0.7035684446143817	0.7095720014225432
1.3973858513260382e8	0.05379329528941498	-0.6998146020310329	0.712352435618287
1.4028443898077807e8	0.06681583428301743	-0.6953553148188681	0.7155734406047747
1.4083029282895228e8	0.07956008242265482	-0.6901945234636123	0.7192377963965053
1.4137614667712653e8	0.0920090613101007	-0.6843339888498132	0.723343769378166
1.4192200052530077e8	0.1041500414838286	-0.6777735212584436	0.7278719251129114
1.42467854373475e8	0.11596623776406227	-0.6705189357758685	0.7328026058510437
1.4301370822164923e8	0.1274406545577167	-0.6625762956861898	0.7381164039704196
1.4355956206982347e8	0.13855629627170488	-0.6539516642735109	0.743793911848895
1.441054159179977e8	0.14929616731294	-0.6446511048219349	0.7498157218643255
1.4465126976617193e8	0.15964327208833687	-0.6346806806155635	0.7561624263945682
1.4519712361434615e8	0.16958061500480812	-0.6240464549385006	0.7628146178174783
1.457429774625204e8	0.17909120046926846	-0.6127544910748479	0.7697528885109126
1.4628883131069463e8	0.1881580328886311	-0.6008108523087087	0.7769578308527271
1.4683468515886885e8	0.19676411666980925	-0.5882216019241863	0.7844100372207772
1.473805390070431e8	0.20489245621971752	-0.5749928032053822	0.79209009999292
1.4792639285521734e8	0.21252562620628224	-0.5611299026804225	0.7999780934998603
1.4847224670339155e8	0.21963851622838115	-0.5466302711408908	0.8080399134615532
1.490181005515658e8	0.2262156230529464	-0.5315124385039991	0.8162407734771316
1.4956395439974004e8	0.23224602690671078	-0.5158025914395055	0.8245496179148439
1.5010980824791425e8	0.23771880801640735	-0.4995269166171682	0.8329353911429385
1.506556620960885e8	0.24262304660877	-0.48271160070674257	0.8413670375296645
1.5120151594426274e8	0.24694782291053163	-0.46538283037798694	0.8498135014432704
1.5174736979243696e8	0.2506822171484254	-0.4475667923006595	0.8582437272520044
1.522932236406112e8	0.25381530954918496	-0.4292896731445156	0.8666266593241161
1.5283907748878545e8	0.2563361803395434	-0.41057765957931347	0.8749312420278537
1.5338493133695966e8	0.2582339097462339	-0.3914569382748115	0.8831264197314654
1.539307851851339e8	0.25949757799598994	-0.3719536959007648	0.8911811368032008
1.5447663903330815e8	0.26011626531554466	-0.35209411912693184	0.8990643376113081
1.5502249288148236e8	0.26007905193163144	-0.33190439462307086	0.9067449665240357
1.555683467296566e8	0.2593749815422678	-0.31141133231547796	0.9141914542263966
1.5611420057783082e8	0.2579973075918852	-0.29066418982992803	0.9213622081398851
1.5666005442600507e8	0.25595374797442566	-0.26971541745450706	0.9282354851395067
1.572059082741793e8	0.25325470859541815	-0.24861111262861998	0.934798331153928
1.5775176212235352e8	0.24991059536039206	-0.22739737279167155	0.9410377921118156
1.5829761597052777e8	0.24593181417487606	-0.2061202953830631	0.9469409139418374
1.58843469818702e8	0.24132877094439936	-0.18482597784219945	0.9524947425726601
1.5938932366687623e8	0.23611187157449137	-0.16356051760848545	0.9576863239329506
1.5993517751505047e8	0.23029152197068053	-0.1423700121213224	0.9625027039513764
1.6048103136322471e8	0.22387812803849622	-0.12130055882011509	0.9669309285566042
1.6102688521139893e8	0.2168820956834679	-0.10039825514426837	0.9709580436773012
1.6157273905957317e8	0.2093138308111238	-0.07970919853318358	0.9745710952421347
1.6211859290774742e8	0.2011837393269935	-0.05927948642626552	0.9777571291797715
1.6266444675592163e8	0.19250776890692492	-0.03916118636992083	0.9805081324363611
1.6321030060409588e8	0.183316830516643	-0.01940829855546583	0.9828372796776509
1.6375615445227012e8	0.1736359376976277	-0.00005536882510592811	0.9847597332832894