0.	0.	0.	0.	0.
420768.	-3.037426856700165e-7	-1.8397744113718417e-6	-3.537164123823544e-7	-1.914666128421949e-6
841536.	-6.084841721598622e-7	-3.681047321957287e-6	-7.014798381055343e-7	-3.820398216225485e-6
1.262304e6	-9.152392322908653e-7	-5.5253407555966305e-6	-1.0438936738355054e-6	-5.718101567686595e-6
1.683072e6	-1.2250117640277836e-6	-7.374160334028268e-6	-1.381568733305194e-6	-7.6086925662188776e-6
2.10384e6	-1.5387894318763529e-6	-9.228987241316489e-6	-1.7151208666632556e-6	-9.493095104340377e-6
2.524608e6	-1.857538469374198e-6	-0.00001109127043097402	-2.0451686296718563e-6	-0.000011372237088469461
2.945376e6	-2.182198689304471e-6	-0.000012962419145390314	-2.3723310182965918e-6	-0.000013247047040421123
3.366144e6	-2.5136787499269175e-6	-0.000014843795819174943	-2.6972252838985966e-6	-0.000015118450823359275
3.786912e6	-2.8528517179715607e-6	-0.00001673670942969885	-3.020464844016857e-6	-0.000016987368507415113
4.20768e6	-3.200550965809512e-6	-0.000018642409347457978	-3.3426572996209103e-6	-0.000018854711397398027
4.628448e6	-3.5575664357745396e-6	-0.000020562079739328	-3.6644025687149195e-6	-0.000020721379236920967
5.049216e6	-3.924641296615405e-6	-0.000022496834562457657	-3.986291147062282e-6	-0.00002258825759848815
5.469984e6	-4.302469019501487e-6	-0.000024447713178443742	-4.308902498584288e-6	-0.00002445621547408905
5.890752e6	-4.691690875247012e-6	-0.00002641567661521016	-4.632803585535861e-6	-0.000026326103070073437
6.31152e6	-5.092893881286642e-6	-0.000028401604490690957	-4.958547535238722e-6	-0.000028198749811858548
6.732288e6	-5.506609186411993e-6	-0.0000304062925884363	-5.286672450255381e-6	-0.000030074962559689666
7.153056e6	-5.933310891159671e-6	-0.000032430451122444914	-5.617700357896105e-6	-0.00003195552403767454
7.573824e6	-6.373415329163912e-6	-0.00003447470362893945	-5.952136301501376e-6	-0.000033841191467209875
7.994592e6	-6.827280734089669e-6	-0.00003653958650096101	-6.290467562064528e-6	-0.000035732695411794246
8.41536e6	-7.2952073443266485e-6	-0.000038625549147353055	-6.63316301863226e-6	-0.000037630738810801034
8.836128e6	-7.777437890821304e-6	-0.00004073295472639682	-6.980672631384799e-6	-0.00003953599620909465
9.256896e6	-8.274158443843938e-6	-0.00004286208140125147	-7.3334270453973005e-6	-0.00004144911316739108
9.677664e6	-8.785499584940126e-6	-0.000045013124177484265	-7.69183730908729e-6	-0.00004337070584037317
1.0098432e7	-9.311537962131133e-6	-0.00004718619714128014	-8.05629469990965e-6	-0.00004530136071334567
1.05192e7	-9.852298037293927e-6	-0.00004938133612875095	-8.42717064553078e-6	-0.00004724163449210117
1.0939968e7	-0.000010407754124419633	-0.00005159850183267256	-8.804816734930832e-6	-0.00004919205412190486
1.1360736e7	-0.000010977832693104261	-0.00005383758319144061	-9.18956481632538e-6	-0.00005115311692827085
1.1781504e7	-0.000011562414811483457	-0.00005609840108855568	-9.58172716358785e-6	-0.0000531252908716473
1.2202272e7	-0.000012161338769245411	-0.00005838071224528729	-9.981596708952267e-6	-0.00005510901489913511
1.262304e7	-0.000012774402794457629	-0.00006068421344029851	-0.00001038944732290048	-0.000057104699375587487
1.3043808e7	-0.00001340136800087599	-0.00006300854576735126	-0.000010805534167324105	-0.000059112726592758236
1.3464576e7	-0.000014041961282518223	-0.00006535329897849884	-0.000011230094065006746	-0.00006113345132119363
1.3885344e7	-0.000014695878236659077	-0.00006771801602145633	-0.000011663345890089438	-0.00006316720144827759
1.4306112e7	-0.000015362786237482773	-0.00007010219755443359	-0.000012105491024483328	-0.00006521427862293816
1.472688e7	-0.000016042327447451932	-0.00007250530645330766	-0.00001255671381328316	-0.00006727495890712643
1.5147648e7	-0.00001673412179803435	-0.00007492677225429123	-0.000013017182010743866	-0.0000693494935032346
1.5568416e7	-0.00001743776990126289	-0.00007736599550811629	-0.000013487047262561447	-0.00007143810947041196
1.5989184e7	-0.000018152855847497484	-0.00007982235228343182	-0.00001396644558171456	-0.00007354101040546457
1.6409952e7	-0.000018878950225675872	-0.00008229519830293963	-0.000014455497802434714	-0.00007565837715184376
1.683072e7	-0.000019615612766976653	-0.00008478387286270372	-0.000014954310039949625	-0.00007779036850930066
1.7251488e7	-0.000020362394777984072	-0.0000872877028043062	-0.00001546297419208198	-0.00007993712189158231
1.7672256e7	-0.000021118841684653056	-0.0000898060063535544	-0.00001598156829263342	-0.00008209875394737942
1.8093024e7	-0.000021884495532087378	-0.00009233809646025382	-0.0000165101569432613	-0.00008427536126565105
1.8513792e7	-0.000022658897009697476	-0.00009488328437501359	-0.000017048791760898574	-0.00008646702090819858
1.893456e7	-0.00002344158774236771	-0.00009744088224228342	-0.00001759751173968649	-0.00008867379094557037
1.9355328e7	-0.000024232111814348478	-0.00010001020608485511	-0.000018156343549069476	-0.00009089571103859662
1.9776096e7	-0.000025030017415494932	-0.00010259057887518352	-0.00001872530188928856	-0.00009313280294942494
2.0196864e7	-0.000025834859044060465	-0.0001051813325461115	-0.000019304389843322056	-0.00009538507095219195
2.0617632e7	-0.000026646198655444486	-0.0001077818096625327	-0.000019893599087050795	-0.00009765250223425781
2.10384e7	-0.000027463606362299053	-0.00011039136540569316	-0.000020492910227876138	-0.00009993506735672675
2.1459168e7	-0.000028286661539755897	-0.00011300936942482132	-0.000021102292940389233	-0.00010223272057785504
2.1879936e7	-0.000029114954095077472	-0.00011563520677138062	-0.0000217217062316033	-0.0001045454001781243
2.2300704e7	-0.00002994808492451373	-0.00011826827890770719	-0.000022351098729611607	-0.0001068730288480424
2.2721472e7	-0.00003078566614478362	-0.00012090800457165152	-0.000022990408827916475	-0.00010921551370501881
2.314224e7	-0.00003162732192985018	-0.0001235538191491914	-0.00002363956477935414	-0.0001115727467962957
2.3563008e7	-0.00003247268737793796	-0.00012620517581118929	-0.000024298484853191304	-0.00011394460545799401
2.3983776e7	-0.00003332140912304382	-0.00012886154586788656	-0.000024967077568938123	-0.00011633095239105273
2.4404544e7	-0.000034173145927685056	-0.00013152241762393047	-0.000025645241889193926	-0.00011873163573627998
2.4825312e7	-0.00003502756772411075	-0.00013418729505743077	-0.000026332867291478657	-0.00012114648936800698
2.524608e7	-0.0000358843541093945	-0.00013685569748633775	-0.000027029833945091397	-0.00012357533331897042
2.5666848e7	-0.00003674319382662716	-0.00013952715937004534	-0.000027736012608525762	-0.000126017974041992
2.6087616e7	-0.000037603785077555685	-0.00014220122806674063	-0.000028451266002704756	-0.00012847420443085067
2.6508384e7	-0.00003846583392452807	-0.00014487746278957214	-0.000029175447276097444	-0.00013094380424716334
2.6929152e7	-0.000039329052955006105	-0.00014755543299915796	-0.000029908400364764276	-0.0001334265399595136
2.734992e7	-0.00004019316082559676	-0.0001502347154739292	-0.00003064996154300559	-0.00013592216723934403
2.7770688e7	-0.0000410578795067007	-0.0001529148936777469	-0.00003139995975642851	-0.00013843042826489071
2.8191456e7	-0.00004192293379157164	-0.00015559555675170866	-0.000032158216048627786	-0.000140951052362559
2.8612224e7	-0.000042788051267006466	-0.00015827629660403186	-0.000032924543235335335	-0.00014348375842443417
2.9032992e7	-0.00004365296048158829	-0.0001609567044623672	-0.0000336987465130445	-0.00014602825590848134
2.945376e7	-0.00004451738799959859	-0.0001636363693998666	-0.00003448062467226176	-0.00014858424444663676
2.9874528e7	-0.00004538105692664107	-0.00016631487832141634	-0.00003526997082681227	-0.0001511514133365477
3.0295296e7	-0.000046243687745306516	-0.00016899181221730064	-0.00003606657196708607	-0.00015372944201119676
3.0716064e7	-0.00004710499637206045	-0.00017166674472146592	-0.000036870209032202617	-0.00015631800160809117
3.1136832e7	-0.000047964691950674876	-0.0001743392405431088	-0.000037680658553140844	-0.0001589167567184191
3.15576e7	-0.00004882247717619137	-0.00017700885220317542	-0.00003849769259489655	-0.0001615253660534055
3.1978368e7	-0.000049678045200840515	-0.00017967511993544072	-0.00003932107970594512	-0.00016414348198523498
3.2399136e7	-0.000050531079636817466	-0.00018233757141983276	-0.00004015058482398359	-0.00016677075194415636
3.2819904e7	-0.000051381255237292756	-0.00018499571982055762	-0.00004098596999480009	-0.00016940681996302498
3.3240672e7	-0.000052228236916862514	-0.00018764906131396586	-0.00004182699565946635	-0.0001720513271928903
3.366144e7	-0.000053071677772909	-0.0001902970743163923	-0.00004267342168984278	-0.0001747039132453665
3.4082208e7	-0.000053911218157454144	-0.00019293922094776317	-0.00004352500774740253	-0.00017736421654657164
3.4502976e7	-0.000054746486989887266	-0.00019557494662336694	-0.00004438151327001982	-0.0001800318755446062
3.4923744e7	-0.0000555771028533103	-0.00019820367830258867	-0.000045242697904179785	-0.0001827065305356479
3.5344512e7	-0.00005640267187778658	-0.00020082482685823688	-0.0000461083229692516	-0.0001853878250166474
3.576528e7	-0.00005722278976305617	-0.00020343778535492074	-0.00004697815314158582	-0.00018807540610643603
3.6186048e7	-0.000058037041358316444	-0.00020604193034823304	-0.00004785195582501789	-0.00019076892470126783
3.6606816e7	-0.00005884500044794905	-0.0002086366245953597	-0.00004872950184231506	-0.00019346803661157708
3.7027584e7	-0.00005964623240661826	-0.00021122121832417573	-0.00004961056678709497	-0.00019617240496960786
3.7448352e7	-0.00006044029582641386	-0.00021379504969432084	-0.000050494931423838985	-0.00019888170105342162
3.786912e7	-0.0000612267428552471	-0.00021635744602599427	-0.00005138238123802985	-0.000201595603464777
3.8289888e7	-0.00006200511967469069	-0.00021890772660371205	-0.00005227270720575827	-0.00020431380053986814
3.8710656e7	-0.00006277496826623263	-0.00022144520630618114	-0.00005316570744684501	-0.0002070359908394881
3.9131424e7	-0.00006353582932083768	-0.00022396919792555536	-0.00005406118831607909	-0.00020976188252763706
3.9552192e7	-0.00006428724466356339	-0.00022647901399919235	-0.00005495896409923873	-0.00021249119402633188
3.997296e7	-0.00006502875800229457	-0.00022897397147725318	-0.000055858855838031296	-0.00021522365553749978
4.0393728e7	-0.00006575991791557545	-0.00023145339384322838	-0.0000567606908750129	-0.00021795901026588904
4.0814496e7	-0.00006648028043387821	-0.00023391661443239453	-0.00005766430445908188	-0.00022069701453286683
4.1235264e7	-0.0000671894101670345	-0.00023636298146800794	-0.00005856954215455179	-0.00022343743682273765
4.1656032e7	-0.00006788688391401454	-0.0002387918624821017	-0.00005947625756053121	-0.00022618005666252827
4.20768e7	-0.00006857229436962875	-0.00024120264781202216	-0.00006038431110721998	-0.0002289246645871268
4.2497568e7	-0.00006924525275586735	-0.00024359475400015373	-0.00006129357321238427	-0.00023167106372057322
4.2918336e7	-0.00006990539082851743	-0.0002459676280271994	-0.00006220392127564978	-0.00023441907120724803
4.3339104e7	-0.00007055236327146996	-0.00024832075260472486	-0.00006311523914726003	-0.00023716851508270853
4.3759872e7	-0.00007118585113741194	-0.00025065365152321384	-0.00006402741869671047	-0.00023991923351951439
4.418064e7	-0.0000718055659557626	-0.0002529658930858769	-0.0000649403601215015	-0.00024267107703812574
4.4601408e7	-0.00007241125275014859	-0.000255257094058714	-0.00006585397080904887	-0.0002454239051014051
4.5022176e7	-0.00007300269128807102	-0.0002575269263757063	-0.00006676816384654227	-0.00024817758547723834
4.5442944e7	-0.0000735797009084882	-0.000259775118242378	-0.00006768285717440037	-0.0002509319952433975
4.5863712e7	-0.00007414214268908204	-0.0002620014588279318	-0.00006859797358316211	-0.0002536870203744268
4.628448e7	-0.00007468991955827953	-0.00026420580462682697	-0.00006951344090355693	-0.0002564425539737236
4.6705248e7	-0.00007522298135453909	-0.0002663880835258592	-0.00007042919144040205	-0.0002591984943510761
4.7126016e7	-0.00007574132877607997	-0.00026854829686562276	-0.0000713451604860138	-0.00026195474389811846
4.7546784e7	-0.00007624501460223865	-0.00027068652138817484	-0.00007226128577908497	-0.00026471120880477983
4.7967552e7	-0.00007673414382025623	-0.0002728029123989506	-0.00007317750707935833	-0.00026746779879005533
4.838832e7	-0.00007720887469431226	-0.00027489770771382815	-0.00007409376549727398	-0.0002702244258161457
4.8809088e7	-0.00007766942130060794	-0.00027697123040260063	-0.00007501000229792609	-0.00027298100182082674
4.9229856e7	-0.00007811605602725535	-0.0002790238889177621	-0.00007592615806650826	-0.00027573743785003213
4.9650624e7	-0.00007854910976223817	-0.00028105617714524467	-0.00007684217245707003	-0.0002784936445651143
5.0071392e7	-0.00007896897040471362	-0.00028306867847516237	-0.00007775798362885666	-0.0002812495288834205
5.049216e7	-0.00007937608436636712	-0.0002850620614424093	-0.00007867352727597421	-0.0002840049925707522
5.0912928e7	-0.00007977095698830095	-0.00028703707799648814	-0.0000795887355291569	-0.00028675993363613816
5.1333696e7	-0.00008015414676221244	-0.0002889945658193227	-0.00008050353602762073	-0.00028951424485545996
5.1754464e7	-0.00008052626639676319	-0.0002909354477768078	-0.00008141785129667234	-0.0002922678115833133
5.2175232e7	-0.00008088798419125798	-0.00029286072741374625	-0.00008233159833948012	-0.0002950205100558101
5.2596e7	-0.00008124002167597677	-0.0002947714828540615	-0.00008324468819265185	-0.0002977722064300137
5.3016768e7	-0.00008158314823769608	-0.0002966688620504865	-0.0000841570251927104	-0.00030052275629988134
5.3437536e7	-0.00008191817576075344	-0.00029855408039025644	-0.00008506850593326121	-0.0003032720042568382
5.3858304e7	-0.00008224595587635886	-0.0003004284181298278	-0.00008597901840068367	-0.0003060197831539213
5.4279072e7	-0.0000825673794668802	-0.0003022932121420352	-0.00008688844199100654	-0.0003087659129712428
5.469984e7	-0.00008288337334017015	-0.00030414984732796135	-0.00008779664706293211	-0.0003115101994670688
5.5120608e7	-0.00008319489080943487	-0.0003059997538247261	-0.00008870349318823578	-0.0003142524330139729
5.5541376e7	-0.00008350290960512652	-0.00030784439667463914	-0.00008960883006015052	-0.0003169923880397274
5.5962144e7	-0.00008380842752764295	-0.0003096852663511118	-0.00009051249719327359	-0.00031972982317196585
5.6382912e7	-0.00008411245319561722	-0.0003115238738814474	-0.00009141432269510474	-0.000322464481369078
5.680368e7	-0.00008441600203124011	-0.00031336174528739935	-0.00009231412262511451	-0.0003251960880098492
5.7224448e7	-0.00008472009408833081	-0.0003152004123233576	-0.00009321170104892307	-0.00032792435003403675
5.7645216e7	-0.00008502574920465911	-0.00031704140070476505	-0.00009410685031185917	-0.0003306489568529747
5.8065984e7	-0.00008533397875065685	-0.00031888622004150324	-0.0000949993510545033	-0.00033336957939855694
5.8486752e7	-0.00008564577710767907	-0.00032073635890850216	-0.00009588897182277734	-0.0003360858707119885
5.890752e7	-0.00008596211722355918	-0.0003225932816004473	-0.00009677546855579866	-0.00033879746547049727
5.9328288e7	-0.00008628395066068162	-0.00032445841483552673	-0.00009765858447785547	-0.0003415039797548536
5.9749056e7	-0.0000866122022895599	-0.0003263331409445458	-0.00009853805074588884	-0.0003442050113647843
6.0169824e7	-0.00008694776002882154	-0.0003282187938663528	-0.00009941358733689398	-0.0003469001404251548
6.0590592e7	-0.0000872914763329069	-0.00033011664842685917	-0.0001002849024154262	-0.0003495889299510724
6.101136e7	-0.00008764416093265393	-0.00033202791568331946	-0.0001011516923167255	-0.0003522709262420154
6.1432128e7	-0.00008800657595264827	-0.00033395374053846183	-0.00010201364358231046	-0.000354945659273076
6.1852896e7	-0.00008837943581130325	-0.0003358951974991031	-0.00010287043227297232	-0.00035761264343769916
6.2273664e7	-0.0000887634060632303	-0.00033785328461322095	-0.00010372172398143142	-0.0003602713788851686
6.2694432e7	-0.0000891590998964853	-0.00033982891794492875	-0.00010456717553231076	-0.0003629213530993436
6.31152e7	-0.00008956707401452935	-0.0003418229291398678	-0.00010540643656720139	-0.00036556204178062046
6.3535968e7	-0.00008998782644142889	-0.00034383606637256037	-0.00010623915045371302	-0.0003681929080183721
6.3956736e7	-0.00009042179751295176	-0.0003458689940802895	-0.00010706495476953126	-0.000370813410434212
6.4377504e7	-0.00009086937199298539	-0.0003479222878753907	-0.00010788348189283425	-0.0003734230000415062
6.4798272e7	-0.00009133087652291039	-0.00034999643726452145	-0.00010869436013305478	-0.00037602111828538565
6.521904e7	-0.00009180657876095566	-0.00035209184564477525	-0.0001094972154842555	-0.00037860720276694515
6.5639808e7	-0.000092296691009075	-0.0003542088288747136	-0.00011029167368381554	-0.00038118069281889433
6.6060576e7	-0.00009280136805422945	-0.00035634761894254297	-0.00011107736203097573	-0.00038374103223737244
6.6481344e7	-0.00009332070894496614	-0.0003585083675277101	-0.00011185391057966232	-0.00038628766973236583
6.6902112e7	-0.00009385476075862709	-0.0003606911478949426	-0.0001126209531207012	-0.0003888200590118629
6.732288e7	-0.00009440352092116022	-0.00036289595625316196	-0.00011337812999878683	-0.00039133766030285955
6.7743648e7	-0.00009496693818489277	-0.0003651227142092983	-0.00011412508786357023	-0.000393839944053731
6.8164416e7	-0.00009554491374386131	-0.0003673712730558609	-0.00011486148666806084	-0.0003963263961439534
6.8585184e7	-0.00009613730372015628	-0.00036964141913420345	-0.0001155869997327974	-0.0003987965227884027
6.9005952e7	-0.00009674392310565771	-0.00037193287807257835	-0.00011630130931417071	-0.00040124985314959893
6.942672e7	-0.00009736454977493647	-0.00037424531689367324	-0.00011700411178161563	-0.00040368593917727846
6.9847488e7	-0.00009799892622852635	-0.00037657834960824754	-0.00011769512359938172	-0.00040610435611587725
7.0268256e7	-0.00009864676129567318	-0.000378931542245442	-0.00011837408442294528	-0.0004085047115593987
7.0689024e7	-0.00009930773577504493	-0.0003813044147836786	-0.0001190407574116481	-0.00041088664466837344
7.1109792e7	-0.00009998150315748688	-0.00038369644679014936	-0.00011969492858154851	-0.0004132498316552491
7.153056e7	-0.00010066769168282086	-0.00038610708359987367	-0.00012033640712161287	-0.0004155939910818196
7.1951328e7	-0.00010136590938980561	-0.0003885357408957013	-0.00012096502763314643	-0.0004179188799522393
7.2372096e7	-0.00010207574818699161	-0.0003909818078794425	-0.0001215806538122921	-0.0004202242941384604
7.2792864e7	-0.00010279678599611763	-0.0003934446503204292	-0.00012218318188172983	-0.00042251007257798623
7.3213632e7	-0.00010352858799178577	-0.0003959236146489076	-0.0001227725418369019	-0.00042477610296742796
7.36344e7	-0.00010427070845642206	-0.0003984180332309295	-0.00012334869612173893	-0.000427022326543236
7.4055168e7	-0.00010502269405132658	-0.00040092722946161174	-0.0001239116395190809	-0.00042924874031824434
7.4475936e7	-0.00010578408785621995	-0.0004034505202612504	-0.0001244614036677305	-0.0004314553964099854
7.4896704e7	-0.00010655443208973381	-0.0004059872171856549	-0.00012499805499344152	-0.0004336423994064642
7.5317472e7	-0.00010733326793277431	-0.00040853663444617716	-0.00012552169679791447	-0.00043580990365976735
7.573824e7	-0.00010812013752459215	-0.0004110980884256543	-0.00012603247022002773	-0.00043795811263480644
7.6159008e7	-0.00010891459035600182	-0.000413670896798668	-0.0001265305511988224	-0.0004400872816726631
7.6579776e7	-0.00010971617751165397	-0.0004162543854553391	-0.00012701614945043183	-0.00044219772353470965
7.7000544e7	-0.00011052445402870426	-0.00041884789349933005	-0.00012748951027374833	-0.0004442898127483552
7.7421312e7	-0.00011133898499238182	-0.0004214507738998785	-0.00012795091670836367	-0.0004463639800051933
7.784208e7	-0.00011215934788288973	-0.00042406239206016494	-0.00012840068942199245	-0.0004484206965540416
7.8262848e7	-0.00011298513101309915	-0.00042668212553897966	-0.0001288391834637359	-0.00045046048692432006
7.8683616e7	-0.00011381593121184697	-0.0004293093664216041	-0.00012926678336155906	-0.0004524839243292833
7.9104384e7	-0.00011465135373844859	-0.0004319435249371395	-0.0001296838996868166	-0.00045449162774557905
7.9525152e7	-0.00011549101496888259	-0.0004345840308610516	-0.00013009096987048885	-0.0004564842579571904
7.994592e7	-0.0001163345453459863	-0.0004372303308324277	-0.0001304884625162872	-0.0004584625151453636
8.0366688e7	-0.00011718158862539241	-0.0004398818872911603	-0.0001308768765597712	-0.00046042713753524644
8.0787456e7	-0.00011803179805014441	-0.000442538182873653	-0.00013125672765523788	-0.0004623788995381517
8.1208224e7	-0.00011888483812982908	-0.0004451987158267112	-0.0001316285528193406	-0.0004643186082365913
8.1628992e7	-0.00011974038652851071	-0.00044786299654242523	-0.00013199291041521288	-0.00046624709826004196
8.204976e7	-0.00012059812760001343	-0.00045053055049093516	-0.00013235037296899232	-0.00046816522635695357
8.2470528e7	-0.00012145775242433654	-0.0004532009203780385	-0.00013270152449085248	-0.0004700738675689209
8.2891296e7	-0.0001223189621990528	-0.0004558736640628558	-0.0001330469605285156	-0.00047197391406439415
8.3312064e7	-0.00012318146905498928	-0.0004585483492351994	-0.00013338728729217486	-0.00047386627469958587
8.3732832e7	-0.00012404499256823964	-0.00046122454879360397	-0.00013372311906634238	-0.00047575186855264295
8.41536e7	-0.00012490925445229895	-0.0004639018406995543	-0.0001340550745788649	-0.00047763161697078615
8.4574368e7	-0.00012577397599677909	-0.00046657981173159335	-0.00013438377341334906	-0.00047950644763894434
8.4995136e7	-0.00012663888094599507	-0.0004692580556577841	-0.00013470983329633146	-0.00048137728907260424
8.5415904e7	-0.0001275036992887113	-0.00047193616348406575	-0.0001350338684952268	-0.0004832450613452277
8.5836672e7	-0.00012836815923744638	-0.0004746137276510076	-0.0001353564889057246	-0.00048511067618228765
8.625744e7	-0.00012923198533132396	-0.0004772903388197136	-0.00013567829895821948	-0.0004869750377858306
8.6678208e7	-0.00013009490202631202	-0.00047996557969265385	-0.00013599989545165503	-0.0004888390408843701
8.7098976e7	-0.00013095662710804756	-0.00048263902545919724	-0.00013632186442780192	-0.0004907035664269976
8.7519744e7	-0.00013181687013663623	-0.0004853102455294467	-0.0001366447796768977	-0.0004925694768685984
8.7940512e7	-0.00013267533506089446	-0.0004879788022267295	-0.00013696920334382856	-0.0004944376128550587
8.836128e7	-0.0001335317211961229	-0.0004906442461490856	-0.00013729568266340753	-0.0004963087920137887
8.8782048e7	-0.0001343857206114185	-0.0004933061113943094	-0.00013762474820699921	-0.0004981838092035229
8.9202816e7	-0.0001352370137480685	-0.0004959639148091055	-0.00013795691435625201	-0.0005000634365907031
8.9623584e7	-0.00013608526713027036	-0.0004986171600811495	-0.00013829267925669075	-0.0005019484219309645
9.0044352e7	-0.0001369301358808972	-0.0005012653384299792	-0.0001386325237409114	-0.0005038394849780081
9.046512e7	-0.0001377712680596943	-0.0005039079203317254	-0.00013897690982977995	-0.000505737315506738
9.0885888e7	-0.0001386082998156013	-0.000506544360647565	-0.00013932627962731647	-0.0005076425768836268
9.1306656e7	-0.00013944085341266454	-0.0005091740974196846	-0.00013968105507111694	-0.0005095559039679509
9.1727424e7	-0.00014026854248128107	-0.0005117965481071796	-0.00014004163842018524	-0.0005114778998520642
9.2148192e7	-0.00014109096704373325	-0.0005144111130440665	-0.0001404084128618921	-0.0005134091383285355
9.256896e7	-0.0001419077143148817	-0.0005170171786357258	-0.00014078174249410047	-0.0005153501651266046
9.2989728e7	-0.0001427183626750983	-0.0005196141177503666	-0.0001411619714217771	-0.0005173014968220535
9.3410496e7	-0.00014352248338811435	-0.0005222012886721972	-0.00014154942301003448	-0.0005192636198609879
9.3831264e7	-0.00014431963997374453	-0.0005247780350392528	-0.00014194440157111465	-0.0005212369905399639
9.4252032e7	-0.00014510938735101675	-0.0005273436882687887	-0.00014234719323880096	-0.0005232220358531992
9.46728e7	-0.00014589127274233782	-0.0005298975719716381	-0.00014275806354902	-0.0005252191546872842
9.5093568e7	-0.00014666483881975445	-0.0005324390054967099	-0.00014317725953938432	-0.0005272287188247127
9.5514336e7	-0.00014742962751457256	-0.000534967303379541	-0.0001436050115619647	-0.0005292510734522526
9.5935104e7	-0.00014818518116344048	-0.0005374817785491759	-0.0001440415324506228	-0.0005312865372276709
9.6355872e7	-0.00014893104182511774	-0.0005399817475337798	-0.00014448701689540044	-0.0005333354022927228
9.677664e7	-0.00014966675628869108	-0.0005424665306750232	-0.00014494164188449954	-0.0005353979347749727
9.7197408e7	-0.0001503918776206703	-0.0005449354559429187	-0.00014540556788644743	-0.000537474376131164
9.7618176e7	-0.00015110596543499444	-0.0005473878646596875	-0.0001458789400520244	-0.0005395649449810858
9.8038944e7	-0.00015180859010066605	-0.000549823116120951	-0.00014636188886074653	-0.0005416698376612405
9.8459712e7	-0.00015249933712002672	-0.0005522405907464334	-0.00014685453009410931	-0.0005437892263131516
9.888048e7	-0.00015317780992485375	-0.000554639692822767	-0.00014735696451473324	-0.0005459232622850863
9.9301248e7	-0.0001538436314457714	-0.0005570198541710036	-0.0001478692779429691	-0.0005480720750146162
9.9722016e7	-0.0001544964457682596	-0.000559380539413068	-0.0001483915422771931	-0.0005502357738134123
1.00142784e8	-0.00015513592106775054	-0.0005617212521712434	-0.00014892381715070346	-0.0005524144486247495
1.00563552e8	-0.00015576175403708703	-0.0005640415398401322	-0.0001494661501253436	-0.0005546081700034122
1.0098432e8	-0.00015637367446186268	-0.0005663409952607612	-0.00015001857477736635	-0.00055681698942045
1.01405088e8	-0.00015697144707826904	-0.0005686192624998476	-0.00015058111309251831	-0.0005590409399964802
1.01825856e8	-0.00015755487179502925	-0.0005708760439817606	-0.00015115377559826726	-0.0005612800373427929
1.02246624e8	-0.00015812379121571407	-0.0005731110985363053	-0.00015173656072620112	-0.0005635342801625365
1.02667392e8	-0.00015867809100633679	-0.0005753242472869013	-0.0001523294552631116	-0.0005658036504661013
1.0308816e8	-0.0001592176982606608	-0.0005775153813530887	-0.00015293243521374844	-0.0005680881135451399
1.03508928e8	-0.00015974258798467922	-0.0005796844661578593	-0.00015354546633217225	-0.0005703876180553902
1.03929696e8	-0.0001602527884044802	-0.0005818315426179277	-0.00015416850418070727	-0.0005727020965599072
1.04350464e8	-0.00016074838219115595	-0.0005839567278000946	-0.00015480149392710363	-0.000575031466517828
1.04771232e8	-0.00016122950536989755	-0.0005860602172692575	-0.0001554443701872188	-0.0005773756308417033
1.05192e8	-0.0001616963469304178	-0.0005881422893000421	-0.00015609705714425548	-0.0005797344770599455
1.05612768e8	-0.0001621491508146944	-0.0005902033088077685	-0.00015675946896243076	-0.0005821078750348763
1.06033536e8	-0.00016258821935222212	-0.0005922437280500015	-0.00015743151029568025	-0.000584495686802966
1.06454304e8	-0.00016301391512207886	-0.0005942640845317815	-0.00015811307658075702	-0.0005868977583133317
1.06875072e8	-0.00016342665892132846	-0.0005962650018859206	-0.0001588040539245439	-0.000589313915672407
1.0729584e8	-0.00016382692715699587	-0.0005982471939943723	-0.00015950431889311112	-0.0005917439704086203
1.07716608e8	-0.00016421525521947977	-0.0006002114562660976	-0.0001602137394616232	-0.0005941877240061011
1.08137376e8	-0.00016459223554976532	-0.0006021586642199761	-0.00016093217172485907	-0.0005966449685672615
1.08558144e8	-0.00016495850989861616	-0.0006040897761792063	-0.00016165946935720044	-0.000599115484444579
1.08978912e8	-0.000165314770653735	-0.0006060058324028894	-0.0001623954767081548	-0.0006015990373072766
1.0939968e8	-0.00016566176284404932	-0.0006079079492060657	-0.0001631400239738845	-0.0006040953769405055
1.09820448e8	-0.00016600028174151849	-0.0006097973106689025	-0.0001638929320865179	-0.0006066042387530279
1.10241216e8	-0.0001663311661938005	-0.0006116751617992744	-0.0001646540173981803	-0.0006091253471973701
1.10661984e8	-0.00016665529109738397	-0.0006135428053934966	-0.00016542309273970268	-0.0006116584188657903
1.11082752e8	-0.0001669735629349356	-0.0006154016007291485	-0.00016619996545053084	-0.0006142031627479616
1.1150352e8	-0.0001672869196314153	-0.0006172529566290663	-0.00016698443468410318	-0.0006167592768908658
1.11924288e8	-0.00016759633022689346	-0.0006190983174975129	-0.0001677762902172475	-0.0006193264453819847
1.12345056e8	-0.00016790278420020233	-0.0006209391609243164	-0.00016857531376412993	-0.0006219043457527107
1.12765824e8	-0.0001682072841230342	-0.0006227769904367797	-0.00016938128209731396	-0.0006244926490485136
1.13186592e8	-0.00016851084637015123	-0.0006246133222665984	-0.00017019396990602953	-0.0006270910174636102
1.1360736e8	-0.00016881449102834623	-0.0006264496786388962	-0.00017101315008427598	-0.0006296991109289163
1.14028128e8	-0.0001691192343583614	-0.0006282875837864133	-0.00017183859096214782	-0.0006323165841395362
1.14448896e8	-0.00016942608693049088	-0.0006301285572488657	-0.00017267005479237874	-0.0006349430832850445
1.14869664e8	-0.0001697360513885915	-0.0006319741029237047	-0.00017350730421117344	-0.0006375782469183466
1.15290432e8	-0.00017005011631221478	-0.0006338256967599598	-0.00017435009947563973	-0.0006402217104110042
1.157112e8	-0.00017036924704205703	-0.0006356847782074126	-0.00017519819980271745	-0.0006428731111826069
1.16131968e8	-0.00017069437777395002	-0.0006375527480597665	-0.00017605136628362494	-0.0006455320918723473
1.16552736e8	-0.00017102640924082646	-0.000639430965929888	-0.00017690935945591235	-0.0006481983000007352
1.16973504e8	-0.00017136621066438096	-0.0006413207346898098	-0.00017777193800749824	-0.0006508713846816727
1.17394272e8	-0.00017171461314258174	-0.0006432232975301932	-0.0001786388611445533	-0.0006535509927783067
1.1781504e8	-0.0001720723999334428	-0.0006451398346787318	-0.00017950989260639982	-0.0006562367677962477
1.18235808e8	-0.0001724403105850536	-0.0006470714531144894	-0.00018038480328552708	-0.0006589283540906488
1.18656576e8	-0.00017281903338217663	-0.0006490191841135307	-0.00018126337069568343	-0.0006616254059906845
1.19077344e8	-0.00017320920150343255	-0.0006509839828541253	-0.00018214537589045232	-0.0006643275956784711
1.19498112e8	-0.0001736113945807194	-0.0006529667257423322	-0.00018303060058222353	-0.0006670346048296416
1.1991888e8	-0.000174026138875627	-0.0006549682058143436	-0.00018391882790047553	-0.0006697461106455194
1.20339648e8	-0.00017445390483761258	-0.0006569891286881679	-0.00018480984826885205	-0.0006724618053579601
1.20760416e8	-0.00017489510393697838	-0.0006590301114580699	-0.00018570346610125021	-0.0006751813922782901
1.21181184e8	-0.00017535008728142287	-0.0006610916849468795	-0.00018659949359800532	-0.0006779045843356979
1.21601952e8	-0.00017581914725528502	-0.0006631742961797915	-0.0001874977434569436	-0.000680631103828544
1.2202272e8	-0.00017630252084077647	-0.0006652783054266198	-0.00018839804014547656	-0.0006833606841227802
1.22443488e8	-0.00017680039004397408	-0.000667403987382853	-0.00018930021755092508	-0.0006860930716476865
1.22864256e8	-0.00017731287948441476	-0.0006695515357449944	-0.00019020411461723175	-0.0006888280269140568
1.23285024e8	-0.00017784006127741225	-0.0006717210619112679	-0.00019110957674473017	-0.0006915653240285868
1.23705792e8	-0.00017838195572827953	-0.0006739125981974903	-0.00019201645845345894	-0.0006943047490719501
1.2412656e8	-0.00017893853131745185	-0.000676126103149266	-0.00019292462460152038	-0.0006970460984351279
1.24547328e8	-0.00017950970886604356	-0.0006783614654900516	-0.00019383394977778856	-0.0006997891784347177
1.24968096e8	-0.0001800953655359816	-0.0006806185066386972	-0.00019474431664046055	-0.0007025338069219789
1.25388864e8	-0.00018069533715259212	-0.0006828969831823573	-0.0001956556142753696	-0.0007052798157818341
1.25809632e8	-0.0001813094195558529	-0.000685196590650361	-0.00019656773738652156	-0.0007080270498955876
1.262304e8	-0.00018193737040594904	-0.0006875169689315452	-0.000197480586570431	-0.0007107753613937451
1.26651168e8	-0.00018257891242812185	-0.0006898577082463664	-0.00019839406926103198	-0.0007135246119753802
1.27071936e8	-0.00018323373792339392	-0.000692218353157803	-0.00019930810037938063	-0.0007162746770015271
1.27492704e8	-0.00018390151285363476	-0.0006945984046382581	-0.00020022260143814918	-0.0007190254367104298
1.27913472e8	-0.00018458187794656578	-0.0006969973271341301	-0.00020113749780281687	-0.0007217767756788618
1.2833424e8	-0.00018527445071436777	-0.0006994145527778883	-0.0002020527183425047	-0.0007245285858688
1.28755008e8	-0.00018597883226323386	-0.0007018494822961241	-0.00020296819753995443	-0.0007272807677498605
1.29175776e8	-0.00018669460592257714	-0.0007043014914261958	-0.00020388387218839288	-0.0007300332285706812
1.29596544e8	-0.00018742133923577153	-0.000706769937437679	-0.00020479967974251778	-0.0007327858790935338
1.30017312e8	-0.00018815858991261258	-0.0007092541631570359	-0.0002057155593890858	-0.00073553863063891
1.3043808e8	-0.00018890590995901402	-0.0007117534990833674	-0.00020663145247745707	-0.0007382913936797575
1.30858848e8	-0.00018966284696841917	-0.0007142672654757432	-0.00020754730152827694	-0.0007410440780839522
1.31279616e8	-0.00019042894426446466	-0.0007167947758950355	-0.0002084630484129324	-0.0007437965939766089
1.31700384e8	-0.00019120374204750767	-0.0007193353421905968	-0.000209378632661128	-0.000746548851601081
1.32121152e8	-0.00019198678048082396	-0.0007218882791801828	-0.00021029399056093911	-0.0007493007589757239
1.3254192e8	-0.0001927776036874107	-0.0007244529064910354	-0.00021120905510874088	-0.0007520522179926825
1.32962688e8	-0.00019357576213896444	-0.0007270285483491623	-0.0002121237562596745	-0.0007548031232420538
1.33383456e8	-0.00019438081187184153	-0.0007296145391724185	-0.0002130380206307736	-0.000757553365442587
1.33804224e8	-0.00019519231424625083	-0.0007322102269105013	-0.00021395177007055288	-0.0007603028291010006
1.34224992e8	-0.0001960098434294899	-0.0007348149668245929	-0.00021486491953826015	-0.0007630513851655252
1.3464576e8	-0.00019683298147166184	-0.0007374281266662175	-0.00021577737667921593	-0.0007657988959229867
1.35066528e8	-0.00019766131593601521	-0.0007400490928115566	-0.00021668904338867367	-0.0007685452162127238
1.35487296e8	-0.00019849444588337928	-0.0007426772716176977	-0.00021759981380931048	-0.0007712901902262592
1.35908064e8	-0.000199331985790141	-0.0007453120868305962	-0.00021850957131730464	-0.0007740336483049726
1.36328832e8	-0.00020017356453783108	-0.0007479529766647453	-0.00021941819174575716	-0.0007767754053685794
1.367496e8	-0.00020101882165191043	-0.0007505993936531841	-0.00022032554280160266	-0.0007795152609159084
1.37170368e8	-0.00020186740460825803	-0.0007532508076095734	-0.00022123148187191966	-0.0007822529997396632
1.37591136e8	-0.0002027189697119125	-0.0007559067085751714	-0.00022213585464925245	-0.0007849883923674028
1.38011904e8	-0.00020357318573538397	-0.0007585666045858419	-0.00022303849501870143	-0.0007877211945869211
1.38432672e8	-0.00020442973566314748	-0.0007612300161626839	-0.0002239392256434547	-0.000790451145996296
1.3885344e8	-0.00020528831095589783	-0.000763896479306414	-0.00022483785843618875	-0.0007931779681290552
1.39274208e8	-0.0002061486095392695	-0.0007665655451387643	-0.00022573419436566766	-0.0007959013631025913
1.39694976e8	-0.00020701034021419762	-0.000769236772762083	-0.00022662802257122916	-0.0007986210137069794
1.40115744e8	-0.0002078732172120512	-0.0007719097291176702	-0.00022751911929308477	-0.0008013365851354814
1.40536512e8	-0.0002087369565055841	-0.0007745839917276953	-0.00022840724742190233	-0.0008040477269536384
1.4095728e8	-0.00020960127828439923	-0.0007772591485608604	-0.00022929215726219532	-0.0008067540711470533
1.41378048e8	-0.00021046590927398245	-0.0007799347933404865	-0.00023017358815258238	-0.0008094552276969313
1.41798816e8	-0.00021133058085087697	-0.0007826105190825716	-0.0002310512686197752	-0.0008121507905810565
1.42219584e8	-0.00021219502350844355	-0.000785285914927103	-0.00023192491341794685	-0.0008148403359521383
1.42640352e8	-0.00021305896205914276	-0.0007879605691140101	-0.00023279422624256085	-0.0008175234225260564
1.4306112e8	-0.00021392211632176306	-0.0007906340723536909	-0.00023365890070015105	-0.0008201995922821892
1.43481888e8	-0.00021478420664167164	-0.0007933060074708509	-0.00023451861909784544	-0.0008228683714645024
1.43902656e8	-0.00021564495145909301	-0.0007959759485440809	-0.00023537305294130118	-0.0008255292716354834
1.44323424e8	-0.0002165040580216493	-0.0007986434635511852	-0.0002362218646521086	-0.0008281817906836686
1.44744192e8	-0.00021736122944016056	-0.000801308106766041	-0.00023706470900974885	-0.0008308254138252869
1.4516496e8	-0.00021821616007478006	-0.0008039694176664725	-0.0002379012339398523	-0.0008334596147263618
1.45585728e8	-0.0002190685314725771	-0.0008066269235322832	-0.00023873108090910478	-0.0008360838568697293
1.46006496e8	-0.000219918015105125	-0.0008092801399440797	-0.0002395538854322865	-0.0008386975952339171
1.46427264e8	-0.00022076427465034243	-0.0008119285679322186	-0.00024036927809656383	-0.000841300278258017
1.46848032e8	-0.00022160696494188947	-0.0008145716898796396	-0.00024117688620373112	-0.000843891349970538
1.472688e8	-0.00022244572866414458	-0.0008172089676772298	-0.00024197633577038857	-0.0008464702521308043
1.47689568e8	-0.00022328019383444087	-0.0008198398452843314	-0.00024276725339078542	-0.0008490364263126216
1.48110336e8	-0.0002241099747649633	-0.0008224637531268897	-0.00024354926753911155	-0.0008515893168213884
1.48531104e8	-0.0002249346762843718	-0.0008250801049071166	-0.00024432200948332206	-0.0008541283676014588
1.48951872e8	-0.00022575389530521406	-0.000827688294967821	-0.0002450851154682798	-0.0008566530382657644
1.4937264e8	-0.00022656721537750446	-0.0008302877047416946	-0.00024583822782453524	-0.000859162800520008
1.49793408e8	-0.00022737421110929912	-0.0008328776992788667	-0.00024658099726637683	-0.0008616571296404807
1.50214176e8	-0.00022817444935696596	-0.0008354576280168446	-0.0002473130928072331	-0.0008641355124047179
1.50634944e8	-0.00022896748650236276	-0.0008380268295741233	-0.0002480341901224259	-0.0008665974572362733
1.51055712e8	-0.00022975287192217309	-0.0008405846349079926	-0.00024874397413066074	-0.0008690425001929292
1.5147648e8	-0.0002305301517941949	-0.0008431303682350233	-0.0002494421468945962	-0.0008714702061421997
1.51897248e8	-0.00023129887061879018	-0.0008456633474864805	-0.00025012843342131497	-0.0008738801674409435
1.52318016e8	-0.00023205857128916207	-0.0008481828862120233	-0.00025080258344856166	-0.000876272003187184
1.52738784e8	-0.00023280879560005907	-0.0008506882976422325	-0.0002514643704533137	-0.0008786453612420475
1.53159552e8	-0.00023354908653405726	-0.0008531788998697998	-0.00025211359028010083	-0.0008809999234064003
1.5358032e8	-0.00023427899223338322	-0.0008556540194986084	-0.00025275006146552315	-0.0008833354121486892
1.54001088e8	-0.00023499806992133276	-0.0008581129923551645	-0.0002533736280425636	-0.0008856515959282385
1.54421856e8	-0.0002357058869744133	-0.0008605551686097224	-0.00025398416397548473	-0.0008879482903664249
1.54842624e8	-0.0002364020216722995	-0.0008629799182034992	-0.00025458157710367413	-0.0008902253551925643
1.55263392e8	-0.00023708606937222765	-0.0008653866315083691	-0.0002551658103019383	-0.0008924826930517549
1.5568416e8	-0.00023775764324085458	-0.0008677747243275302	-0.00025573683933077795	-0.0008947202607938465
1.56104928e8	-0.00023841637514609992	-0.0008701436444736865	-0.00025629467141363715	-0.0008969380667638305
1.56525696e8	-0.00023906192090872302	-0.0008724928768982787	-0.00025683935129727775	-0.0008991361704165923
1.56946464e8	-0.00023969396514500474	-0.0008748219470687824	-0.00025737095907629737	-0.0009013146878192879
1.57367232e8	-0.00024031222397369323	-0.0008771304238136546	-0.00025788961083650364	-0.0009034737892198441
1.57788e8	-0.0002409164462995328	-0.000879417923116188	-0.0002583954614795436	-0.0009056136956508976
1.58208768e8	-0.00024150641534836925	-0.0008816841135361742	-0.00025888870140911013	-0.0009077346795265395
1.58629536e8	-0.00024208195173613944	-0.0008839287224521319	-0.00025936955382654947	-0.000909837068072683
1.59050304e8	-0.00024264291800835114	-0.0008861515406679565	-0.000259838275769253	-0.0009119212461413673
1.59471072e8	-0.00024318922291166611	-0.0008883524234464257	-0.00026029516096137684	-0.0009139876555628312
1.5989184e8	-0.0002437208226265808	-0.0008905312947580235	-0.0002607405412201613	-0.0009160367904345046
1.60312608e8	-0.000244237720154028	-0.0008926881557065336	-0.00026117478435760955	-0.0009180691903898364
1.60733376e8	-0.0002447399722407262	-0.0008948230797999335	-0.00026159828896177295	-0.0009200854356656851
1.61154144e8	-0.0002452276899357342	-0.0008969362167777772	-0.00026201147880688946	-0.0009220861474752429
1.61574912e8	-0.00024570103399235155	-0.0008990278001397289	-0.00026241480064159717	-0.0009240719936285391
1.6199568e8	-0.00024616022065493404	-0.0009010981506064608	-0.0002628087274590962	-0.0009260436914352299
1.62416448e8	-0.0002466055267569267	-0.0009031476752076051	-0.0002631937638671866	-0.0009280019907003112
1.62837216e8	-0.00024703728988473284	-0.0009051768651036074	-0.00026357044001146246	-0.0009299476682987917
1.63257984e8	-0.0002474559052714209	-0.0009071862951857135	-0.00026393929714207953	-0.0009318815367932443
1.63678752e8	-0.0002478618230310481	-0.0009091766261175582	-0.00026430089733131545	-0.0009338044356924646
1.6409952e8	-0.0002482555481356785	-0.0009111486064913299	-0.00026465582072865423	-0.0009357172242328016
1.64520288e8	-0.0002486376425555603	-0.0009131030713127597	-0.0002650046569184772	-0.0009376207798277303
1.64941056e8	-0.00024900872610333913	-0.0009150409363474221	-0.0002653480035349487	-0.000939515997159357
1.65361824e8	-0.0002493694722198736	-0.0009169631957626212	-0.00026568646709468347	-0.000941403785556516
1.65782592e8	-0.00024972060249850436	-0.0009188709236039871	-0.00026602066214098663	-0.0009432850646210467
1.6620336e8	-0.0002500628882539102	-0.0009207652636108454	-0.0002663512082419217	-0.0009451607591047795
1.66624128e8	-0.00025039714713981365	-0.0009226474230373816	-0.0002666787259660852	-0.0009470317941935313
1.67044896e8	-0.0002507242336718951	-0.0009245186720661103	-0.0002670038332488467	-0.0009488990919530593
1.67465664e8	-0.00025104503767592323	-0.0009263803413483984	-0.0002673271430259083	-0.0009507635690180205
1.67886432e8	-0.0002513604847058648	-0.000928233814487367	-0.0002676492621452864	-0.0009526261349465104
1.683072e8	-0.00025167153278848886	-0.0009300805168886983	-0.00026797079077534036	-0.0009544876902335409
1.68727968e8	-0.00025197916439689827	-0.0009319219053368633	-0.0002682923212198318	-0.0009563491230077936
1.69148736e8	-0.00025228437681512617	-0.00093375946234453	-0.0002686144355619202	-0.0009582113047486018
1.69569504e8	-0.00025258817588136306	-0.0009355946946623117	-0.000268937703245653	-0.000960075088443979
1.69990272e8	-0.0002528915756635497	-0.0009374291258354983	-0.0002692626798657116	-0.0009619413088449713
1.7041104e8	-0.00025319559856318286	-0.0009392642787375838	-0.00026958990682135475	-0.0009638107781454464
1.70831808e8	-0.00025350126174339405	-0.0009411016739945266	-0.0002699199099371885	-0.0009656842836761603
1.71252576e8	-0.00025380957137366433	-0.0009429428213785229	-0.0002702531971993105	-0.0009675625880986027
1.71673344e8	-0.000254121522608175	-0.0009447892069338604	-0.0002705902588560072	-0.0009694464291658544
1.72094112e8	-0.0002544380887798958	-0.0009466422871576841	-0.0002709315676249213	-0.0009713365184224054
1.7251488e8	-0.0002547602159562734	-0.0009485034852257934	-0.0002712775781816834	-0.0009732335393938252
1.72935648e8	-0.00025508882195779403	-0.0009503741845876545	-0.00027162872614161504	-0.0009751381461134967
1.73356416e8	-0.00025542479394025097	-0.0009522557192904735	-0.0002719854271133748	-0.0009770509625515178
1.73777184e8	-0.0002557689825700704	-0.0009541493639998455	-0.0002723480762926167	-0.0009789725829586482
1.74197952e8	-0.0002561221945908132	-0.0009560563280067713	-0.00027271704870468483	-0.0009809035725989457
1.7461872e8	-0.00025648518762422245	-0.0009579777547987778	-0.0002730926998261163	-0.0009828444680965998
1.75039488e8	-0.000256858670003246	-0.0009599147204942815	-0.0002734753660662559	-0.0009847957768659432
1.75460256e8	-0.0002572433030290089	-0.0009618682219493246	-0.0002738653646637834	-0.0009867579760490797
1.75881024e8	-0.0002576396947704396	-0.0009638391770375732	-0.00027426299306332336	-0.0009887315131091867
1.76301792e8	-0.00025804839541487823	-0.0009658284230702474	-0.0002746685288571582	-0.000990716808239811
1.7672256e8	-0.0002584699015328873	-0.0009678367099731355	-0.0002750822314963042	-0.0009927142535398614
1.77143328e8	-0.00025890465026701115	-0.000969864701240386	-0.0002755043427592474	-0.000994724211389908
1.77564096e8	-0.00025935301880064543	-0.0009719129759534484	-0.0002759350844582231	-0.0009967470186240668
1.77984864e8	-0.0002598153275399362	-0.0009739820284769829	-0.0002763746614646845	-0.0009987829870243825
1.78405632e8	-0.0002602918414443822	-0.0009760722667896404	-0.0002768232629454248	-0.0010008324023705883
1.788264e8	-0.0002607827692265863	-0.000978184011759753	-0.0002772810613951293	-0.0010028955243087667
1.79247168e8	-0.0002612882624239976	-0.000980317498981198	-0.00027774821215187373	-0.0010049725873930715
1.79667936e8	-0.0002618084162746559	-0.0009824728829300744	-0.00027822485402151376	-0.0010070638027113166
1.80088704e8	-0.00026234327288121584	-0.00098465024094474	-0.0002787111105582163	-0.0010091693592985118
1.80509472e8	-0.0002628928251646734	-0.000986849573539672	-0.00027920709123896437	-0.0010112894248218707
1.8093024e8	-0.0002634570184163465	-0.0009890708070225962	-0.0002797128919890257	-0.0010134241455492798
1.81351008e8	-0.00026403575003974833	-0.0009913137996636623	-0.00028022859500775876	-0.0010155736461234799
1.81771776e8	-0.00026462887471556673	-0.0009935783426833211	-0.0002807542683590514	-0.0010177380299206673
1.82192544e8	-0.0002652362064188285	-0.0009958641640761545	-0.00028128996606591183	-0.0010199173805096606
1.82613312e8	-0.00026585751909435906	-0.0009981709347450796	-0.00028183572924034284	-0.0010221117636937116
1.8303408e8	-0.0002664925510993399	-0.001000498273715511	-0.0002823915878099603	-0.0010243212275781177
1.83454848e8	-0.00026714100976532595	-0.0010028457518137524	-0.0002829575604643697	-0.0010265458003375638
1.83875616e8	-0.0002678025743640955	-0.0010052128947293237	-0.00028353365246414075	-0.0010287854931990692
1.84296384e8	-0.00026847689783127127	-0.0010075991867657397	-0.000284119858082299	-0.001031040301235464
1.84717152e8	-0.000269163608535572	-0.0010100040760240292	-0.0002847161618478866	-0.0010333102017733298
1.8513792e8	-0.0002698623132398881	-0.0010124269804985264	-0.00028532253597279844	-0.0010355951549632092
1.85558688e8	-0.00027057260141793993	-0.0010148672929152225	-0.0002859389408866875	-0.0010378951052697483
1.85979456e8	-0.0002712940495419591	-0.0010173243823227152	-0.00028656532700255255	-0.001040209982388851
1.86400224e8	-0.0002720262225622827	-0.0010197975989604258	-0.00028720163567663715	-0.001042539701297196
1.86820992e8	-0.0002727686740275903	-0.001022286281689655	-0.00028784779901203095	-0.0010448841618061477
1.8724176e8	-0.00027352095373389673	-0.0010247897553110619	-0.0002885037390536471	-0.001047243248194718
1.87662528e8	-0.0002742826067722026	-0.0010273073354541973	-0.00028916936715916997	-0.0010496168293379071
1.88083296e8	-0.00027505317192499934	-0.001029838336006561	-0.00028984458408842784	-0.0010520047593882698
1.88504064e8	-0.00027583218813742594	-0.0010323820732411892	-0.00029052928083050933	-0.0010544068786652039
1.88924832e8	-0.00027661919949484304	-0.0010349378666484332	-0.00029122333965059255	-0.0010568230141871915
1.893456e8	-0.0002774137560344059	-0.001037505039081954	-0.00029192663456745205	-0.0010592529794437588
1.89766368e8	-0.00027821541235140135	-0.001040082918649099	-0.0002926390307501636	-0.0010616965737785256
1.90187136e8	-0.0002790237271402818	-0.0010426708427729858	-0.0002933603834877063	-0.0010641535835473892
1.90607904e8	-0.0002798382653622644	-0.0010452681624438798	-0.0002940905397632587	-0.001066623780697662
1.91028672e8	-0.00028065860204795623	-0.001047874243646496	-0.0002948293368281174	-0.0010691069262517283
1.9144944e8	-0.0002814843246141674	-0.0010504884658593117	-0.00029557660557799625	-0.0010716027743605805
1.91870208e8	-0.00028231503134468205	-0.001053110223109055	-0.00029633217397406764	-0.0010741110611981464
1.92290976e8	-0.0002831503295733784	-0.0010557389302905396	-0.00029709585660575577	-0.0010766315072567867
1.92711744e8	-0.00028398984019784024	-0.0010583740164802347	-0.00029786745663529235	-0.001079163823275553
1.93132512e8	-0.0002848331972531426	-0.001061014924117698	-0.000298646771191291	-0.0010817077137545983
1.9355328e8	-0.0002856800415815819	-0.0010636611142297303	-0.0002994335947102966	-0.0010842628768563678
1.93974048e8	-0.00028653002395129246	-0.0010663120691449812	-0.00030022771898519096	-0.0010868290021370797
1.94394816e8	-0.0002873828093518105	-0.0010689672903873015	-0.00030102893107553097	-0.0010894057684027736
1.94815584e8	-0.0002882380771997983	-0.0010716262938978982	-0.0003018370110975388	-0.0010919928434901527
1.95236352e8	-0.00028909551739075834	-0.0010742886065373547	-0.00030265173158527947	-0.001094589886453723
1.9565712e8	-0.00028995482555715935	-0.0010769537666920348	-0.0003034728590234348	-0.0010971965511241688
1.96077888e8	-0.00029081570159184	-0.001079621327980007	-0.00030430015681670586	-0.0010998124889370908
1.96498656e8	-0.0002916778529175046	-0.0010822908592371672	-0.00030513338793169975	-0.0011024373490804429
1.96919424e8	-0.0002925409981411331	-0.0010849619351427364	-0.0003059723153855387	-0.001105070776158068
1.97340192e8	-0.0002934048603679962	-0.001087634137882043	-0.00030681670035004327	-0.001107712410505779
1.9776096e8	-0.00029426916302788264	-0.0010903070578591745	-0.00030766630159762	-0.001110361893533196
1.98181728e8	-0.000295133635124345	-0.0010929802862548188	-0.00030852087901644953	-0.0011130188651191641
1.98602496e8	-0.0002959980053568456	-0.0010956534132067208	-0.00030938019236093073	-0.001115682966973064
1.99023264e8	-0.0002968619984032861	-0.0010983260300079234	-0.0003102440038452725	-0.0011183538444220487
1.99444032e8	-0.00029772533715111127	-0.0011009977294021978	-0.00031111207908185445	-0.0011210311439204812
1.998648e8	-0.00029858774474955663	-0.0011036681015399452	-0.0003119841845210525	-0.0011237145130229553
2.00285568e8	-0.0002994489427339264	-0.001106336727660584	-0.0003128600875191845	-0.0011264036038191039
2.00706336e8	-0.0003003086458456261	-0.001109003176397949	-0.0003137395594973169	-0.0011290980772080683
2.01127104e8	-0.00030116655770640044	-0.0011116670062349954	-0.00031462237952395444	-0.0011317976050608802
2.01547872e8	-0.0003020223717657977	-0.001114327769831891	-0.00031550833563354086	-0.0011345018690435138
2.0196864e8	-0.00030287577674870114	-0.001116985005665816	-0.00031639722301601836	-0.001137210557351942
2.02389408e8	-0.00030372645440035484	-0.0011196382357558932	-0.0003172888406279828	-0.0011399233625577487
2.02810176e8	-0.00030457407150263904	-0.001122286970230424	-0.0003181829894634003	-0.001142639983887861
2.03230944e8	-0.000305418287226078	-0.0011249307002338949	-0.0003190794754210913	-0.0011453601343298647
2.03651712e8	-0.0003062587485944679	-0.0011275688976983833	-0.00031997811618078575	-0.0011480835457973182
2.0407248e8	-0.0003070950877046563	-0.001130201018847865	-0.00032087874357722423	-0.0011508099581346576
2.04493248e8	-0.000307926925413482	-0.0011328265053803799	-0.0003217811912347157	-0.001153539118826763
2.04914016e8	-0.0003087538737748252	-0.0011354447827498504	-0.0003226853000464214	-0.0011562707928507443
2.05334784e8	-0.00030957553531774096	-0.001138055257790982	-0.0003235909242386148	-0.0011590047571505835
2.05755552e8	-0.00031039150087830425	-0.0011406573183888602	-0.00032449792398669963	-0.0011617407969223281
2.0617632e8	-0.0003112013486433751	-0.001143250336425261	-0.00032540616376275366	-0.0011644787084832409
2.06597088e8	-0.0003120046460309833	-0.001145833672215324	-0.00032631551597628317	-0.0011672183021038673
2.07017856e8	-0.0003128009536544907	-0.0011484066747647903	-0.0003272258634353653	-0.0011699594023938387
2.07438624e8	-0.00031358982749307707	-0.0011509686795719842	-0.0003281370990229071	-0.0011727018465832462
2.07859392e8	-0.00031437081603280514	-0.0011535190149950525	-0.00032904912351128246	-0.0011754454821225613
2.0828016e8	-0.00031514346366823265	-0.0011560570025611616	-0.00032996184321698596	-0.0011781901649485782
2.08700928e8	-0.000315907313761965	-0.0011585819574952971	-0.00033087516879404255	-0.0011809357590328862
2.09121696e8	-0.0003166619071747201	-0.0011610931937460212	-0.0003317890154924674	-0.0011836821369053396
2.09542464e8	-0.00031740678538449973	-0.00116359002864741	-0.00033270330416057536	-0.001186429180140336
2.09963232e8	-0.00031814149480868803	-0.0011660717857541192	-0.00033361796168296376	-0.0011891767787118868
2.10384e8	-0.00031886558958149624	-0.0011685377967340926	-0.00033453291984086864	-0.0011919248289981033
2.10804768e8	-0.0003195786328461514	-0.0011709874038817736	-0.00033544811320673773	-0.0011946732322392073
2.11225536e8	-0.0003202801978909875	-0.001173419964305089	-0.00033636347907539665	-0.0011974218937526038
2.11646304e8	-0.0003209698704735864	-0.001175834855589586	-0.000337278956792586	-0.001200170722974403
2.12067072e8	-0.00032164725278915896	-0.001178231481198888	-0.00033819448748828584	-0.001202919631380639
2.1248784e8	-0.00032231196809773266	-0.0011806092728943174	-0.00033911001249342654	-0.0012056685305804615
2.12908608e8	-0.00032296366338768756	-0.0011829676936443434	-0.000340025472464478	-0.0012084173322010061
2.13329376e8	-0.0003236020094991021	-0.001185306246193174	-0.00034094080733215737	-0.0012111659475121384
2.13750144e8	-0.0003242267066425608	-0.001187624473875104	-0.0003418559559114076	-0.00121391428622164
2.14170912e8	-0.0003248374883318972	-0.0011899219634481373	-0.00034277085496503545	-0.0012166622547298278
2.1459168e8	-0.00032543411912044906	-0.0011921983526848035	-0.00034368543799667695	-0.001219409754399381
2.15012448e8	-0.00032601639989304765	-0.001194453336673229	-0.0003445996341412405	-0.0012221566802673722
2.15433216e8	-0.0003265841739470421	-0.0011966866712693758	-0.00034551336739918614	-0.001224902920295201
2.15853984e8	-0.00032713732999245515	-0.001198898175031493	-0.0003464265562177493	-0.0012276483549024109
2.16274752e8	-0.00032767580261916507	-0.001201087731752093	-0.0003473391132070569	-0.0012303928563172084
2.1669552e8	-0.0003281995725988862	-0.001203255294795036	-0.00034825094467738626	-0.00123313628734123
2.17116288e8	-0.0003287086689589547	-0.0012054008926112303	-0.0003491619497688614	-0.0012358784995741834
2.17537056e8	-0.0003292031729146272	-0.0012075246331106904	-0.0003500720192810558	-0.001238619332022406
2.17957824e8	-0.00032968322166082586	-0.0012096267045383913	-0.0003509810348878428	-0.0012413586114267128
2.18378592e8	-0.00033014900921801704	-0.0012117073752067054	-0.00035188886938208874	-0.0012440961520329141
2.1879936e8	-0.0003306007847021508	-0.0012137670004667145	-0.00035279538668642196	-0.001246831751782751
2.19220128e8	-0.0003310388542275833	-0.001215806021910737	-0.0003537004385348874	-0.0012495651936355046
2.19640896e8	-0.00033146358590019354	-0.0012178249622306625	-0.00035460386651342546	-0.001252296246501694
2.20061664e8	-0.00033187540150037	-0.0012198244299883587	-0.00035550550264573655	-0.0012550246632392348
2.20482432e8	-0.0003322747772410706	-0.0012218051234335059	-0.0003564051676242519	-0.0012577501788900713
2.209032e8	-0.00033266224832473323	-0.0012237678290958343	-0.0003573026695040671	-0.0012604725101572622
2.21323968e8	-0.00033303840957454867	-0.0012257134166135941	-0.00035819780357038145	-0.0012631913558153185
2.21744736e8	-0.00033340391129610403	-0.001227642833457887	-0.000359090352970437	-0.0012659063972872975
2.22165504e8	-0.00033375945336011625	-0.0012295571023387408	-0.0003599800893552274	-0.0012686172987417255
2.22586272e8	-0.00033410578119552614	-0.001231457321103524	-0.0003608667729607662	-0.0012713237065183902
2.2300704e8	-0.00033444368534440994	-0.0012333446613687071	-0.0003617501520483124	-0.0012740252482398295
2.23427808e8	-0.0003347740024116641	-0.0012352203603906986	-0.0003626299621375395	-0.0012767215323432612
2.23848576e8	-0.0003350976111051729	-0.0012370857121698497	-0.00036350592577927276	-0.0012794121487410548
2.24269344e8	-0.0003354154218362382	-0.0012389420670352314	-0.00036437775346909174	-0.0012820966706048598
2.24690112e8	-0.00033572837617290574	-0.0012407908228686537	-0.00036524514544522546	-0.0012847746556579054
2.2511088e8	-0.0003360374439159708	-0.0012426334136060868	-0.00036610779229540036	-0.0012874456440592486
2.25531648e8	-0.0003363436122950647	-0.0012444713047337075	-0.0003669653725708599	-0.0012901091591825953
2.25952416e8	-0.00033664788150145064	-0.0012463059899580076	-0.0003678175545673845	-0.0012927647119798102
2.26373184e8	-0.00033695126383703755	-0.0012481389839964496	-0.0003686640005369224	-0.0012954117994014025
2.26793952e8	-0.0003372547804716408	-0.0012499718108475166	-0.0003695043630492778	-0.0012980499037641424
2.2721472e8	-0.0003375594535398596	-0.0012518059912303148	-0.00037033828510202316	-0.0013006784959258555
2.27635488e8	-0.0003378662959906409	-0.0012536430344609606	-0.00037116540366888273	-0.0013032970384962983
2.28056256e8	-0.00033817630440202695	-0.0012554844365604279	-0.0003719853525648853	-0.0013059049877138795
2.28477024e8	-0.00033849045831302327	-0.001257331675905582	-0.00037279776351950566	-0.0013085017942486843
2.28897792e8	-0.000338809721251776	-0.0012591861953025196	-0.00037360226608040836	-0.0013110869038861495
2.2931856e8	-0.0003391350281154448	-0.0012610493994391625	-0.0003743984875889117	-0.0013136597590096555
2.29739328e8	-0.00033946727986111647	-0.0012629226491784884	-0.0003751860542454688	-0.0013162198012750537
2.30160096e8	-0.00033980734447192074	-0.0012648072496759255	-0.00037596459354660716	-0.0013187664751524997
2.30580864e8	-0.00034015604712833714	-0.0012667044461629473	-0.00037673373748847716	-0.0013212992314279859
2.31001632e8	-0.0003405141669509115	-0.0012686154218488621	-0.00037749312532264767	-0.0013238175296632626
2.314224e8	-0.00034088243742158575	-0.0012705412935072324	-0.0003782424047444888	-0.0013263208393931025
2.31843168e8	-0.0003412615448282752	-0.0012724831046676544	-0.0003789812316647989	-0.0013288086418579148
2.32263936e8	-0.00034165212399839273	-0.001274441819002492	-0.0003797092716188999	-0.0013312804362699548
2.32684704e8	-0.0003420547535041285	-0.0012764183170114185	-0.0003804262060601582	-0.0013337357371815406
2.33105472e8	-0.0003424699532442732	-0.0012784133969883094	-0.0003811317272521819	-0.0013361740878359285
2.3352624e8	-0.0003428981858020208	-0.0012804277760984917	-0.0003818255531121695	-0.001338595058177905
2.33947008e8	-0.00034333985914847265	-0.0012824620839001488	-0.000382507420342848	-0.0013409982397173392
2.34367776e8	-0.00034379532351880293	-0.0012845168629205261	-0.0003831770807081192	-0.0013433832512519395
2.34788544e8	-0.0003442648692374428	-0.001286592571224543	-0.000383834305816233	-0.00134574974670576
2.35209312e8	-0.00034474873164191955	-0.0012886895787835861	-0.000384478893521889	-0.0013480974207518148
2.3563008e8	-0.00034524708826288997	-0.0012908081699716245	-0.0003851106724410691	-0.0013504260111881772
2.36050848e8	-0.0003457600597166488	-0.0012929485478511138	-0.0003857295035714081	-0.0013527352990104768
2.36471616e8	-0.0003462877138490361	-0.0012951108366345832	-0.00038633527966480674	-0.001355025107927954
2.36892384e8	-0.0003468300685227632	-0.0012972950827278007	-0.00038692792379668717	-0.001357295304918682
2.37313152e8	-0.00034738709258952394	-0.0012995012561718422	-0.0003875073886547842	-0.0013595458026013363
2.3773392e8	-0.0003479587065352563	-0.0013017292539121428	-0.0003880736575250232	-0.0013617765630677958
2.38154688e8	-0.00034854478437085223	-0.0013039789049439365	-0.00038862674703110667	-0.0013639876017859098
2.38575456e8	-0.00034914515731421236	-0.0013062499757343637	-0.00038916671064948005	-0.0013661789897428944
2.38996224e8	-0.00034975961827865554	-0.0013085421731694469	-0.0003896936412315366	-0.0013683508527168042
2.39416992e8	-0.0003503879247243047	-0.0013108551468173912	-0.00039020767064890105	-0.0013705033690326607
2.3983776e8	-0.0003510297990653166	-0.0013131884961937734	-0.0003907089657397833	-0.0013726367704757214
2.40258528e8	-0.0003516849333272676	-0.001315541773627138	-0.0003911977268988842	-0.0013747513431916492
2.40679296e8	-0.00035235299305369505	-0.001317914486855809	-0.0003916741915325206	-0.0013768474277470188
2.41100064e8	-0.00035303361676863876	-0.0013203061054344323	-0.00039213863322384857	-0.0013789254190607059
2.41520832e8	-0.0003537264203032908	-0.0013227160667949045	-0.00039259136090630253	-0.0013809857622035793
2.419416e8	-0.0003544310019996111	-0.0013251437803808441	-0.00039303271514112836	-0.001383028950049603
2.42362368e8	-0.0003551469459415202	-0.001327588630449572	-0.0003934630666060368	-0.0013850555237275852
2.42783136e8	-0.00035587382333357453	-0.0013300499790227516	-0.0003938828169618436	-0.0013870660735251228
2.43203904e8	-0.00035661119357643933	-0.0013325271701385422	-0.0003942923997513059	-0.0013890612376068479
2.43624672e8	-0.0003573586065428458	-0.0013350195353399874	-0.00039469227908450755	-0.0013910416975005946
2.4404544e8	-0.0003581156064030866	-0.0013375263987519537	-0.0003950829455070526	-0.0013930081715689546
2.44466208e8	-0.00035888173571374526	-0.0013400470791247177	-0.00039546491054121	-0.0013949614094568297
2.44886976e8	-0.00035965653718628143	-0.0013425808905459524	-0.0003958387027930277	-0.0013969021905524404
2.45307744e8	-0.0003604395528573612	-0.0013451271512683327	-0.0003962048681322994	-0.0013988313266806163
2.45728512e8	-0.0003612303280234874	-0.0013476851828031489	-0.0003965639731702275	-0.0014007496624381943
2.4614928e8	-0.0003620284160689158	-0.0013502543079235707	-0.0003969166040485028	-0.0014026580607916506
2.46570048e8	-0.00036283337133857785	-0.0013528338579703592	-0.0003972633530984204	-0.0014045574001909644
2.46990816e8	-0.0003636447534006715	-0.001355423178505788	-0.0003976048216777217	-0.0014064485799403226
2.47411584e8	-0.0003644621333473985	-0.0013580216301268822	-0.00039794162369677366	-0.0014083325099398802
2.47832352e8	-0.00036528509556055244	-0.0013606285865631618	-0.00039827437474704297	-0.0014102101038636627
2.4825312e8	-0.0003661132354654262	-0.0013632434336340316	-0.0003986036889442879	-0.0014120822794624344
2.48673888e8	-0.0003669461568146515	-0.001365865571130942	-0.0003989301810571888	-0.001413949958318339
2.49094656e8	-0.0003677834716179218	-0.0013684944166764135	-0.00039925446698096945	-0.0014158140627812399
2.49515424e8	-0.0003686248031393724	-0.0013711294080351877	-0.00039957716116034714	-0.001417675510933969
2.49936192e8	-0.0003694697891394316	-0.001373770000702823	-0.0003998988723132868	-0.0014195352114734217
2.5035696e8	-0.00037031808093357377	-0.0013764156651017156	-0.00040022019950081145	-0.0014213940600322772
2.50777728e8	-0.00037116933873959645	-0.001379065890593889	-0.0004005417299471903	-0.001423252937375663
2.51198496e8	-0.0003720232335829854	-0.0013817201841843652	-0.00040086403873995646	-0.001425112708698606
2.51619264e8	-0.00037287944969077724	-0.0013843780641117354	-0.00040118768929831017	-0.0014269742225268
2.52040032e8	-0.0003737376775270196	-0.0013870390615340344	-0.0004015132329006077	-0.0014288383080066636
2.524608e8	-0.0003745976131854789	-0.0013897027237954607	-0.0004018412061955745	-0.0014307057711818727