0.	0.	0.	-2.220446049250313e-16	0.
420768.	-1.2146606831464624e-8	-7.358641673782529e-8	-1.414618833184278e-8	-7.658306822033722e-8
841536.	-2.4313729363178993e-8	-1.472038034799894e-7	-2.8038764865456756e-8	-1.5278578502364581e-7
1.262304e6	-3.652222846373121e-8	-2.2088345053017377e-7	-4.168611966726132e-8	-2.286207397839135e-7
1.683072e6	-4.879280190994706e-8	-2.9465640161152606e-7	-5.5097114315394435e-8	-3.0410123008639545e-7
2.10384e6	-6.114590145323007e-8	-3.6855333140906055e-7	-6.82810593621852e-8	-3.792412265335443e-7
2.524608e6	-7.360165354963755e-8	-4.4260442577659376e-7	-8.124769068640347e-8	-4.540553372178735e-7
2.945376e6	-8.617978142222427e-8	-5.168392654963938e-7	-9.400714329199644e-8	-5.285587689751736e-7
3.366144e6	-9.889952967689908e-8	-5.912867117041642e-7	-1.0656992477375837e-7	-6.027672865283051e-7
3.786912e6	-1.117795912497499e-7	-6.659747974202546e-7	-1.1894688656255425e-7	-6.766971706317904e-7
4.20768e6	-1.2483803857321618e-7	-7.40930625076075e-7	-1.3114919528156577e-7	-7.503651746620932e-7
4.628448e6	-1.3809225796190816e-7	-8.161802657058459e-7	-1.4318830310333652e-7	-8.237884792094974e-7
5.049216e6	-1.5155888777318438e-7	-8.917486687964882e-7	-1.5507591688557198e-7	-8.969846480022525e-7
5.469984e6	-1.6525376178577744e-7	-9.67659577022495e-7	-1.668239685281847e-7	-9.699715797228947e-7
5.890752e6	-1.7919185602011112e-7	-1.0439354446445392e-6	-1.784445822217151e-7	-1.0427674634883033e-6
6.31152e6	-1.9338724288608944e-7	-1.120597370674048e-6	-1.8995004502642132e-7	-1.1153907313321554e-6
6.732288e6	-2.0785304777337643e-7	-1.1976650328149319e-6	-2.0135277500887838e-7	-1.187860012019648e-6
7.153056e6	-2.2260141152585788e-7	-1.2751566322855012e-6	-2.1266529193209038e-7	-1.260194084640176e-6
7.573824e6	-2.376434615758427e-7	-1.353088848299322e-6	-2.2390018450391125e-7	-1.3324118338653435e-6
7.994592e6	-2.5298928019168443e-7	-1.4314767958767405e-6	-2.3507008317658062e-7	-1.4045322062061771e-6
8.41536e6	-2.6864788860159194e-7	-1.5103339938704607e-6	-2.461876299486576e-7	-1.476574163272737e-6
8.836128e6	-2.846272382228676e-7	-1.5896723565278492e-6	-2.572654513866013e-7	-1.54855664291631e-6
9.256896e6	-3.0093418279530937e-7	-1.6695021562984635e-6	-2.6831612731648136e-7	-1.620498518928315e-6
9.677664e6	-3.1757449114877545e-7	-1.7498320337150375e-6	-2.7935217061791917e-7	-1.692418557741604e-6
1.0098432e7	-3.345528454268276e-7	-1.8306689962832579e-6	-2.90385999801579e-7	-1.7643353834584374e-6
1.05192e7	-3.518728393103743e-7	-1.9120184283627495e-6	-3.014299119197261e-7	-1.836267441546191e-6
1.0939968e7	-3.6953697690744747e-7	-1.993884081508135e-6	-3.1249606291527954e-7	-1.908232966196799e-6
1.1360736e7	-3.8754673870045053e-7	-2.076268151518512e-6	-3.2359644641655194e-7	-1.980249946242907e-6
1.1781504e7	-4.059025533464933e-7	-2.159171274440652e-6	-3.347428727540347e-7	-2.052336090629936e-6
1.2202272e7	-4.246038129984697e-7	-2.2425925357838494e-6	-3.459469524180747e-7	-2.1245088102084253e-6
1.262304e7	-4.436489461356885e-7	-2.3265295631125227e-6	-3.572200695245442e-7	-2.1967851885351664e-6
1.3043808e7	-4.6303542411418874e-7	-2.410978545697162e-6	-3.6857337581963634e-7	-2.2691819508979805e-6
1.3464576e7	-4.827597965828545e-7	-2.495934303903269e-6	-3.800177779123004e-7	-2.3417154458860168e-6
1.3885344e7	-5.028176689458874e-7	-2.5813902592153326e-6	-3.91563915291826e-7	-2.4144016289584513e-6
1.4306112e7	-5.232038632341229e-7	-2.66733861253865e-6	-4.0322214689414437e-7	-2.487256041017183e-6
1.472688e7	-5.439124144412943e-7	-2.7537703934932267e-6	-4.150025473270702e-7	-2.5602937925306435e-6
1.5147648e7	-5.64936513347547e-7	-2.84067540845534e-6	-4.269148962121605e-7	-2.6335295495449884e-6
1.5568416e7	-5.862686405233575e-7	-2.9280423651245613e-6	-4.3896866586123906e-7	-2.7069775135890595e-6
1.5989184e7	-6.079006226178407e-7	-3.0158589975348704e-6	-4.511730191669727e-7	-2.7806514175665598e-6
1.6409952e7	-6.298236575608129e-7	-3.1041120667207878e-6	-4.6353679516997204e-7	-2.85456452076005e-6
1.683072e7	-6.520283324373821e-7	-3.1927874680759416e-6	-4.7606850350767616e-7	-2.9287295958413395e-6
1.7251488e7	-6.74504571307466e-7	-3.281870131988107e-6	-4.887763271899104e-7	-3.0031589141055193e-6
1.7672256e7	-6.972419086537229e-7	-3.3713443121641262e-6	-5.016681214886631e-7	-3.0778642425843827e-6
1.8093024e7	-7.202294823871469e-7	-3.4611936647888086e-6	-5.147514045011903e-7	-3.152856848931407e-6
1.8513792e7	-7.434558746410858e-7	-3.5514011016424263e-6	-5.280333471580079e-7	-3.2281474939832577e-6
1.893456e7	-7.669092163542501e-7	-3.641948847277199e-6	-5.41520776109472e-7	-3.3037464217677837e-6
1.9355328e7	-7.905774180860803e-7	-3.732818720347808e-6	-5.552201858272099e-7	-3.379663377489628e-6
1.9776096e7	-8.144480001526233e-7	-3.823992023144207e-6	-5.691377261696218e-7	-3.455907573890471e-6
2.0196864e7	-8.385083177797625e-7	-3.915449711011654e-6	-5.832791994953013e-7	-3.5324876984654807e-6
2.0617632e7	-8.627452954268477e-7	-4.007172259345992e-6	-5.976500895288339e-7	-3.6094119402196867e-6
2.10384e7	-8.871455582371013e-7	-4.099139654600847e-6	-6.122555002985308e-7	-3.6866879882246906e-6
2.1459168e7	-9.116957683241722e-7	-4.191331796632447e-6	-6.27100184891205e-7	-3.7643230152983875e-6
2.1879936e7	-9.363824872155035e-7	-4.2837284603969294e-6	-6.421885845320219e-7	-3.842323665792513e-6
2.2300704e7	-9.611919090657395e-7	-4.376309013398583e-6	-6.575248212570273e-7	-3.920696068804297e-6
2.2721472e7	-9.861100006558488e-7	-4.469052466649082e-6	-6.731126668269027e-7	-3.999445859048656e-6
2.314224e7	-1.0111228534448458e-6	-4.561937873015509e-6	-6.889555320688245e-7	-4.078578178967618e-6
2.3563008e7	-1.0362163730404106e-6	-4.654944140591866e-6	-7.050564870825227e-7	-4.1580976449795415e-6
2.3983776e7	-1.0613765134559472e-6	-4.7480500859897745e-6	-7.214182889958565e-7	-4.238008405099691e-6
2.4404544e7	-1.0865890730515915e-6	-4.841234477526157e-6	-7.380433744152981e-7	-4.318314155704606e-6
2.4825312e7	-1.1118395343290288e-6	-4.934475677953465e-6	-7.549338345569367e-7	-4.399017967560148e-6
2.524608e7	-1.13711359173152e-6	-5.027752160824406e-6	-7.720914352304931e-7	-4.480122423378141e-6
2.5666848e7	-1.1623971901686403e-6	-5.121042689792965e-6	-7.895177198680159e-7	-4.561629715627014e-6
2.6087616e7	-1.18767611423376e-6	-5.214325952795917e-6	-8.072137501757837e-7	-4.64354160789604e-6
2.6508384e7	-1.2129358277768176e-6	-5.3075803030377955e-6	-8.251802258163465e-7	-4.725859346854655e-6
2.6929152e7	-1.2381619211021544e-6	-5.400784110820567e-6	-8.43417636287036e-7	-4.808583630389052e-6
2.734992e7	-1.2633402866057963e-6	-5.493916130250298e-6	-8.619262508169356e-7	-4.891714665555824e-6
2.7770688e7	-1.288456616066469e-6	-5.586954959224677e-6	-8.807060124516042e-7	-4.975252239636241e-6
2.8191456e7	-1.3134969689687637e-6	-5.679879516828912e-6	-8.9975646688778e-7	-5.05919571458513e-6
2.8612224e7	-1.3384471306832069e-6	-5.77266865364745e-6	-9.190767947808709e-7	-5.143543976071641e-6
2.9032992e7	-1.3632927401419082e-6	-5.865300982788035e-6	-9.386659070020897e-7	-5.228295408721273e-6
2.945376e7	-1.3880199299931562e-6	-5.957755578434032e-6	-9.585224866048847e-7	-5.313448098176465e-6
2.9874528e7	-1.4126152666493752e-6	-6.050012089864332e-6	-9.7864492376587e-7	-5.3989996283698716e-6
3.0295296e7	-1.437065221598921e-6	-6.142050254731579e-6	-9.99031259163452e-7	-5.484946965395032e-6
3.0716064e7	-1.4613560058718278e-6	-6.233849606629427e-6	-1.0196793224226397e-6	-5.571286654570962e-6
3.1136832e7	-1.4854741511305392e-6	-6.325389940942117e-6	-1.0405867322260676e-6	-5.6580149767615495e-6
3.15576e7	-1.5094068224197343e-6	-6.4166518570774045e-6	-1.0617506359666962e-6	-5.745127932499372e-6
3.1978368e7	-1.5331410789798383e-6	-6.507616073681e-6	-1.0831678167733116e-6	-5.832621101875546e-6
3.2399136e7	-1.5566646325293476e-6	-6.5982639096962e-6	-1.1048349040088112e-6	-5.9204895147546566e-6
3.2819904e7	-1.579965250630977e-6	-6.688577164792875e-6	-1.1267484577581754e-6	-6.008727669759573e-6
3.3240672e7	-1.6030305567404923e-6	-6.77853754649238e-6	-1.1489048677981728e-6	-6.097329727561274e-6
3.366144e7	-1.6258489093923245e-6	-6.868127532588808e-6	-1.1713001607516205e-6	-6.186289689846802e-6
3.4082208e7	-1.648409619914304e-6	-6.957330807355611e-6	-1.1939299046082041e-6	-6.27560115995518e-6
3.4502976e7	-1.670702396094903e-6	-7.046131836774272e-6	-1.216789352942449e-6	-6.3652572651617945e-6
3.4923744e7	-1.692716877332856e-6	-7.13451531797471e-6	-1.2398737544438987e-6	-6.455250957881908e-6
3.5344512e7	-1.7144430217719275e-6	-7.2224663856257365e-6	-1.2631783031791244e-6	-6.545574866678727e-6
3.576528e7	-1.7358719561766378e-6	-7.3099715098834395e-6	-1.2866977260328483e-6	-6.63622108310058e-6
3.6186048e7	-1.7569954295915124e-6	-7.397018372268249e-6	-1.310426654965724e-6	-6.727181280030692e-6
3.6606816e7	-1.7778056533579445e-6	-7.483595236390528e-6	-1.334359649218797e-6	-6.818446974810044e-6
3.7027584e7	-1.7982960102136403e-6	-7.569691995445993e-6	-1.3584908985508903e-6	-6.910009665017647e-6
3.7448352e7	-1.8184599233084242e-6	-7.655299120612469e-6	-1.3828142196858906e-6	-7.00186070934361e-6
3.786912e7	-1.8382914273029627e-6	-7.740407870437949e-6	-1.407323299229546e-6	-7.0939910520317895e-6
3.8289888e7	-1.8577860149138203e-6	-7.825011279161131e-6	-1.4320119023913946e-6	-7.186391061231312e-6
3.8710656e7	-1.8769405022434071e-6	-7.909104261849542e-6	-1.4568738554432414e-6	-7.279050733721704e-6
3.9131424e7	-1.8957522949225591e-6	-7.992682945934249e-6	-1.4819028090196085e-6	-7.371960182189774e-6
3.9552192e7	-1.914219087684188e-6	-8.075744210356284e-6	-1.507091988761644e-6	-7.465109578830287e-6
3.997296e7	-1.9323395608061844e-6	-8.158286195825148e-6	-1.5324342095279775e-6	-7.558488468561997e-6
4.0393728e7	-1.950114140392145e-6	-8.240309252061095e-6	-1.5579222633066436e-6	-7.65208639730286e-6
4.0814496e7	-1.9675439710820086e-6	-8.321815261003174e-6	-1.5835492788163208e-6	-7.74589289065375e-6
4.1235264e7	-1.98463129097437e-6	-8.402807400997858e-6	-1.6093081006696153e-6	-7.839897024131126e-6
4.1656032e7	-2.0013797537021816e-6	-8.483291044858454e-6	-1.6351912468515195e-6	-7.934087549177349e-6
4.20768e7	-2.0177932067433346e-6	-8.56327238618615e-6	-1.661191502577708e-6	-8.02845317060541e-6
4.2497568e7	-2.033876528639844e-6	-8.642758933308237e-6	-1.6873014218043991e-6	-8.122982682157165e-6
4.2918336e7	-2.049636445344838e-6	-8.721760499263986e-6	-1.7135131779033586e-6	-8.217664895115995e-6
4.3339104e7	-2.0650812240230465e-6	-8.800289134636152e-6	-1.73981885398522e-6	-8.312488455342049e-6
4.3759872e7	-2.080219787536919e-6	-8.878358269903686e-6	-1.7662106606142203e-6	-8.407441695612583e-6
4.418064e7	-2.0950613728309975e-6	-8.955982159886133e-6	-1.7926809292578838e-6	-8.502512649610772e-6
4.4601408e7	-2.1096162955425157e-6	-9.033176413542066e-6	-1.819221955856598e-6	-8.597689254319363e-6
4.5022176e7	-2.123896764572031e-6	-9.109958993169798e-6	-1.8458258372877623e-6	-8.692959584277737e-6
4.5442944e7	-2.1379156380785247e-6	-9.186349373968561e-6	-1.8724844274009556e-6	-8.78831175321615e-6
4.5863712e7	-2.1516866995918704e-6	-9.262368054208103e-6	-1.899189443488325e-6	-8.883733527143e-6
4.628448e7	-2.165225167827245e-6	-9.338037667339094e-6	-1.92593264780605e-6	-8.979212667292735e-6
4.6705248e7	-2.1785461250534155e-6	-9.41338130666658e-6	-1.952705929730847e-6	-9.07473706091011e-6
4.7126016e7	-2.1916652624964783e-6	-9.48842279091533e-6	-1.979501112803206e-6	-9.170294266613865e-6
4.7546784e7	-2.204599853228295e-6	-9.563187763794723e-6	-2.0063098054023953e-6	-9.265871619423827e-6
4.7967552e7	-2.2173685202409033e-6	-9.637703714204804e-6	-2.033123713940377e-6	-9.361456471124185e-6
4.838832e7	-2.2299902044942144e-6	-9.711998994132998e-6	-2.0599345649241485e-6	-9.457036278193165e-6
4.8809088e7	-2.2424835269818644e-6	-9.786101954789572e-6	-2.0867338447194683e-6	-9.552598527973188e-6
4.9229856e7	-2.2548673691558108e-6	-9.860041209508452e-6	-2.1135129157912047e-6	-9.64813060755354e-6
4.9650624e7	-2.267161980484822e-6	-9.933846760623588e-6	-2.140263177685675e-6	-9.743619726165775e-6
5.0071392e7	-2.279388050419051e-6	-0.000010007549659962756	-2.1669761200993065e-6	-9.839052939053516e-6
5.049216e7	-2.291565970313769e-6	-0.00001008118055190188	-2.1936432674785067e-6	-9.934417249279903e-6
5.0912928e7	-2.3037171850148752e-6	-0.000010154771185932887	-2.220256084983774e-6	-0.000010029699699432015
5.1333696e7	-2.3158624307129116e-6	-0.000010228353036545457	-2.2468059185376532e-6	-0.000010124887368512248
5.1754464e7	-2.328021826647486e-6	-0.00001030195671747336	-2.2732840035954993e-6	-0.000010219967276903219
5.2175232e7	-2.340216071150536e-6	-0.000010375613157087571	-2.299681540529619e-6	-0.000010314926355170506
5.2596e7	-2.352466602406622e-6	-0.000010449354017727508	-2.3259897798943996e-6	-0.000010409751528883682
5.3016768e7	-2.364794649656332e-6	-0.000010523210883350842	-2.352200052402331e-6	-0.000010504429795332726
5.3437536e7	-2.377220271965186e-6	-0.000010597214146645939	-2.3783036836588778e-6	-0.00001059894807564632
5.3858304e7	-2.3897625019975166e-6	-0.000010671392809746827	-2.404291901569877e-6	-0.000010693293186925246
5.4279072e7	-2.4024405473888066e-6	-0.000010745775516296519	-2.430155965238434e-6	-0.00001078745192706343
5.469984e7	-2.4152738784533057e-6	-0.000010820391134092056	-2.4558873261693037e-6	-0.000010881411177887657
5.5120608e7	-2.4282804712560946e-6	-0.000010895266948751647	-2.4814773176284888e-6	-0.000010975157957338055
5.5541376e7	-2.4414783177384436e-6	-0.000010970429452972219	-2.506917140321363e-6	-0.000011068679401482484
5.5962144e7	-2.4548846037086847e-6	-0.000011045904487971825	-2.532198027482835e-6	-0.000011161962700012573
5.6382912e7	-2.468514591957849e-6	-0.000011121715511874797	-2.5573113870969166e-6	-0.000011254995036069637
5.680368e7	-2.4823828693731897e-6	-0.000011197884553504345	-2.582248837201817e-6	-0.000011347763587798987
5.7224448e7	-2.4965041537372556e-6	-0.000011274433253327665	-2.6070021399426935e-6	-0.000011440255615724482
5.7645216e7	-2.510892749940652e-6	-0.00001135138258290258	-2.6315631008744234e-6	-0.00001153245861174046
5.8065984e7	-2.5255614033437013e-6	-0.000011428751700237605	-2.6559235081213828e-6	-0.000011624360397255451
5.8486752e7	-2.540520852800654e-6	-0.000011506557229812309	-2.680075163130624e-6	-0.000011715948995849601
5.890752e7	-2.555780751589687e-6	-0.000011584813877973943	-2.7040100009090295e-6	-0.000011807212375258835
5.9328288e7	-2.571350858793231e-6	-0.000011663535777417522	-2.7277202284681223e-6	-0.000011898138861043961
5.9749056e7	-2.5872396873793946e-6	-0.000011742735819608718	-2.751198377337616e-6	-0.000011988717703026452
6.0169824e7	-2.6034541781294607e-6	-0.000011822424378693519	-2.774437178887368e-6	-0.000012078937801529577
6.0590592e7	-2.6200011506993803e-6	-0.00001190261122030467	-2.7974294118937593e-6	-0.000012168787883126697
6.101136e7	-2.6368853155434024e-6	-0.000011983303854656846	-2.8201679503903065e-6	-0.00001225825715867046
6.1432128e7	-2.6541096078691595e-6	-0.000012064507172504513	-2.842646885548028e-6	-0.000012347335704987472
6.1852896e7	-2.6716766179379903e-6	-0.000012146224917741755	-2.864859967810496e-6	-0.00001243601441291986
6.2273664e7	-2.6895888761702125e-6	-0.000012228460312901923	-2.886800541612722e-6	-0.000012524284678017139
6.2694432e7	-2.707847928218321e-6	-0.000012311215345617299	-2.908462283568447e-6	-0.000012612138113321514
6.31152e7	-2.7264533526416557e-6	-0.000012394489687039822	-2.9298397313803903e-6	-0.000012699566493301617
6.3535968e7	-2.7454029264406543e-6	-0.000012478280545180631	-2.9509283154816046e-6	-0.000012786561969790888
6.3956736e7	-2.7646940179426593e-6	-0.000012562583885267209	-2.9717240307425286e-6	-0.000012873117409162305
6.4377504e7	-2.7843241421354747e-6	-0.000012647395502107805	-2.9922230500023517e-6	-0.000012959226596609419
6.4798272e7	-2.804289023328188e-6	-0.000012732709318674651	-3.0124215443239066e-6	-0.00001304488411713045
6.521904e7	-2.8245838938900647e-6	-0.000012818517793555806	-3.032315821660525e-6	-0.000013130085087742493
6.5639808e7	-2.845203563417442e-6	-0.000012904812990766068	-3.0519026807951377e-6	-0.000013214825304475042
6.6060576e7	-2.8661407562857733e-6	-0.000012991584602994877	-3.071179726865658e-6	-0.000013299101098596111
6.6481344e7	-2.8873873103574255e-6	-0.000013078820699563565	-3.0901453799137e-6	-0.00001338291032770833
6.6902112e7	-2.908935395118384e-6	-0.00001316650917737583	-3.1087985431499376e-6	-0.0000134662513764372
6.732288e7	-2.9307773232734036e-6	-0.000013254637923898471	-3.1271384608455577e-6	-0.0000135491227453155
6.7743648e7	-2.952904441522186e-6	-0.000013343193834725042	-3.1451647755087464e-6	-0.000013631523469892493
6.8164416e7	-2.975306434560565e-6	-0.000013432161925619468	-3.1628782507509e-6	-0.000013713453713481982
6.8585184e7	-2.99797200997709e-6	-0.000013521525698889647	-3.1802802250568973e-6	-0.000013794915102116612
6.9005952e7	-3.02089041681608e-6	-0.000013611268657620634	-3.197372011709554e-6	-0.000013875910637506372
6.942672e7	-3.044051033240791e-6	-0.000013701374638741548	-3.214155076425307e-6	-0.000013956444269713764
6.9847488e7	-3.0674417700327083e-6	-0.000013791825843822991	-3.230631584361099e-6	-0.00001403652039022596
7.0268256e7	-3.091051231418618e-6	-0.000013882604539272592	-3.2468048516420822e-6	-0.00001411614358370894
7.0689024e7	-3.1148672893221985e-6	-0.000013973692730262499	-3.262679395321655e-6	-0.00001419531888302572
7.1109792e7	-3.1388762743445042e-6	-0.00001406507058365758	-3.278260543027045e-6	-0.000014274052494323008
7.153056e7	-3.1630645564995064e-6	-0.000014156717798585738	-3.2935538295530975e-6	-0.000014352352443181005
7.1951328e7	-3.1874194640346687e-6	-0.000014248614849665664	-3.3085645840813527e-6	-0.000014430227843864607
7.2372096e7	-3.211928698787503e-6	-0.000014340742728768952	-3.323298094715099e-6	-0.000014507687617792975
7.2792864e7	-3.2365791048372117e-6	-0.00001443308174997604	-3.3377604261586313e-6	-0.000014584741847234461
7.3213632e7	-3.26135620420942e-6	-0.000014525610810389722	-3.3519592905761897e-6	-0.00001466140186567877
7.36344e7	-3.2862452450377333e-6	-0.0000146183081132234	-3.365903264218595e-6	-0.000014737679573828544
7.4055168e7	-3.3112326807138714e-6	-0.000014711152786839321	-3.3796001799313302e-6	-0.000014813587065565237
7.4475936e7	-3.3363049299905967e-6	-0.000014804124482847847	-3.3930587766128895e-6	-0.000014889136861651053
7.4896704e7	-3.361447477479018e-6	-0.00001489720157088481	-3.406288738183605e-6	-0.000014964342387457918
7.5317472e7	-3.386646934222526e-6	-0.000014990363363831527	-3.4192998666915386e-6	-0.000015039218283163791
7.573824e7	-3.411888990112466e-6	-0.000015083588786990454	-3.432101825517897e-6	-0.000015113780304609747
7.6159008e7	-3.437158287655784e-6	-0.00001517685543395153	-3.444704459565351e-6	-0.000015188044835801051
7.6579776e7	-3.4624400329086313e-6	-0.00001527014111213365	-3.4571182364606656e-6	-0.000015262028294049657
7.7000544e7	-3.4877206042116526e-6	-0.000015363424800907133	-3.469354464158414e-6	-0.00001533574683687533
7.7421312e7	-3.5129867237415624e-6	-0.00001545668610336559	-3.4814251446135813e-6	-0.000015409216689965533
7.784208e7	-3.538224250920763e-6	-0.000015549904001765924	-3.493342540683564e-6	-0.000015482455006377016
7.8262848e7	-3.563417982022088e-6	-0.000015643056337721895	-3.505118707614052e-6	-0.000015555480357698492
7.8683616e7	-3.5885529413581807e-6	-0.000015736120813958365	-3.5167652989720466e-6	-0.00001562831115342611
7.9104384e7	-3.613615596420594e-6	-0.000015829076513651508	-3.528293857746334e-6	-0.000015700965288134583
7.9525152e7	-3.6385919947035106e-6	-0.00001592190276955563	-3.5397164895867306e-6	-0.000015773461661483523
7.994592e7	-3.663467899261974e-6	-0.000016014578107625965	-3.551046257377344e-6	-0.000015845819453796928
8.0366688e7	-3.6882302254515054e-6	-0.000016107082423055807	-3.562296047254776e-6	-0.000015918057311270495
8.0787456e7	-3.7128647816242477e-6	-0.000016199394972993275	-3.5734780626794915e-6	-0.000015990193651171936
8.1208224e7	-3.7373567727261303e-6	-0.000016291494130737938	-3.584605156925491e-6	-0.000016062247122361484
8.1628992e7	-3.7616923926897528e-6	-0.00001638335904474708	-3.595690376223537e-6	-0.000016134236766274235
8.204976e7	-3.7858591594996938e-6	-0.000016474970354285468	-3.6067461536282153e-6	-0.00001620618184838829
8.2470528e7	-3.8098449153256553e-6	-0.00001656630943203119	-3.617784568143989e-6	-0.00001627810153081999
8.2891296e7	-3.833636706085386e-6	-0.000016657357170046794	-3.6288177758247997e-6	-0.000016350014595989393
8.3312064e7	-3.857220864378341e-6	-0.000016748093720653223	-3.6398581750862746e-6	-0.000016421939359911875
8.3732832e7	-3.8805845036238296e-6	-0.00001683849976352736	-3.650918272146697e-6	-0.00001649389379121402
8.41536e7	-3.9037164216715325e-6	-0.00001692855789292569	-3.662010406912941e-6	-0.00001656589572074374
8.4574368e7	-3.926604943638168e-6	-0.000017018250969114135	-3.6731465289374654e-6	-0.00001663796296003106
8.4995136e7	-3.949238840617042e-6	-0.00001710756186146245	-3.684338143350452e-6	-0.000016710113173501462
8.5415904e7	-3.971608179109687e-6	-0.000017196475309622095	-3.6955964289875354e-6	-0.00001678236356983387
8.5836672e7	-3.9937020908098475e-6	-0.00001728497565844922	-3.7069324235750045e-6	-0.000016854730870430323
8.625744e7	-4.015509708632514e-6	-0.000017373047124347174	-3.7183571155452455e-6	-0.00001692723155966025
8.6678208e7	-4.037021728908741e-6	-0.00001746067551222641	-3.7298813383435103e-6	-0.000016999881835566555
8.7098976e7	-4.0582305621539305e-6	-0.000017547848767840435	-3.7415155633713226e-6	-0.00001707269732642569
8.7519744e7	-4.07912922995024e-6	-0.000017634556094270337	-3.753269896100697e-6	-0.000017145693081976887
8.7940512e7	-4.099710317340133e-6	-0.000017720786780195397	-3.7651541792138588e-6	-0.000017218883689440467
8.836128e7	-4.119966251714402e-6	-0.0000178065301242869	-3.7771780826423296e-6	-0.000017292283378544937
8.8782048e7	-4.139890913190669e-6	-0.000017891776863288023	-3.7893508929576214e-6	-0.00001736590605005972
8.9202816e7	-4.159480306298313e-6	-0.000017976520427454012	-3.801681426551795e-6	-0.00001743976521895174
8.9623584e7	-4.1787302822449135e-6	-0.000018060755003546092	-3.814178095473686e-6	-0.0000175138739062497
9.0044352e7	-4.1976378577501805e-6	-0.00001814447575421152	-3.826849024668455e-6	-0.00001758824453346186
9.046512e7	-4.21620164681169e-6	-0.000018227680340210384	-3.8397021353553384e-6	-0.000017662888876168736
9.0885888e7	-4.2344197809240924e-6	-0.000018310366633689235	-3.852745144139469e-6	-0.000017737818112983916
9.1306656e7	-4.25229102196667e-6	-0.00001839253323332457	-3.865985480522305e-6	-0.00001781304296000208
9.1727424e7	-4.269816214708122e-6	-0.00001847418110734189	-3.87943016633141e-6	-0.000017888573813795716
9.2148192e7	-4.286998269487086e-6	-0.000018555313962331788	-3.893085727013634e-6	-0.000017964420727989427
9.256896e7	-4.30384098737413e-6	-0.000018635937243827172	-3.90695819441067e-6	-0.000018040593073642697
9.2989728e7	-4.3203480771802916e-6	-0.000018716056981560314	-3.921053226885185e-6	-0.000018117099325309916
9.3410496e7	-4.3365235551373615e-6	-0.000018795679817884547	-3.935376296948512e-6	-0.000018193948102540602
9.3831264e7	-4.352373352611849e-6	-0.0000188748144615003	-3.949932789071298e-6	-0.00001827114771557614
9.4252032e7	-4.367905630298097e-6	-0.000018953472652794012	-3.964727736560647e-6	-0.00001834870523365062
9.46728e7	-4.383128482166043e-6	-0.00001903166698058456	-3.979765437422955e-6	-0.00001842662680717755
9.5093568e7	-4.39805164464957e-6	-0.00001910941155347512	-3.995049828731112e-6	-0.000018504918245398905
9.5514336e7	-4.412686332555538e-6	-0.000019186723039688047	-4.01058567656154e-6	-0.000018583585322473617
9.5935104e7	-4.427043254318086e-6	-0.00001926361823612055	-4.0263766428738634e-6	-0.000018662633705091025
9.6355872e7	-4.441133894195204e-6	-0.00001934011478810227	-4.0424251716020265e-6	-0.000018742068638832876
9.677664e7	-4.45497187107069e-6	-0.000019416232755142815	-4.058733297673811e-6	-0.000018821894624210245
9.7197408e7	-4.468572739835253e-6	-0.000019491994776132948	-4.075303279060805e-6	-0.000018902115279773035
9.7618176e7	-4.481952667334532e-6	-0.000019567424873523365	-4.092137696698472e-6	-0.000018982733462236112
9.8038944e7	-4.495127405523824e-6	-0.000019642547197329385	-4.109239109983953e-6	-0.00001906375156057738
9.8459712e7	-4.508112738665915e-6	-0.00001971738604988893	-4.126609575494378e-6	-0.000019145171756052015
9.888048e7	-4.5209261216871965e-6	-0.000019791967360460738	-4.144250338011801e-6	-0.000019226996025967225
9.9301248e7	-4.5335867980833555e-6	-0.000019866319490802198	-4.162161859722069e-6	-0.000019309225852803813
9.9722016e7	-4.546113353320891e-6	-0.00001994047078945904	-4.180344151838433e-6	-0.000019391862088324885
1.00142784e8	-4.558525576903172e-6	-0.00002001445039612193	-4.198797176169222e-6	-0.000019474904892513578
1.00563552e8	-4.570844017171005e-6	-0.00002008828902566595	-4.217520999882929e-6	-0.000019558354085957852
1.0098432e8	-4.583088079823661e-6	-0.000020162016515445913	-4.236515528943663e-6	-0.00001964221013361911
1.01405088e8	-4.595277309116241e-6	-0.000020235662561929324	-4.255780110318241e-6	-0.000019726472159087294
1.01825856e8	-4.607432642078635e-6	-0.00002030925817020357	-4.275313792101443e-6	-0.000019811137848324556
1.02246624e8	-4.619576104869516e-6	-0.00002038283568828181	-4.295114926833321e-6	-0.00001989620426412486
1.02667392e8	-4.631729439763532e-6	-0.000020456427529347287	-4.315182601688505e-6	-0.00001998166859673578
1.0308816e8	-4.643913095736529e-6	-0.000020530064903989675	-4.335515535802692e-6	-0.00002006752842065307
1.03508928e8	-4.656146724291155e-6	-0.000020603777881822438	-4.3561112211820685e-6	-0.000020153781437493024
1.03929696e8	-4.668450801825763e-6	-0.000020677596862417325	-4.376966273866856e-6	-0.00002024042491832745
1.04350464e8	-4.680846537485905e-6	-0.000020751553202025264	-4.398077179557092e-6	-0.000020327455172886033
1.04771232e8	-4.693353497731145e-6	-0.000020825676718128072	-4.419440855829571e-6	-0.00002041486733506126
1.05192e8	-4.705991647591112e-6	-0.00002089999674415033	-4.441054740733641e-6	-0.00002050265562103526
1.05612768e8	-4.718780568513381e-6	-0.000020974542620288972	-4.462916400438388e-6	-0.000020590813981979927
1.06033536e8	-4.731737769603228e-6	-0.00002104934133706493	-4.485022884970213e-6	-0.00002067933678384648
1.06454304e8	-4.744880064855295e-6	-0.000021124418440710002	-4.507370195527827e-6	-0.000020768218827127427
1.06875072e8	-4.7582247615363116e-6	-0.000021199799449478363	-4.529953225640426e-6	-0.00002085745394864169
1.0729584e8	-4.771789286261985e-6	-0.000021275509820672944	-4.552766352916571e-6	-0.00002094703502153461
1.07716608e8	-4.7855898260840135e-6	-0.00002135157367733065	-4.575804457562782e-6	-0.00002103695507749137
1.08137376e8	-4.799640425656726e-6	-0.00002142801264592986	-4.59906349303818e-6	-0.000021127207270543735
1.08558144e8	-4.8139536165114905e-6	-0.00002150484607377212	-4.622538955278976e-6	-0.000021217784058835676
1.08978912e8	-4.828542072843334e-6	-0.000021582092594507607	-4.646224907256524e-6	-0.00002130867688476812
1.0939968e8	-4.843418349387285e-6	-0.000021659770643611687	-4.670115841376443e-6	-0.000021399876558469977
1.09820448e8	-4.858592672851714e-6	-0.000021737896022222536	-4.694206566124848e-6	-0.000021491373928594903
1.10241216e8	-4.874075210659079e-6	-0.00002181648329901975	-4.718491390609536e-6	-0.000021583160341176466
1.10661984e8	-4.8898750253378864e-6	-0.000021895546102213004	-4.742963774617692e-6	-0.000021675227580564282
1.11082752e8	-4.90599859481744e-6	-0.00002197509489798577	-4.767616665235508e-6	-0.000021767567300323698
1.1150352e8	-4.9224513459789065e-6	-0.00002205513812569837	-4.7924431050283545e-6	-0.00002186017028660281
1.11924288e8	-4.939238867796014e-6	-0.00002213568369158203	-4.81743666247425e-6	-0.00002195302607277405
1.12345056e8	-4.956366532971046e-6	-0.000022216738961744475	-4.84259140731691e-6	-0.00002204612335088285
1.12765824e8	-4.973838169886058e-6	-0.000022298309541812777	-4.867901438609934e-6	-0.00002213945116269489
1.13186592e8	-4.991655249031446e-6	-0.000022380398221111264	-4.893360238567013e-6	-0.000022232999895566152
1.1360736e8	-5.0098176248569715e-6	-0.000022463005334705244	-4.918960286870444e-6	-0.000022326759736790436
1.14028128e8	-5.028325273603862e-6	-0.000022546130450384894	-4.944693325126259e-6	-0.00002242071915381505
1.14448896e8	-5.047178037842492e-6	-0.000022629772938542736	-4.9705513066600204e-6	-0.000022514867267009464
1.14869664e8	-5.066373468087804e-6	-0.00002271392958574925	-4.996527347533863e-6	-0.000022609193641609515
1.15290432e8	-5.085909158819568e-6	-0.000022798596117201697	-5.022614857685959e-6	-0.00002270368702850245
1.157112e8	-5.105781739289661e-6	-0.000022883767526349352	-5.048805689300551e-6	-0.000022798335444162987
1.16131968e8	-5.12598550750365e-6	-0.000022969435993225318	-5.0750920551623224e-6	-0.000022893126784162554
1.16552736e8	-5.146513993414814e-6	-0.00002305559209281327	-5.101466872381444e-6	-0.000022988049261596366
1.16973504e8	-5.167361168401108e-6	-0.000023142226306838154	-5.127922414249753e-6	-0.00002308309146192844
1.17394272e8	-5.1885210785584945e-6	-0.000023229329039753388	-5.15445025939254e-6	-0.000023178242088861545
1.1781504e8	-5.209986571941272e-6	-0.000023316889458890877	-5.181041889401605e-6	-0.000023273489612507525
1.18235808e8	-5.2317485694786114e-6	-0.000023404894533896048	-5.207689123931658e-6	-0.000023368822031355485
1.18656576e8	-5.253796872439764e-6	-0.000023493329485035908	-5.234384164443107e-6	-0.000023464226882263794
1.19077344e8	-5.276121876951478e-6	-0.000023582179486836274	-5.261119344179832e-6	-0.000023559691491925605
1.19498112e8	-5.29871418930572e-6	-0.000023671430122274018	-5.287886805205311e-6	-0.00002365520332592297
1.1991888e8	-5.3215626334424115e-6	-0.00002376106507462339	-5.314678309109588e-6	-0.000023750750180906444
1.20339648e8	-5.3446566868897705e-6	-0.000023851067845304108	-5.341485276644242e-6	-0.000023846319947451455
1.20760416e8	-5.367985228654781e-6	-0.000023941421858575396	-5.368299013763789e-6	-0.000023941900046731135
1.21181184e8	-5.391535264576142e-6	-0.000024032108394411722	-5.395110967199024e-6	-0.00002403747776424936
1.21601952e8	-5.415293578558966e-6	-0.000024123107906670604	-5.421912812941798e-6	-0.00002413304067017119
1.2202272e8	-5.4392479450493525e-6	-0.000024214401551980735	-5.448696276832976e-6	-0.000024228576221085873
1.22443488e8	-5.463386708481899e-6	-0.00002430597115787858	-5.475452870440378e-6	-0.000024324071519754575
1.22864256e8	-5.487697444572781e-6	-0.000024397797989239578	-5.502173968774393e-6	-0.000024419513478979304
1.23285024e8	-5.512166194598933e-6	-0.000024489861730425666	-5.528851056202377e-6	-0.000024514889039317644
1.23705792e8	-5.5367782899606865e-6	-0.000024582140928708363	-5.55547567460124e-6	-0.000024610185279438923
1.2412656e8	-5.561520122765451e-6	-0.00002467461473920629	-5.582039184770515e-6	-0.000024705389394585886
1.24547328e8	-5.5863787512544505e-6	-0.000024767263397174055	-5.608532760881246e-6	-0.000024800488586218528
1.24968096e8	-5.611339768507584e-6	-0.000024860065759413352	-5.634947514709943e-6	-0.000024895469938779335
1.25388864e8	-5.636389744934078e-6	-0.000024953000985261653	-5.6612746291984095e-6	-0.000024990320350970485
1.25809632e8	-5.6615150250127755e-6	-0.000025046048681809374	-5.6875054260663305e-6	-0.000025085026560178747
1.262304e8	-5.68670040312913e-6	-0.000025139186804135072	-5.713631341275338e-6	-0.000025179575259048903
1.26651168e8	-5.711930719853875e-6	-0.00002523239289631274	-5.739643830660057e-6	-0.00002527395325135906
1.27071936e8	-5.737192051102902e-6	-0.00002532564557888861	-5.765534257462512e-6	-0.000025368147553384013
1.27492704e8	-5.762471283699e-6	-0.000025418924501918738	-5.7912938287163485e-6	-0.00002546214529253188
1.27913472e8	-5.787754772001996e-6	-0.000025512209099853855	-5.816913633660548e-6	-0.00002555593341979634
1.2833424e8	-5.813027561085704e-6	-0.000025605477559365042	-5.842384796062028e-6	-0.000025649498662017045
1.28755008e8	-5.8382741954243755e-6	-0.000025698707239008023	-5.8676986757211225e-6	-0.0000257428284815564
1.29175776e8	-5.863480465717608e-6	-0.0000257918763882925	-5.892846944299812e-6	-0.000025835910441251997
1.29596544e8	-5.88863296080433e-6	-0.00002588496456212841	-5.9178212707955424e-6	-0.00002592873158557829
1.30017312e8	-5.913716993544149e-6	-0.000025977950181887977	-5.942612941289838e-6	-0.000026021278752841326
1.3043808e8	-5.938719042530849e-6	-0.00002607081226835284	-5.967213548285777e-6	-0.00002611353906745162
1.30858848e8	-5.963625462679367e-6	-0.00002616353046991371	-5.991615778633275e-6	-0.00002620550022058854
1.31279616e8	-5.988421245883835e-6	-0.000026256083031528377	-6.015811642612334e-6	-0.00002629715044677461
1.31700384e8	-6.013091631174028e-6	-0.000026348448075586006	-6.039792485479367e-6	-0.000026388478293171147
1.32121152e8	-6.037623260457536e-6	-0.00002644060506629131	-6.063549759072195e-6	-0.00002647947235867587
1.3254192e8	-6.0620037355407774e-6	-0.000026532534739942548	-6.087075622773774e-6	-0.000026570121170244043
1.32962688e8	-6.086220292633726e-6	-0.00002662421787424929	-6.110363055866763e-6	-0.00002666041327614721
1.33383456e8	-6.1102590733774775e-6	-0.000026715634306007097	-6.1334055626582895e-6	-0.000026750337511316502
1.33804224e8	-6.134105979826998e-6	-0.00002680676341049182	-6.15619673660639e-6	-0.000026839883284224264
1.34224992e8	-6.157748417057185e-6	-0.000026897585841401117	-6.178729969885666e-6	-0.000026929040687351247
1.3464576e8	-6.18117477935165e-6	-0.00002698808389556273	-6.200998472150054e-6	-0.000027017800331763375
1.35066528e8	-6.204372473450626e-6	-0.000027078239128952575	-6.222995585392077e-6	-0.00002710615311574127
1.35487296e8	-6.227330433650202e-6	-0.000027168034217317505	-6.24471519528047e-6	-0.000027194090260973525
1.35908064e8	-6.250037729471636e-6	-0.000027257452905660173	-6.266151948985943e-6	-0.00002728160318710149
1.36328832e8	-6.272482385272227e-6	-0.000027346478009504516	-6.287301076213225e-6	-0.000027368685526552028
1.367496e8	-6.294653058902533e-6	-0.00002743509278224643	-6.308157985634999e-6	-0.000027455330709691417
1.37170368e8	-6.316540226314338e-6	-0.00002752328242683344	-6.328718456294347e-6	-0.000027541531519070794
1.37591136e8	-6.338135743355622e-6	-0.000027611034046470806	-6.3489782216041846e-6	-0.000027627281010800253
1.38011904e8	-6.3594315190540485e-6	-0.000027698335422488007	-6.368934385991842e-6	-0.000027712573464899748
1.38432672e8	-6.380418788531905e-6	-0.000027785174042005423	-6.388584968708422e-6	-0.000027797404789198232
1.3885344e8	-6.401088978313929e-6	-0.000027871537589985174	-6.407927398810465e-6	-0.000027881772318716358
1.39274208e8	-6.421435486014815e-6	-0.000027957415724033652	-6.426958757743684e-6	-0.0000279656742527834
1.39694976e8	-6.441453259231622e-6	-0.00002804280052914887	-6.445676639765807e-6	-0.00002804910908638103
1.40115744e8	-6.461136720203875e-6	-0.000028127684103873563	-6.464079865264871e-6	-0.0000281320753428016
1.40536512e8	-6.480482237281038e-6	-0.00002821206030811929	-6.4821686910354614e-6	-0.000028214571758500284
1.4095728e8	-6.4994868971268716e-6	-0.000028295924880405998	-6.499944494642307e-6	-0.000028296597853194605
1.41378048e8	-6.518147256495688e-6	-0.000028379273413481343	-6.517409147921427e-6	-0.000028378154583341697
1.41798816e8	-6.53646095716276e-6	-0.000028462102639625897	-6.534564418458899e-6	-0.000028459244604595035
1.42219584e8	-6.5544278945450785e-6	-0.000028544411911468615	-6.551411743771496e-6	-0.0000285398716115548
1.42640352e8	-6.5720497884891316e-6	-0.00002862620314825204	-6.567952577918312e-6	-0.00002862003924686274
1.4306112e8	-6.589328869766042e-6	-0.000028707479616585374	-6.5841892348261766e-6	-0.000028699752087857355
1.43481888e8	-6.60626714665824e-6	-0.000028788244945232577	-6.6001257293946125e-6	-0.00002877901619890988
1.43902656e8	-6.622867227190632e-6	-0.000028868503568868498	-6.6157675625566625e-6	-0.000028857838692997184
1.44323424e8	-6.639134018993076e-6	-0.000028948262413175385	-6.63111957710516e-6	-0.00002893622688826536
1.44744192e8	-6.655074239692027e-6	-0.00002902753124678359	-6.646186912706575e-6	-0.00002901418825740354
1.4516496e8	-6.670694393529075e-6	-0.00002910632027719462	-6.6609759225011445e-6	-0.00002909173099940876
1.45585728e8	-6.686003209410707e-6	-0.000029184641877844086	-6.67549382016297e-6	-0.000029168864718709386
1.46006496e8	-6.701010272225361e-6	-0.00002926251055057616	-6.689747809485169e-6	-0.000029245600725369414
1.46427264e8	-6.715724730765871e-6	-0.000029339940798456254	-6.703744911074061e-6	-0.00002932195172922203
1.46848032e8	-6.73015690788592e-6	-0.000029416948379212826	-6.717492429086924e-6	-0.000029397931065267002
1.472688e8	-6.74431944180931e-6	-0.00002949355174020063	-6.730998593162951e-6	-0.000029473551889536154
1.47689568e8	-6.7582267868626644e-6	-0.000029569771875070927	-6.744272903591586e-6	-0.000029548826919523208
1.48110336e8	-6.771893802159923e-6	-0.000029645630980179583	-6.757325937356562e-6	-0.000029623769104536457
1.48531104e8	-6.785334919268138e-6	-0.000029721151333150786	-6.770168690994893e-6	-0.000029698392995380907
1.48951872e8	-6.798564905929894e-6	-0.000029796355633937566	-6.7828118259782855e-6	-0.000029772715416931383
1.4937264e8	-6.811600563261244e-6	-0.000029871268643177906	-6.7952653282077335e-6	-0.000029846752874762572
1.49793408e8	-6.8244602318134895e-6	-0.000029945917521367882	-6.807538971864702e-6	-0.00002992052116423949
1.50214176e8	-6.83716157856562e-6	-0.000030020329238933385	-6.819643496802641e-6	-0.00002999403761316799
1.50634944e8	-6.8497239780196395e-6	-0.00003009453214686264	-6.831591454203867e-6	-0.00003006732027588388
1.51055712e8	-6.862167201138192e-6	-0.0000301685559911391	-6.843395433775434e-6	-0.000030140386803378938
1.5147648e8	-6.874509989374111e-6	-0.000030242429654658842	-6.855066732036619e-6	-0.00003021325460439428
1.51897248e8	-6.886771573566541e-6	-0.000030316182269007896	-6.86661770510355e-6	-0.00003028594141174512
1.52318016e8	-6.898972787272584e-6	-0.000030389844583811332	-6.8780614262964335e-6	-0.000030358465653912425
1.52738784e8	-6.9111355540663055e-6	-0.000030463448788431435	-6.889410346100355e-6	-0.000030430846441720227
1.53159552e8	-6.923281439252804e-6	-0.00003053702711963702	-6.900676410293016e-6	-0.000030503103243151308
1.5358032e8	-6.9354307585811625e-6	-0.00003061061066811366	-6.911871666903657e-6	-0.00003057525544913897
1.54001088e8	-6.947603282569936e-6	-0.00003068422964058737	-6.923008649906137e-6	-0.00003064732205504406
1.54421856e8	-6.95981990661565e-6	-0.00003075791494466795	-6.934100352795625e-6	-0.00003071932161335944
1.54842624e8	-6.972102162494664e-6	-0.00003083169851669787	-6.945159913840371e-6	-0.00003079127247618274
1.55263392e8	-6.98446997859925e-6	-0.00003090561071006359	-6.956200242491661e-6	-0.00003086319318323927
1.5568416e8	-6.9969440219530554e-6	-0.00003097968182486088	-6.967233793453431e-6	-0.000030935102678375515
1.56104928e8	-7.009544398139944e-6	-0.00003105394210556334	-6.97827258866468e-6	-0.000031007019908546596
1.56525696e8	-7.022289249758451e-6	-0.0000311284195174677	-6.9893284457833715e-6	-0.00003107896303911062
1.56946464e8	-7.035196258220466e-6	-0.00003120314085358622	-7.000413244528936e-6	-0.000031150950035141456
1.57367232e8	-7.0482837407626064e-6	-0.00003127813309145022	-7.011539017276469e-6	-0.000031222999049562716
1.57788e8	-7.061570149069496e-6	-0.000031353423226021526	-7.02271771502172e-6	-0.000031295127775665676
1.58208768e8	-7.075072660622794e-6	-0.000031429036922436815	-7.033960823132901e-6	-0.00003136735322439854
1.58629536e8	-7.088806340926901e-6	-0.00003150499738768797	-7.045279490580647e-6	-0.00003143969195318341
1.59050304e8	-7.1027848882465605e-6	-0.00003158132569680561	-7.056684851347583e-6	-0.00003151216029861903
1.59471072e8	-7.117022308933407e-6	-0.00003165804241267445	-7.0681878324707625e-6	-0.000031584774445536645
1.5989184e8	-7.131532409609953e-6	-0.00003173516791343811	-7.0797988778181775e-6	-0.0000316575503352956
1.60312608e8	-7.146326683749038e-6	-0.00003181271989127765	-7.091527985059187e-6	-0.000031730503492477524
1.60733376e8	-7.161416734624559e-6	-0.00003189071502218699	-7.103384856321782e-6	-0.00003180364886878895
1.61154144e8	-7.176812924281073e-6	-0.00003196916895464863	-7.115379017985646e-6	-0.00003187700077844635
1.61574912e8	-7.192523051258171e-6	-0.00003204809415757737	-7.1275198498810255e-6	-0.00003195057294314019
1.6199568e8	-7.208553953419461e-6	-0.00003212750116265983	-7.139816519563524e-6	-0.00003202437861882235
1.62416448e8	-7.224912676129236e-6	-0.00003220740002840561	-7.1522778593013925e-6	-0.0000320984307248251
1.62837216e8	-7.241606019392499e-6	-0.00003228780025865685	-7.164912249391087e-6	-0.000032172741874614275
1.63257984e8	-7.25863917394598e-6	-0.000032368709530938844	-7.177727565976788e-6	-0.00003224732421547305
1.63678752e8	-7.2760149284478715e-6	-0.0000324501326446347	-7.190731233897019e-6	-0.00003232218919202445
1.6409952e8	-7.293734467062052e-6	-0.00003253207192877028	-7.2039303756765705e-6	-0.00003239734755744461
1.64520288e8	-7.311799129827712e-6	-0.000032614528965080325	-7.2173319819457404e-6	-0.000032472810135519836
1.64941056e8	-7.330210054834474e-6	-0.000032697505088163936	-7.23094292975901e-6	-0.00003254858718459985
1.65361824e8	-7.348966022946435e-6	-0.00003278099893766484	-7.244769635095238e-6	-0.000032624687942184316
1.65782592e8	-7.368065876867114e-6	-0.000032865008089522085	-7.258817714905774e-6	-0.00003270112086906085
1.6620336e8	-7.387507402256688e-6	-0.000032949529295445146	-7.2730928363240466e-6	-0.00003277789403266507
1.66624128e8	-7.407285993243917e-6	-0.00003303455639724895	-7.287601047845094e-6	-0.00003285501532479529
1.67044896e8	-7.4273962461512966e-6	-0.000033120081569526505	-7.302347284077193e-6	-0.00003293249243196961
1.67465664e8	-7.447833167528728e-6	-0.00003320609683676867	-7.317335458889573e-6	-0.00003301033262714803
1.67886432e8	-7.468591790682488e-6	-0.000033292594077138915	-7.3325691418713035e-6	-0.00003308854252404014
1.683072e8	-7.48966588581812e-6	-0.00003337956384441565	-7.348052053157694e-6	-0.0000331671279357737
1.68727968e8	-7.511047222963363e-6	-0.00003346699439543688	-7.363788129266524e-6	-0.00003324609391319733
1.69148736e8	-7.532726387093902e-6	-0.00003355487213985153	-7.3797812336628965e-6	-0.00003332544494183409
1.69569504e8	-7.554694515188309e-6	-0.00003364318336152028	-7.396034750528635e-6	-0.000033405185181134556
1.69990272e8	-7.576942927300934e-6	-0.00003373191470168457	-7.412551310870263e-6	-0.00003348531857472192
1.7041104e8	-7.599461084417669e-6	-0.00003382105081484177	-7.429332796071719e-6	-0.00003356584871216928
1.70831808e8	-7.622239040383505e-6	-0.00003391057606560999	-7.446380605125036e-6	-0.00003364677855222098
1.71252576e8	-7.645266234312942e-6	-0.00003400047470702994	-7.4636960114560225e-6	-0.00003372811030177836
1.71673344e8	-7.668530163651432e-6	-0.00003409072876614516	-7.481280348220487e-6	-0.00003380984542122878
1.72094112e8	-7.69201803363373e-6	-0.00003418131934251889	-7.499134835553534e-6	-0.00003389198664982551
1.7251488e8	-7.715717996847893e-6	-0.000034272228166098984	-7.517260193212749e-6	-0.00003397453534692563
1.72935648e8	-7.739618757773847e-6	-0.00003436343759688487	-7.535656781465505e-6	-0.00003405749107066036
1.73356416e8	-7.76370823307726e-6	-0.000034454929398575196	-7.554324087499786e-6	-0.000034140852563480095
1.73777184e8	-7.787972761574835e-6	-0.00003454668370084235	-7.573262344684473e-6	-0.000034224618713385446
1.74197952e8	-7.812397904150004e-6	-0.00003463867941344567	-7.592471934048106e-6	-0.00003430878890764433
1.7461872e8	-7.836970229102569e-6	-0.00003473089597250123	-7.611951730379651e-6	-0.00003439336275856686
1.75039488e8	-7.861677002285461e-6	-0.000034823313894594143	-7.631699418531035e-6	-0.00003447833948611034
1.75460256e8	-7.886503982090787e-6	-0.000034915912304978036	-7.65171242567142e-6	-0.000034563717336788535
1.75881024e8	-7.911437840624203e-6	-0.00003500867051864365	-7.671988635271632e-6	-0.00003464949334186507
1.76301792e8	-7.936465084124045e-6	-0.000035101568352402523	-7.692526546199119e-6	-0.000034735663531182404
1.7672256e8	-7.961570608450153e-6	-0.000035194583927422585	-7.713324904901064e-6	-0.00003482222349293629
1.77143328e8	-7.986739282594968e-6	-0.000035287694859720276	-7.73438206524979e-6	-0.000034909168956098746
1.77564096e8	-8.011957194575814e-6	-0.00003538087980159421	-7.755695421107767e-6	-0.00003499649597327181
1.77984864e8	-8.037211277400758e-6	-0.000035474118453393544	-7.777261220587306e-6	-0.000035084200364687845
1.78405632e8	-8.062487959148434e-6	-0.00003556739032972711	-7.799074912107073e-6	-0.00003517227681493207
1.788264e8	-8.087772330411802e-6	-0.00003566067367799519	-7.821131919660829e-6	-0.000035260719492447024
1.79247168e8	-8.113048894919928e-6	-0.00003575394583199554	-7.843428404763486e-6	-0.00003534952276418313
1.79667936e8	-8.138303341787001e-6	-0.000035847184924775455	-7.865961185848924e-6	-0.00003543868095601255
1.80088704e8	-8.163522267290446e-6	-0.00003594037045884235	-7.8887259596927e-6	-0.000035528187421585145
1.80509472e8	-8.188690946431265e-6	-0.00003603348083125457	-7.911717612385516e-6	-0.000035618034400219933
1.8093024e8	-8.21379571114278e-6	-0.000036126494862842584	-7.934931410269463e-6	-0.000035708213569463076
1.81351008e8	-8.238822903017251e-6	-0.000036219392119618554	-7.958362861715251e-6	-0.00003579871678927038
1.81771776e8	-8.263757434900931e-6	-0.0000363121507351849	-7.982006834716948e-6	-0.00003588953652333693
1.82192544e8	-8.288584352422745e-6	-0.00003640474858446208	-8.005857238591041e-6	-0.0000359806656609063
1.82613312e8	-8.313290066119805e-6	-0.00003649716481024523	-8.029907434647932e-6	-0.000036072096818773325
1.8303408e8	-8.337861983065409e-6	-0.000036589379838192215	-8.05415094129458e-6	-0.000036163821527823714
1.83454848e8	-8.362287183705241e-6	-0.000036681374169678094	-8.078581920090144e-6	-0.00003625582987754061
1.83875616e8	-8.386551617611815e-6	-0.00003677312733452176	-8.103195123343454e-6	-0.00003634811106834057
1.84296384e8	-8.410640869982444e-6	-0.00003686461827234755	-8.12798530969161e-6	-0.00003644065479058156
1.84717152e8	-8.434541922119898e-6	-0.00003695582704976719	-8.152946459505372e-6	-0.000036533452290266055
1.8513792e8	-8.458242855113873e-6	-0.00003704673541615744	-8.178071320696922e-6	-0.000036626494485991756
1.85558688e8	-8.481730690235167e-6	-0.00003713732438936912	-8.20335175533149e-6	-0.00003671977031460827
1.85979456e8	-8.504993822877616e-6	-0.00003722757585611358	-8.228779929675412e-6	-0.000036813269439051055
1.86400224e8	-8.528020922549118e-6	-0.0000373174728844905	-8.254349481706669e-6	-0.00003690698197855724
1.86820992e8	-8.550799508233453e-6	-0.000037406997538624864	-8.280054368259293e-6	-0.000037000897255445864
1.8724176e8	-8.573317569093852e-6	-0.00003749613211934122	-8.305886584514255e-6	-0.000037095003745490907
1.87662528e8	-8.595564844227077e-6	-0.00003758486075422507	-8.331838621811194e-6	-0.00003718928965823487
1.88083296e8	-8.617532476495882e-6	-0.000037673169453467104	-8.357903747979734e-6	-0.00003728374346290142
1.88504064e8	-8.639211691363613e-6	-0.00003776104491848287	-8.384074552281184e-6	-0.00003737835406403267
1.88924832e8	-8.660592982545623e-6	-0.00003784847349663778	-8.410342812958937e-6	-0.000037473110611530025
1.893456e8	-8.681666870513638e-6	-0.00003793544156005524	-8.436700121183804e-6	-0.000037568002107302156
1.89766368e8	-8.702425704276706e-6	-0.000038021937251775384	-8.46313840241475e-6	-0.00003766301704266617
1.90187136e8	-8.722863504728728e-6	-0.0000381079511762028	-8.489650036191954e-6	-0.000037758143276667155
1.90607904e8	-8.742973699016332e-6	-0.00003819347396849526	-8.516227629318252e-6	-0.00003785336825445906
1.91028672e8	-8.76275146011185e-6	-0.000038278497732524563	-8.542863649485533e-6	-0.00003794867949113989
1.9144944e8	-8.78219285316284e-6	-0.000038363016577669384	-8.569550148829208e-6	-0.00003804406501040081
1.91870208e8	-8.801293312155067e-6	-0.000038447024413357234	-8.596278724404272e-6	-0.00003813951318676345
1.92290976e8	-8.820049181568201e-6	-0.00003853051608149194	-8.623040730570963e-6	-0.0000382350116895358
1.92711744e8	-8.838458996573983e-6	-0.00003861348892897354	-8.649827613504968e-6	-0.00003833054790836066
1.93132512e8	-8.856523168510044e-6	-0.00003869594288519185	-8.67663114345607e-6	-0.00003842610971305227
1.9355328e8	-8.874242687362255e-6	-0.000038777879291074235	-8.70344330972106e-6	-0.00003852168487417096
1.93974048e8	-8.89161829642493e-6	-0.00003885929984348557	-8.730255826816524e-6	-0.00003861726064480209
1.94394816e8	-8.908651197847561e-6	-0.00003894020691574962	-8.757060112274395e-6	-0.00003871282401812781
1.94815584e8	-8.925344777366284e-6	-0.000039020605215878135	-8.783847779025855e-6	-0.0000388083620566082
1.95236352e8	-8.941704419229701e-6	-0.00003910050240785168	-8.81061055779675e-6	-0.00003890386203653229
1.9565712e8	-8.95773527742616e-6	-0.000039179906709319035	-8.837339904976815e-6	-0.000038999311385623514
1.96077888e8	-8.97344455974558e-6	-0.000039258828254951084	-8.864027030597299e-6	-0.000039094697508845755
1.96498656e8	-8.988840600077097e-6	-0.00003933727955862665	-8.890663090510564e-6	-0.00003919000762475644
1.96919424e8	-9.003931262685505e-6	-0.00003941527318940263	-8.917239346706296e-6	-0.00003928522870111362
1.97340192e8	-9.018725464216004e-6	-0.000039492822854647613	-8.943747214829045e-6	-0.00003938034751949093
1.9776096e8	-9.03323443268711e-6	-0.000039569944927930756	-8.970178203671075e-6	-0.00003947535082660103
1.98181728e8	-9.047471340339897e-6	-0.00003964665845623827	-8.996523796711564e-6	-0.00003957022548606304
1.98602496e8	-9.061449919967046e-6	-0.00003972298388021933	-9.022775341871458e-6	-0.000039664958524587846
1.99023264e8	-9.075183544760002e-6	-0.00003979894184769073	-9.048924008214776e-6	-0.00003975953700952051
1.99444032e8	-9.088685863134494e-6	-0.000039874553422358794	-9.074960842792024e-6	-0.00003985394785233076
1.998648e8	-9.10197250469924e-6	-0.000039949841681097276	-9.100876916301459e-6	-0.00003994817778119053
2.00285568e8	-9.11506090095493e-6	-0.00004002483232146137	-9.126663491731968e-6	-0.000040042213915514324
2.00706336e8	-9.127967892208488e-6	-0.000040099551101735464	-9.152312076432523e-6	-0.00004013604354791145
2.01127104e8	-9.140711929922496e-6	-0.00004017402503453393	-9.177814159655462e-6	-0.000040229653616496996
2.01547872e8	-9.153312207854647e-6	-0.00004024828288817783	-9.203160930004728e-6	-0.00004032303081979993
2.0196864e8	-9.165786922560315e-6	-0.00004032235272921625	-9.228343652911697e-6	-0.00004041616194894182
2.02389408e8	-9.178154704025943e-6	-0.0000403962628543475	-9.253354530169844e-6	-0.000040509034143210165
2.02810176e8	-9.19043585434487e-6	-0.000040470043258911126	-9.278185309269382e-6	-0.00004060163495156477
2.03230944e8	-9.202651966244701e-6	-0.0000405437256094654	-9.302827139734404e-6	-0.00004069395221473204
2.03651712e8	-9.2148244943413e-6	-0.00004061734190485833	-9.3272711382264e-6	-0.000040785973871138026
2.0407248e8	-9.226973754161705e-6	-0.00004069092319769485	-9.351508905797168e-6	-0.00004087768781035894
2.04493248e8	-9.239119483139824e-6	-0.00004076449970236151	-9.37553269386715e-6	-0.00004096908186657089
2.04914016e8	-9.251282522937387e-6	-0.000040838102332130255	-9.399335225923622e-6	-0.00004106014397364799
2.05334784e8	-9.26348468077709e-6	-0.00004091176332510216	-9.42290935967982e-6	-0.00004115086241041066
2.05755552e8	-9.275746265413609e-6	-0.00004098551363684866	-9.44624781129555e-6	-0.000041241226001242914
2.0617632e8	-9.288088212544565e-6	-0.00004105938403742293	-9.469343105306116e-6	-0.00004133122411920098
2.06597088e8	-9.300531287337321e-6	-0.00004113340563793866	-9.492187777015992e-6	-0.000041420846432549396
2.07017856e8	-9.313094332941141e-6	-0.00004120760745496277	-9.51477471278217e-6	-0.00004151008278807655
2.07438624e8	-9.325795654824276e-6	-0.000041282017292587625	-9.537097405143413e-6	-0.00004159892278654542
2.07859392e8	-9.33865424224134e-6	-0.00004135666319082798	-9.559149921289922e-6	-0.00004168735833942616
2.0828016e8	-9.35168940385811e-6	-0.000041431573410743994	-9.580926588759198e-6	-0.00004177538143745885
2.08700928e8	-9.36491937864048e-6	-0.000041506775139033	-9.60242194292249e-6	-0.000041862983122809005
2.09121696e8	-9.378360377954031e-6	-0.00004158229326345353	-9.623630459754118e-6	-0.00004195015439079075
2.09542464e8	-9.392027169652373e-6	-0.00004165815052459276	-9.644547493192768e-6	-0.00004203688728465771
2.09963232e8	-9.405934756179235e-6	-0.00004173436907295436	-9.665169911299287e-6	-0.000042123175418185
2.10384e8	-9.420098221690765e-6	-0.000041810971092237637	-9.685493872035877e-6	-0.00004220901382001596
2.10804768e8	-9.434530379381911e-6	-0.00004188797629867125	-9.70551487766702e-6	-0.00004229439836567206
2.11225536e8	-9.449243982051492e-6	-0.00004196540315670738	-9.725228750423476e-6	-0.00004237932518535992
2.11646304e8	-9.464250876223268e-6	-0.00004204326941925629	-9.744632479158355e-6	-0.00004246379038186365
2.12067072e8	-9.479560306169255e-6	-0.00004212158973027069	-9.76372449590368e-6	-0.00004254779019952082
2.1248784e8	-9.495180399499148e-6	-0.00004220037663782428	-9.78250438388173e-6	-0.00004263132155468696
2.12908608e8	-9.511119462679574e-6	-0.00004227964215142155	-9.800972263662722e-6	-0.0000427143826204901
2.13329376e8	-9.527385670393684e-6	-0.00004235939781738196	-9.81912821007569e-6	-0.000042796973073300215
2.13750144e8	-9.543985717286319e-6	-0.000042439653497927665	-9.836972005961009e-6	-0.000042879093720471495
2.14170912e8	-9.560923900253648e-6	-0.000042520416216773604	-9.854503390638314e-6	-0.00004296074573373332
2.1459168e8	-9.57820274816168e-6	-0.000042601690384835855	-9.871722723930887e-6	-0.00004304193079651686
2.15012448e8	-9.595824782882012e-6	-0.00004268347945801665	-9.888631722354546e-6	-0.0000431226517945138
2.15433216e8	-9.613792530616116e-6	-0.00004276578674344833	-9.90523364641227e-6	-0.00004320291313442137
2.15853984e8	-9.632106146240105e-6	-0.000042848612973322986	-9.921532142076472e-6	-0.000043282719694004435
2.16274752e8	-9.650765576019182e-6	-0.00004293195746019052	-9.937530421777474e-6	-0.00004336207638933054
2.1669552e8	-9.669769978959408e-6	-0.00004301581888788153	-9.953232643522547e-6	-0.00004344098855657563
2.17116288e8	-9.689116024280686e-6	-0.00004310019301412282	-9.968644188229625e-6	-0.00004351946269509632
2.17537056e8	-9.708799355911957e-6	-0.00004318507366840585	-9.98377089289626e-6	-0.00004359750702442877
2.17957824e8	-9.72881593452879e-6	-0.00004327045436725019	-9.99861840000893e-6	-0.00004367513148573199
2.18378592e8	-9.749161804739614e-6	-0.00004335632848639914	-0.000010013192313418351	-0.00004375234715148224
2.1879936e8	-9.76983183020863e-6	-0.00004344268814582275	-0.000010027498855258443	-0.00004382916534562131
2.19220128e8	-9.790818833010917e-6	-0.00004352952314035097	-0.000010041545488226333	-0.00004390559702094343
2.19640896e8	-9.812114243112902e-6	-0.000043616821212677515	-0.00001005534106768291	-0.00004398165291819023
2.20061664e8	-9.833709841422511e-6	-0.000043704569713698405	-0.000010068895394677035	-0.000044057344675718646
2.20482432e8	-9.855597774444114e-6	-0.00004379275640897795	-0.000010082218390494724	-0.000044132686210951455
2.209032e8	-9.877768287758215e-6	-0.00004388136716426683	-0.000010095319387448676	-0.00004420769327573293
2.21323968e8	-9.900211915936374e-6	-0.00004397038714920587	-0.000010108207092018873	-0.00004428238015707908
2.21744736e8	-9.922918856264396e-6	-0.00004405980161792389	-0.000010120890491904788	-0.00004435676194725069
2.22165504e8	-9.945877261774427e-6	-0.000044149593576681134	-0.00001013338024580257	-0.000044430855197119534
2.22586272e8	-9.969074754034857e-6	-0.00004423974483147575	-0.000010145688797535968	-0.00004450467680094938
2.2300704e8	-9.992499800381971e-6	-0.00004433023764816024	-0.000010157827256329632	-0.00004457824332926297
2.23427808e8	-0.000010016141478996765	-0.0000444210549310764	-0.000010169806626381117	-0.000044651571363907294
2.23848576e8	-0.00001003998817783458	-0.00004451217907619487	-0.000010181639255368857	-0.00004472467804572666
2.24269344e8	-0.000010064026691680716	-0.00004460359084956789	-0.000010193337667496749	-0.0000447975813888668
2.24690112e8	-0.000010088242853978358	-0.000044695269627137435	-0.000010204913738154353	-0.000044870300208832425
2.2511088e8	-0.000010112623314850744	-0.00004478719506839646	-0.00001021637909581763	-0.00004494285373768392
2.25531648e8	-0.000010137155607270465	-0.000044879347985249396	-0.000010227745710578162	-0.00004501526113376286
2.25952416e8	-0.000010161825764520849	-0.000044971707934493566	-0.000010239026173031185	-0.000045087541138633114
2.26373184e8	-0.000010186620459484708	-0.000045064254316051766	-0.000010250233576258871	-0.00004515971207486036
2.26793952e8	-0.00001021152648827961	-0.000045156967246273716	-0.000010261381148235493	-0.00004523179222293283
2.2721472e8	-0.00001023652895970617	-0.0000452498251657385	-0.000010272481863138339	-0.00004530380036915638
2.27635488e8	-0.00001026161274753079	-0.00004534280578039063	-0.00001028354823395805	-0.000045375755985288535
2.28056256e8	-0.000010286763878597505	-0.00004543588770899998	-0.000010294592378667922	-0.00004544767823466689
2.28477024e8	-0.000010311969316223468	-0.00004552905067545243	-0.000010305626313433791	-0.000045519585454179
2.28897792e8	-0.00001033721564391854	-0.00004562227434634636	-0.000010316662278464506	-0.000045591496292018974
2.2931856e8	-0.000010362488108039969	-0.00004571553715670973	-0.000010327712814950374	-0.00004566342955858449
2.29739328e8	-0.000010387771196107565	-0.00004580881647953117	-0.000010338790312758306	-0.000045735403369606686
2.30160096e8	-0.000010413050406499202	-0.00004590209026744674	-0.000010349906545359389	-0.00004580743522608621
2.30580864e8	-0.00001043831236990922	-0.00004599533795746069	-0.000010361073185194414	-0.000045879542383442384
2.31001632e8	-0.000010463542416960792	-0.00004608853804510815	-0.000010372302047811921	-0.000045951742068006673
2.314224e8	-0.000010488726645996316	-0.000046181669098754874	-0.000010383604538199975	-0.000046024051444493175
2.31843168e8	-0.00001051385148231887	-0.000046274710664317986	-0.000010394991527107322	-0.000046096487414937215
2.32263936e8	-0.00001053890185775952	-0.00004636764089760437	-0.000010406473544222195	-0.00004616906639154372
2.32684704e8	-0.000010563862620105446	-0.00004646043745903938	-0.000010418060971684184	-0.000046241804162572286
2.33105472e8	-0.000010588719902449029	-0.000046553079138700326	-0.000010429764113029094	-0.000046314715906325965
2.3352624e8	-0.000010613460920350093	-0.00004664554605415816	-0.000010441593131016447	-0.000046387816320270225
2.33947008e8	-0.000010638072682311872	-0.000046737818516717766	-0.000010453557907297295	-0.000046461119773466564
2.34367776e8	-0.000010662541059081043	-0.00004682987588799925	-0.000010465667906411902	-0.00004653464036519228
2.34788544e8	-0.000010686851369734462	-0.000046921696769008925	-0.000010477932103736265	-0.00004660839181624965
2.35209312e8	-0.000010710990134499276	-0.00004701326063794031	-0.000010490359016346318	-0.00004668238725946683
2.3563008e8	-0.000010734945171342325	-0.000047104548733356566	-0.000010502956820479525	-0.0000467566391836316
2.36050848e8	-0.00001075870323508088	-0.000047195541691524845	-0.000010515733501192948	-0.00004683115967285545
2.36471616e8	-0.000010782252144014848	-0.000047286220624331854	-0.00001052869692375058	-0.00004690596063250396
2.36892384e8	-0.000010805580285766503	-0.000047376568029777744	-0.00001054185467186386	-0.00004698105322276103
2.37313152e8	-0.000010828674799845395	-0.0000474665653950046	-0.0000105552137437126	-0.00004705644777436291
2.3773392e8	-0.000010851523047583633	-0.000047556194162412524	-0.00001056878055005761	-0.000047132154006646054
2.38154688e8	-0.00001087411403366545	-0.00004764543741941907	-0.00001058256193975371	-0.00004720818127035287
2.38575456e8	-0.000010896438226271066	-0.00004773428014026582	-0.000010596564310794143	-0.00004728453866087445
2.38996224e8	-0.000010918486271549455	-0.00004782270807190958	-0.000010610793062304502	-0.00004736123496318356
2.39416992e8	-0.000010940248052482282	-0.00004791070659193597	-0.000010625252946705466	-0.000047438278483968865
2.3983776e8	-0.000010961713268420326	-0.00004799826089663117	-0.000010639948562096713	-0.00004751567686989144
2.40258528e8	-0.000010982873223097656	-0.000048085357666649564	-0.000010654884601613013	-0.00004759343701310481
2.40679296e8	-0.000011003721064439809	-0.00004817198608397799	-0.00001067006578270302	-0.00004767156509866144
2.41100064e8	-0.000011024249355950921	-0.00004825813548281488	-0.000010685496570128628	-0.00004775006678092719
2.41520832e8	-0.0000110444520657893	-0.00004834379626594831	-0.000010701180877648042	-0.00004782894739285837
2.419416e8	-0.000011064324336174103	-0.00004842896100443195	-0.000010717121921022255	-0.000047908212039260434
2.42362368e8	-0.000011083860590899164	-0.000048513622079360275	-0.000010733322297729053	-0.00004798786542759004
2.42783136e8	-0.000011103055918115778	-0.000048597772526526306	-0.000010749784241426141	-0.00004806791157929702
2.43203904e8	-0.000011121907493194527	-0.000048681407711748115	-0.000010766509890403064	-0.000048148353263610666
2.43624672e8	-0.000011140414436727752	-0.00004876452560242939	-0.000010783501364963755	-0.00004822919404634529
2.4404544e8	-0.00001115857656142083	-0.000048847125685203	-0.000010800760554596778	-0.00004831043757413944
2.44466208e8	-0.000011176393427292375	-0.00004892920782351151	-0.000010818288843861268	-0.00004839208554219265
2.44886976e8	-0.000011193864871250625	-0.00004901077239682916	-0.000010836087151133711	-0.00004847413822894886
2.45307744e8	-0.000011210992723276192	-0.00004909182188184147	-0.000010854155683581723	-0.00004855659563518522
2.45728512e8	-0.000011227781023914751	-0.0000491723618114559	-0.00001087249608233698	-0.00004863945818156523
2.4614928e8	-0.000011244233641738433	-0.000049252398463206504	-0.000010891108919497405	-0.00004872272669687039
2.46570048e8	-0.000011260356191922227	-0.00004933193969591798	-0.000010909993129692985	-0.000048806401895529206
2.46990816e8	-0.000011276155764683438	-0.00004941099599797827	-0.000010929146898708275	-0.000048890483730468226
2.47411584e8	-0.000011291638964960882	-0.000049489578027195336	-0.000010948568629598476	-0.00004897497098943493
2.47832352e8	-0.000011306813265332671	-0.00004956769739761224	-0.000010968257372789836	-0.000049059861334743715
2.4825312e8	-0.000011321688402121666	-0.00004964536830631694	-0.000010988212633233907	-0.00004914515174159195
2.48673888e8	-0.000011336276187656757	-0.0000497226077407209	-0.000011008433784764904	-0.000049230839068270527
2.49094656e8	-0.000011350589184333515	-0.000049799434299391265	-0.000011028919446709473	-0.000049316920372355355
2.49515424e8	-0.000011364639677213795	-0.00004987586693638857	-0.000011049667148821385	-0.00004940339268166838
2.49936192e8	-0.000011378440136211587	-0.0000499519249917979	-0.000011070673458513092	-0.000049490252338246776
2.5035696e8	-0.000011392004898524988	-0.00005002762970329755	-0.000011091934531193282	-0.000049577494897645735
2.50777728e8	-0.00001140535036792123	-0.00005010300512453547	-0.000011113446802379912	-0.00004966511543003094
2.51198496e8	-0.000011418492511294787	-0.00005017807568763466	-0.000011135207336532282	-0.00004975310942212374
2.51619264e8	-0.00001143144869863999	-0.000050252866888755854	-0.00001115721325861685	-0.00004984147192466093
2.52040032e8	-0.000011444237447810757	-0.000050327406330041846	-0.000011179460453925039	-0.00004993019679611077
2.524608e8	-0.000011456876333970634	-0.00005040172113290886	-0.00001120194450654477	-0.000050019276856660966