0	0.5235987755982989
250000	0.5238765873507075
500000	0.5247089264737548
750000	0.5260925089143859
1000000	0.5280219890913797
1250000	0.5304899045432375
1500000	0.5334867448293279
1750000	0.5370017964304753
2000000	0.5410222934908777
2250000	0.5455335430857347
2500000	0.5505199875704258
2750000	0.5559658028548399
3000000	0.5618538242095484
3250000	0.5681657979888527
3500000	0.574882729486787
3750000	0.5819852321500463
4000000	0.5894544518875604
4250000	0.5972717324090042
4500000	0.6054181208705541
4750000	0.613874605841265
5000000	0.622622342174661
5250000	0.6316428473455581
5500000	0.6409181577841047
5750000	0.6504309118862223
6000000	0.6601644718662282
6250000	0.6701025947805238
6500000	0.6802294595818592
6750000	0.690529752008856
7000000	0.7009887316679537
7250000	0.7115922824483779
7500000	0.7223269477928365
7750000	0.7331799525484185
8000000	0.7441390423885934
8250000	0.7551922683882382
8500000	0.7663283843094835
8750000	0.7775366068439994
9000000	0.7888066063226267
9250000	0.800128502512622
9500000	0.8114928571176919
9750000	0.8228906634364191
10000000	0.8343133336075298
10250000	0.8457526838338877
10500000	0.8572009179352336
10750000	0.8686505294001445
11000000	0.8800939207560218
11250000	0.8915243691971129
11500000	0.9029355207048005
11750000	0.914321243042497
12000000	0.925675608970325
12250000	0.936992880475955
12500000	0.9482674938223178
12750000	0.959494045239625
13000000	0.9706672771110897
13250000	0.9817820645197085
13500000	0.9928334020380564
13750000	1.003816390654791
14000000	1.0147261934334522
14250000	1.025558031422683
14500000	1.0363079530161405
14750000	1.0469721851625413
15000000	1.0575469838910787
15250000	1.0680286277592015
15500000	1.0784134119127502
15750000	1.088697642590696
16000000	1.0988776319276659
16250000	1.1089496929250082
16500000	1.1189101344759345
16750000	1.1287552563427126
17000000	1.1384813439943495
17250000	1.1480846632220276
17500000	1.157561454456991
17750000	1.1669080870828288
18000000	1.1761215677708683
18250000	1.1851989328813273
18500000	1.1941371681798587
18750000	1.202933221052218
19000000	1.2115840067675485
19250000	1.2200864145054435
19500000	1.2284373130641155
19750000	1.2366335561707285
20000000	1.2446719873183092
20250000	1.2525494440568439
20500000	1.2602627616692217
20750000	1.2678087761657222
21000000	1.2751843265337783
21250000	1.2823862561828292
21500000	1.2894114135272234
21750000	1.2962568613504633
22000000	1.3029204601629378
22250000	1.309399295888915
22500000	1.3156903442409356
22750000	1.321790602987128
23000000	1.3276971099247352
23250000	1.333406959855601
23500000	1.3389173204296605
23750000	1.3442254467224413
24000000	1.3493286944147034
24250000	1.3542245314465104
24500000	1.3589105480241401
24750000	1.3633844648661642
25000000	1.3676441395845274
25250000	1.371687571107321
25500000	1.3755129020618913
25750000	1.3791184190496526
26000000	1.3825026380681293
26250000	1.3856643959636827
26500000	1.3886015282112654
26750000	1.391311831918103
27000000	1.393793266895036
27250000	1.3960439757318779
27500000	1.39806230146994
27750000	1.3998468027042437
28000000	1.401396265965134
28250000	1.402709715249845
28500000	1.403786418598438
28750000	1.4046258916348255
29000000	1.4052278980215558
29250000	1.4055924468058765
29500000	1.4057197866635656
29750000	1.4056103970752334
30000000	1.405264976496546
30250000	1.4046844027899468
30500000	1.4038690621001353
30750000	1.4028187872783784
31000000	1.4015335733842145
31250000	1.4000136256753606
31500000	1.3982593681674071
31750000	1.3962714492864352
32000000	1.3940507445993844
32250000	1.3915983566314711
32500000	1.3889156118050667
32750000	1.3860040545595533
33000000	1.3828654387360702
33250000	1.3795017163340826
33500000	1.3759150237677364
33750000	1.3721076657684286
34000000	1.368082097095418
34250000	1.3638409022282503
34500000	1.3593867732229032
34750000	1.3547220616972624
35000000	1.3498481995432976
35250000	1.3447674149267788
35500000	1.3394820701090038
35750000	1.3339946155574143
36000000	1.3283075892111444
36250000	1.3224236141540064
36500000	1.3163453947612433
36750000	1.3100757113936787
37000000	1.3036174137196286
37250000	1.2969734127509889
37500000	1.2901466716851275
37750000	1.2831401956485085
38000000	1.2759570204412365
38250000	1.2686002003839032
38500000	1.2610727953691934
38750000	1.2533778572206427
39000000	1.2455184154597956
39250000	1.2374974625807906
39500000	1.2293172596935933
39750000	1.2209802359713342
40000000	1.2124900215268557
40250000	1.2038502136878655
40500000	1.1950643744936498
40750000	1.1861360346284777
41000000	1.1770686967637571
41250000	1.167865838359508
41500000	1.1585309139793658
41750000	1.1490673571774443
42000000	1.1394785820200464
42250000	1.1297679843105595
42500000	1.119938942592052
42750000	1.1099948190092555
43000000	1.0999389601199958
43250000	1.0897746977559897
43500000	1.0795053500445075
43750000	1.0691342227161709
44000000	1.0586646108404874
44250000	1.0480998011502174
44500000	1.0374431952460792
44750000	1.0266992394336054
45000000	1.0158725760872516
45250000	1.0049678485141247
45500000	0.993989771059658
45750000	0.9829431428043788
46000000	0.9718328610497722
46250000	0.9606639346645319
46500000	0.9494414973650472
46750000	0.9381708210078249
47000000	0.9268573289769253
47250000	0.915506609756657
47500000	0.9041244307890732
47750000	0.8927167527276413
48000000	0.8812897442132889
48250000	0.869849797317471
48500000	0.8584035438196311
48750000	0.8469578725142946
49000000	0.8355199477770133
49250000	0.8240972296596483
49500000	0.8126974958353494
49750000	0.8013299675350429
50000000	0.790005816333925
50250000	0.7787335377267451
50500000	0.7675220562482585
50750000	0.7563809378268211
51000000	0.7453204158742737
51250000	0.7343514133377825
51500000	0.7234855595077158
51750000	0.7127352001875807
52000000	0.7021133996485401
52250000	0.6916339326255851
52500000	0.6813112644837261
52750000	0.671160517615277
53000000	0.661197422154866
53250000	0.6514382492555124
53500000	0.641899725501604
53750000	0.6325989275919667
54000000	0.6235531572584079
54250000	0.6147797975370046
54500000	0.606296153012167
54750000	0.59811927851285
55000000	0.5902657556584554
55250000	0.5827521134893798
55500000	0.5755964926144952
55750000	0.568818060232809
56000000	0.56243671397123
56250000	0.5564728092600222
56500000	0.5509468250573493
56750000	0.5458789722157469
57000000	0.5412887544182965
57250000	0.5371944978405895
57500000	0.5336128718524383
57750000	0.5305584282836576
58000000	0.5280431900581922
58250000	0.526076320434449
58500000	0.5246639010412327
58750000	0.5238088402164294
59000000	0.5235109233032736
59250000	0.5237670046199695
59500000	0.524571328345882
59750000	0.5259159543027858
60000000	0.5277914080369844
60250000	0.5301916647762543
60500000	0.533113301046569
60750000	0.5365505046658059
61000000	0.5404949477187899
61250000	0.5449357975170687
61500000	0.5498598454901804
61750000	0.5552517357748336
62000000	0.561094269937644
62250000	0.5673687619974587
62500000	0.574055418390122
62750000	0.581133720131113
63000000	0.5885827884365279
63250000	0.596381719728005
63500000	0.6045098806526972
63750000	0.6129471580409245
64000000	0.6216741623235
64250000	0.6306723857160489
64500000	0.6399243184478838
64750000	0.6494135275477283
65000000	0.6591244450819884
65250000	0.6690408097985896
65500000	0.6791473497925338
65750000	0.6894292635254597
66000000	0.6998720921137798
66250000	0.7104617747367384
66500000	0.7211846940365458
66750000	0.7320277117015767
67000000	0.7429781947595894
67250000	0.7540240333237308
67500000	0.7651536506556748
67750000	0.7763560064603703
68000000	0.7876205943249446
68250000	0.798937434176076
68500000	0.8102970605681672
68750000	0.8216905075385552
69000000	0.8331092906829709
69250000	0.8445453870196781
69500000	0.8559912131277795
69750000	0.8674396019663649
70000000	0.8788837787079234
70250000	0.8903156946930361
70500000	0.9017271568153206
70750000	0.9131124114092032
71000000	0.924465915634023
71250000	0.9357823066142531
71500000	0.9470563834218879
71750000	0.9582830910575368
72000000	0.9694575060758961
72250000	0.9805748235523333
72500000	0.9916303451301953
72750000	1.002619467924447
73000000	1.013537674087403
73250000	1.0243805208675716
73500000	1.0351436310137243
73750000	1.0458226833938753
74000000	1.0564134037134785
74250000	1.0669115552292059
74500000	1.077312929364618
74750000	1.087613336142134
75000000	1.0978085943522635
75250000	1.1078945213862916
75500000	1.117866922662736
75750000	1.1277220266391026
76000000	1.1374570405817264
76250000	1.1470690837764335
76500000	1.1565552176770209
76750000	1.1659124523153486
77000000	1.1751377518200277
77250000	1.184228040008709
77500000	1.193180205953721
77750000	1.2019911094276563
78000000	1.2106575861413156
78250000	1.2191764526913889
78500000	1.2275445111396448
78750000	1.2357585531493567
79000000	1.243815363608318
79250000	1.2517117236712503
79500000	1.2594444131577016
79750000	1.2670102122447489
80000000	1.274405902397025
80250000	1.2816282664797474
80500000	1.2886740880036354
80750000	1.2955401494537993
81000000	1.3022232296579435
81250000	1.3087213566687497
81500000	1.3150331054192483
81750000	1.321155423749562
82000000	1.3270852366964934
82250000	1.3328194784214331
82500000	1.3383551146908337
82750000	1.343689164420769
83000000	1.3488187201306225
83250000	1.3537409671469751
83500000	1.3584532013977193
83750000	1.3629528456383349
84000000	1.3672374639570497
84250000	1.3713047744131561
84500000	1.3751526596728578
84750000	1.3787791755194345
85000000	1.3821825571288964
85250000	1.3853612230183345
85500000	1.388313776591369
85750000	1.3910390052231014
86000000	1.3935358768452628
86250000	1.3958035340103683
86500000	1.397841285431204
86750000	1.3996486483099129
87000000	1.4012249852006415
87250000	1.40256869814323
87500000	1.4036782441420097
87750000	1.4045522651663331
88000000	1.4051896076214119
88250000	1.4055893390948486
88500000	1.4057507622391707
88750000	1.4056734256715693
89000000	1.4053571317964328
89250000	1.404801941483501
89500000	1.4040081755637812
89750000	1.4029764131359814
90000000	1.4017074867072263
90250000	1.4002024742224253
90500000	1.3984626880659297
90750000	1.3964896611463256
91000000	1.394285130199515
91250000	1.391851016466063
91500000	1.3891894039155195
91750000	1.3863024752215873
92000000	1.3831912307700702
92250000	1.3798565900126007
92500000	1.3762999430113179
92750000	1.3725228206811337
93000000	1.3685268993539494
93250000	1.3643140031277259
93500000	1.359886104037649
93750000	1.3552453201003052
94000000	1.3503939112953778
94250000	1.3453342735626177
94500000	1.3400689309043416
94750000	1.334600525695228
95000000	1.3289318073113687
95250000	1.3230656191992038
95500000	1.3170048845118374
95750000	1.310752590445188
96000000	1.3043117714093153
96250000	1.2976854911709925
96500000	1.29087682410217
96750000	1.2838888356653693
97000000	1.2767245221473214
97250000	1.26938536746077
97500000	1.2618739231920897
97750000	1.2541936160021228
98000000	1.246347849417213
98250000	1.238340007096426
98500000	1.230173455294556
98750000	1.2218515445649085
99000000	1.213377610748809
99250000	1.204754975301861
99500000	1.1959869450101928
99750000	1.1870768111533445
100000000	1.1780278481741073
100250000	1.168843311919626
100500000	1.159526437522477
100750000	1.1500804369953692
101000000	1.140508496618692
101250000	1.130813774206561
101500000	1.1209993963444522
101750000	1.1110684557002661
102000000	1.101024008521014
102250000	1.0908690724396948
102500000	1.0806066331760253
102750000	1.0702401917947866
103000000	1.0597740566646001
103250000	1.0492126076920565
103500000	1.0385602462922827
103750000	1.0278214078111123
104000000	1.0170005735995584
104250000	1.0061022828122261
104500000	0.9951311440042504
104750000	0.9840918466054923
105000000	0.9729891723561962
105250000	0.9618280067953963
105500000	0.9506133509022965
105750000	0.9393503330019848
106000000	0.9280442210605371
106250000	0.9167004355113118
106500000	0.905324562774555
106750000	0.8939223696569757
107000000	0.8824998188475137
107250000	0.8710630857609782
107500000	0.859618577023682
107750000	0.8481729509458598
108000000	0.8367331403859989
108250000	0.8253068435076081
108500000	0.8139053570355375
108750000	0.8025370367924295
109000000	0.7912098552362508
109250000	0.779932354703804
109500000	0.7687136762935434
109750000	0.7575635863435636
110000000	0.7464924996556935
110250000	0.7355114984565922
110500000	0.7246323459194673
110750000	0.7138674929020953
111000000	0.7032300763979875
111250000	0.6927339080617059
111500000	0.6823934510752314
111750000	0.6722237835943813
112000000	0.6622405470831176
112250000	0.652459878046018
112500000	0.6428983220473397
112750000	0.6335727295046483
113000000	0.62450013361119
113250000	0.615697611913219
113500000	0.6071821345708162
113750000	0.598970404053118
114000000	0.5910786077546705
114250000	0.5835236541249098
114500000	0.5763238358985565
114750000	0.569498436503702
115000000	0.5630675238179237
115250000	0.5570516811769555
115500000	0.5514716746204161
115750000	0.5463480599629295
116000000	0.5417007389675653
116250000	0.5375484802829812
116500000	0.533908427234972
116750000	0.5307956201553594
117000000	0.5282225646741587
117250000	0.5261988783237866
117500000	0.524731045195028
117750000	0.5238223020073297
118000000	0.523472669200239
118250000	0.5236791285573298
118500000	0.5244359359927895
118750000	0.5257350462558787
119000000	0.5275666171133656
119250000	0.5299204333637402
119500000	0.5327920148904765
119750000	0.5361765541172342
120000000	0.5400666530792743
120250000	0.5444524589953585
120500000	0.5493217293911441
120750000	0.5546600057361275
121000000	0.5604508743373381
121250000	0.5666762896921699
121500000	0.5733169348404585
121750000	0.5803525949669144
122000000	0.5877625238952415
122250000	0.5955257874515253
122500000	0.603621572299667
122750000	0.6120294532536004
123000000	0.6207296159075996
123250000	0.6297030345160572
123500000	0.6389316073484334
123750000	0.6483982532884731
124000000	0.6580869743412369
124250000	0.6679828744300773
124500000	0.678070381959203
124750000	0.6883341158680376
125000000	0.6987598233160814
125250000	0.709333618065491
125500000	0.720042021707969
125750000	0.7308719969719795
126000000	0.7418109732513366
126250000	0.7528468647622121
126500000	0.7639680819065395
126750000	0.7751635365165542
127000000	0.7864226416958887
127250000	0.7977353069724711
127500000	0.8090919294497695
127750000	0.8204833815954478
128000000	0.8319009962477228
128250000	0.8433365493552081
128500000	0.854782240899846
128750000	0.8662306743874428
129000000	0.8776748352281778
129250000	0.8891080682713659
129500000	0.9005240547052794
129750000	0.9119156177764786
130000000	0.9232746716348006
130250000	0.9345959297891611
130500000	0.9458743588071876
130750000	0.9571050703298177
131000000	0.9682833047610757
131250000	0.979404416916523
131500000	0.9904638632788317
131750000	1.0014571905595648
132000000	1.0123800253087172
132250000	1.0232280643492386
132500000	1.0339970658436655
132750000	1.0446828408250648
133000000	1.0552812450455131
133250000	1.0657881710129071
133500000	1.0761995401015834
133750000	1.0865112946344455
134000000	1.0967193898444478
134250000	1.1068197856316568
134500000	1.1168084380389969
134750000	1.126681290375404
135000000	1.1364342639196543
135250000	1.1460632675280749
135500000	1.1555652571186985
135750000	1.1649376936539357
136000000	1.174177723666819
136250000	1.1832824287473411
136500000	1.1922488336347246
136750000	1.2010739143349043
137000000	1.2097546061686517
137250000	1.2182878116599047
137500000	1.2266704081773585
137750000	1.2348992552453566
138000000	1.2429712014428644
138250000	1.2508830908118895
138500000	1.2586317686992943
138750000	1.2662140869585805
139000000	1.273626908440979
139250000	1.2808671107080987
139500000	1.2879315889014609
139750000	1.294817257707544
140000000	1.3015210523603777
140250000	1.3080399286273605
140500000	1.3143708617277108
140750000	1.320510844136832
141000000	1.3264575991928331
141250000	1.3322102619703513
141500000	1.3377659363204202
141750000	1.3431215842616322
142000000	1.348274195024803
142250000	1.3532208092598899
142500000	1.357958542131188
142750000	1.3624846051287263
143000000	1.3667963264205456
143250000	1.3708911695708095
143500000	1.374766750452496
143750000	1.3784208521905625
144000000	1.3818514379818683
144250000	1.3850566616514342
144500000	1.388034875820529
144750000	1.3907846375801611
145000000	1.3933047115833348
145250000	1.3955940704904244
145500000	1.3976518927236352
145750000	1.399477557508197
146000000	1.4010706371991346
146250000	1.4024308869125715
146500000	1.4035582332705798
146750000	1.404452457641593
147000000	1.4051124302871967
147250000	1.4055369804464708
147500000	1.4057251262577397
147750000	1.405676092810176
148000000	1.4053893273955362
148250000	1.4048645118448473
148500000	1.4041015718565233
148750000	1.4031006832471344
149000000	1.4018622750831817
149250000	1.400387029681041
149500000	1.3986758794918823
149750000	1.3967300009180894
150000000	1.3945508051365982
150250000	1.3921399260319085
150500000	1.3894992053665196
150750000	1.3866306753385014
151000000	1.3835365386942882
151250000	1.3802191465790434
151500000	1.3766809743167296
151750000	1.372924053965649
152000000	1.368949130535989
152250000	1.3647579304101456
152500000	1.3603523547974028
152750000	1.3557344194414402
153000000	1.350906256816635
153250000	1.3458701164140998
153500000	1.340628363169788
153750000	1.3351834740973076
154000000	1.3295380331981326
154250000	1.3236947247313418
154500000	1.317656324933731
154750000	1.311425692288866
155000000	1.3050057564502215
155250000	1.2983995059288373
155500000	1.2916099746597736
155750000	1.284640227563984
156000000	1.2774933452230104
156250000	1.2701724077830785
156500000	1.2626804782028067
156750000	1.25502058495483
157000000	1.247195590403115
157250000	1.2392069287950016
157500000	1.2310576271983475
157750000	1.2227513052377057
158000000	1.2142915437959463
158250000	1.2056818895867447
158500000	1.1969258590459548
158750000	1.188026941586711
159000000	1.178988602266159
159250000	1.169814283915065
159500000	1.1605074087852523
159750000	1.1510713797739585
160000000	1.1415095812889053
160250000	1.131825379823245
160500000	1.1220221243157211
160750000	1.1121031463785633
161000000	1.1020717604839803
161250000	1.091931264209947
161500000	1.0816849386575351
161750000	1.0713360491657666
162000000	1.0608878464662683
162250000	1.0503435684395117
162500000	1.0397064569115517
162750000	1.0289806955969647
163000000	1.018171069794343
163250000	1.0072822154081984
163500000	0.9963188382079172
163750000	0.985285728591731
164000000	0.9741877760598104
164250000	0.9630299834600603
164500000	0.951817481069701
164750000	0.9405555405760833
165000000	0.9292495890215754
165250000	0.917905222779937
165500000	0.906528221635617
165750000	0.895124563043133
166000000	0.883700436651485
166250000	0.8722622591888217
166500000	0.8608166898158919
166750000	0.8493706460737496
167000000	0.8379313205725959
167250000	0.8265061985954166
167500000	0.8151030768233557
167750000	0.8037300834308836
168000000	0.7923956998492866
168250000	0.7811088704973261
168500000	0.7698821587977029
168750000	0.758726172134714
169000000	0.7476501907919093
169250000	0.7366642345086549
169500000	0.7257790929459418
169750000	0.7150063511890365
170000000	0.7043584086765672
170250000	0.6938484896844539
170500000	0.6834906432383956
170750000	0.6732997301005129
171000000	0.6632913943020575
171250000	0.6534820166114287
171500000	0.6438886473811143
171750000	0.6345289164637289
172000000	0.6254209183884937
172250000	0.616583071810926
172500000	0.6080339534520702
172750000	0.5997921083768137
173000000	0.5918758405423885
173250000	0.5843029900499638
173500000	0.5770907063594033
173750000	0.5702552296988588
174000000	0.5638115388562784
174250000	0.557774970402137
174500000	0.5521637243921718
174750000	0.5469966912789432
175000000	0.5422929678443983
175250000	0.5380714397666544
175500000	0.5343503075927827
175750000	0.531146574377984
176000000	0.5284755203313414
176250000	0.5263501955697031
176500000	0.5247809653844592
176750000	0.5237751423009505
177000000	0.5233367351065501
177250000	0.5234663370131408
177500000	0.5241611639801782
177750000	0.5254152413563051
178000000	0.5272197241771264
178250000	0.5295633254824555
178500000	0.5324328193411862
178750000	0.5358135817265322
179000000	0.5396901330601449
179250000	0.5440472935479723
179500000	0.5488748725157131
179750000	0.5541619493883266
180000000	0.5598953974112875
180250000	0.5660602802663108
180500000	0.5726400661838235
180750000	0.5796168953797907
181000000	0.5869718787522823
181250000	0.5946854078427288
181500000	0.6027374592783302
181750000	0.6111078806754959
182000000	0.6197766488122487
182250000	0.6287240944161026
182500000	0.6379310909434056
182750000	0.6473792071440025
183000000	0.6570508249988044
183250000	0.6669292258359355
183500000	0.6769986481570864
183750000	0.6872443210373402
184000000	0.6976524769966379
184250000	0.7082103480674488
184500000	0.718904598193551
184750000	0.7297207065219005
185000000	0.7406464529340094
185250000	0.7516700851816644
185500000	0.7627802891890955
185750000	0.7739661893485383
186000000	0.7852173459949063
186250000	0.7965237502479241
186500000	0.8078758164593092
186750000	0.8192643725267666
187000000	0.8306806483423732
187250000	0.842116262635688
187500000	0.8535632084558354
187750000	0.8650138375150639
188000000	0.8764608435912848
188250000	0.8878972451606002
188500000	0.8993163674040652
188750000	0.9107118237067453
189000000	0.9220774967420364
189250000	0.933407519210556
189500000	0.9446962542807759
189750000	0.9559380829671825
190000000	0.967125839790762
190250000	0.9782545671030771
190500000	0.9893200696080413
190750000	1.000318232916526
191000000	1.0112450117134333
191250000	1.0220964195604003
191500000	1.0328685200271754
191750000	1.0435574188883414
192000000	1.054159257158592
192250000	1.0646702047703904
192500000	1.075086454723506
192750000	1.0854042175574927
193000000	1.095619716016284
193250000	1.1057291797892916
193500000	1.1157288402262013
193750000	1.125614924933401
194000000	1.1353836521690117
194250000	1.1450312249610752
194500000	1.1545538248798048
194750000	1.163947605400145
195000000	1.1732086847953571
195250000	1.1823331385061289
195500000	1.1913172694871055
195750000	1.200159122920487
196000000	1.2088560776133874
196250000	1.2174052355148408
196500000	1.2258036340942735
196750000	1.2340482584766688
197000000	1.2421360533790056
197250000	1.2500639347600166
197500000	1.2578288010945626
197750000	1.2654275441834502
198000000	1.27285705940943
198250000	1.2801142553505338
198500000	1.2871960626628876
198750000	1.294099442146726
199000000	1.3008213919115768
199250000	1.3073589535594146
199500000	1.3137092173080571
199750000	1.3198693259810828
200000000	1.3258364777950662
200250000	1.3316079278798842
200500000	1.3371809884731387
200750000	1.342553027735318
201000000	1.3477214671380682
201250000	1.3526850124470104
201500000	1.3574422530315409
201750000	1.3619902737847374
202000000	1.3663262095375392
202250000	1.3704472721531744
202500000	1.374350775210007
202750000	1.3780341571215142
203000000	1.3814950025019261
203250000	1.3847310615887136
203500000	1.387740267539931
203750000	1.3905207514352114
204000000	1.393070854823701
204250000	1.3953891396800238
204500000	1.3974743956500388
204750000	1.399325644491099
205000000	1.4009421416361816
205250000	1.4023233748369197
205500000	1.4034690598665698
205750000	1.4043791332895514
206000000	1.4050537423287526
206250000	1.4054932318846065
206500000	1.405698128780426
206750000	1.405668728540207
207000000	1.4054043815420716
207250000	1.4049044790458851
207500000	1.404168603415164
207750000	1.4031965431503204
208000000	1.4019883052064714
208250000	1.4005441244023629
208500000	1.398864469867374
208750000	1.396950048497842
209000000	1.3948018054198135
209250000	1.3924209214820782
209500000	1.3898088078302746
209750000	1.3869670976391832
210000000	1.3838976351053722
210250000	1.3806024618254367
210500000	1.3770838007055226
210750000	1.373344037565172
211000000	1.3693857006122108
211250000	1.3652114379751847
211500000	1.3608239934853463
211750000	1.356225941189937
212000000	1.3514182204774583
212250000	1.34640281702585
212500000	1.3411820903268474
212750000	1.3357584773721811
213000000	1.3301344942869147
213250000	1.3243127363803677
213500000	1.318295876668252
213750000	1.3120866629267376
214000000	1.3056879133460129
214250000	1.2991025108572671
214500000	1.2923333962128805
214750000	1.2853835599047527
215000000	1.2782560330101191
215250000	1.2709538770577236
215500000	1.2634801730098668
215750000	1.255838009457526
216000000	1.2480304701264515
216250000	1.2400606207919267
216500000	1.2319314956987408
216750000	1.2236460835809568
217000000	1.2152073133733718
217250000	1.206617275001752
217500000	1.1978782941428707
217750000	1.1889941874153487
218000000	1.1799687337690083
218250000	1.1708056694995346
218500000	1.1615086942398234
218750000	1.1520814763939269
219000000	1.14252765806499
219250000	1.132850859532273
219500000	1.1230546833366137
219750000	1.1131427180386297
220000000	1.103118541719783
220250000	1.092985725303222
220500000	1.0827478357793483
220750000	1.0724084394305176
221000000	1.061971105160465
221250000	1.0514394080472949
221500000	1.0408169332545845
221750000	1.0301072804538274
222000000	1.0193140689336744
222250000	1.0084409435979633
222500000	0.9974915820862286
222750000	0.9864698651968847
223000000	0.9753816633800843
223250000	0.9642323365607942
223500000	0.9530269693041877
223750000	0.9417707990649375
224000000	0.9304692338546872
224250000	0.9191278696786487
224500000	0.9077525077653548
224750000	0.8963491716039873
225000000	0.8849241237938968
225250000	0.8734838827009456
225500000	0.8620352389052867
225750000	0.8505852714153569
226000000	0.8391413636134728
226250000	0.8277112188899984
226500000	0.8163028759161791
226750000	0.8049247235013277
227000000	0.793585514979252
227250000	0.7822943820731803
227500000	0.771060848199955
227750000	0.7598948411954275
228000000	0.7488067054769477
228250000	0.7378072137094058
228500000	0.7269084420158903
228750000	0.7161248925801783
229000000	0.7054677423385887
229250000	0.6949486673640661
229500000	0.6845802982950935
229750000	0.6743762392173083
230000000	0.6643510742284057
230250000	0.6545203585039822
230500000	0.6449005903734882
230750000	0.6355091607190338
231000000	0.6263642759913826
231250000	0.6174848513768104
231500000	0.6088903712358051
231750000	0.600600714963676
232000000	0.5926359479797308
232250000	0.5850160796959675
232500000	0.5777607930601486
232750000	0.5708891535485991
233000000	0.5644193091356312
233250000	0.5583681964999192
233500000	0.5527512721223583
233750000	0.5475822894475135
234000000	0.5428731427630547
234250000	0.5386346920856837
234500000	0.5348817024473391
234750000	0.5316301863591226
235000000	0.5288955553778946
235250000	0.5266920946290613
235500000	0.5250324222766445
235750000	0.5239269676689231
236000000	0.5233835046155972
236250000	0.5234067750781632
236500000	0.523998233169426
236750000	0.5251559301651657
237000000	0.5268745493387632
237250000	0.5291455864631656
237500000	0.5319576596043195
237750000	0.535296922000181
238000000	0.5391475455293999
238250000	0.543492239997384
238500000	0.5483127749909975
238750000	0.5535904756160255
239000000	0.5593066699573915
239250000	0.5654432142156954
239500000	0.5719852743222122
239750000	0.5789182475895428
240000000	0.5862259638568453
240250000	0.5938912320792005
240500000	0.6018960727780309
240750000	0.6102219612650753
241000000	0.6188500680810558
241250000	0.6277614862225749
241500000	0.636937437791448
241750000	0.6463594554613384
242000000	0.6560095364873727
242250000	0.6658702688351986
242500000	0.675924930384327
242750000	0.6861575631113972
243000000	0.6965530247470485
243250000	0.7070970206971432
243500000	0.7177761190950297
243750000	0.7285777517689798
244000000	0.7394902037206521
244250000	0.7505025934586326
244500000	0.7616044132395487
244750000	0.7727824071356922
245000000	0.7840257381673392
245250000	0.7953246650444549
245500000	0.8066698474138924
245750000	0.818052328872876
246000000	0.8294635204564373
246250000	0.8408951844515957
246500000	0.8523394184328118
246750000	0.8637886394438827
247000000	0.8752355682732841
247250000	0.886673213784948
247500000	0.898094857276152
247750000	0.909494036839838
248000000	0.9208645317112565
248250000	0.9322003465791315
248500000	0.943495695840133
248750000	0.9547449877727855
249000000	0.9659428086033757
249250000	0.9770839064321717
249500000	0.9881631749835321
249750000	0.999175637138367
250000000	1.010115944031249
250250000	1.0209786996154169
250500000	1.0317602662995553
250750000	1.0424571033578196
251000000	1.0530656896206234
251250000	1.06358251774977
251500000	1.0740040895117289
251750000	1.0843269118331134
252000000	1.0945474934511612
252250000	1.1046623419960766
252500000	1.114667961362254
252750000	1.1245608492423453
253000000	1.1343374947123979
253250000	1.143994375768346
253500000	1.1535279567243375
253750000	1.1629346853920313
254000000	1.1722109899673734
254250000	1.1813532755576546
254500000	1.1903579202870442
254750000	1.1992212709234424
255000000	1.2079396379735317
255250000	1.2165092901964336
255500000	1.2249264484895295
255750000	1.233188427293919
256000000	1.2412935797114288
256250000	1.2492389923258724
256500000	1.2570216756689068
256750000	1.2646385900435622
257000000	1.2720866613134847
257250000	1.2793627962890501
257500000	1.2864638976112563
257750000	1.293386878030709
258000000	1.3001286739765596
258250000	1.3066862583089371
258500000	1.3130566521483344
258750000	1.319236935676579
259000000	1.3252242578064033
259250000	1.3310158446202085
259500000	1.3366090064833098
259750000	1.3420011437426629
260000000	1.3471897509286694
260250000	1.352172419385027
260500000	1.356946838259526
260750000	1.3615107937970843
261000000	1.3658621668849273
261250000	1.3699989818608846
261500000	1.3739205623187878
261750000	1.3776249511980905
262000000	1.3811095132564966
262250000	1.3843717148374008
262500000	1.3874091493378813
262750000	1.39021956081955
263000000	1.3928008655646562
263250000	1.3951511713856162
263500000	1.3972687945065563
263750000	1.399152273850166
264000000	1.4008003825818474
264250000	1.4022121367852696
264500000	1.4033868011684327
264750000	1.4043238917265046
265000000	1.4050231753163123
265250000	1.4054846661266154
265500000	1.4057086190573898
265750000	1.405695520049479
266000000	1.405446073432376
266250000	1.4049611863818394
266500000	1.4042419505998953
266750000	1.403289266900829
267000000	1.4021029355433423
267250000	1.4006829272889305
267500000	1.399029409484718
267750000	1.3971427446762972
268000000	1.3950234999975182
268250000	1.3926724537758164
268500000	1.390090599337778
268750000	1.3872791460216243
269000000	1.3842395174261592
269250000	1.3809733469487968
269500000	1.3774824706880449
269750000	1.373768917807568
270000000	1.36983489847916
270250000	1.3656827895400752
270500000	1.36131511801572
270750000	1.3567345426712694
271000000	1.3519438337650524
271250000	1.3469458511822567
271500000	1.3417435211295456
271750000	1.3363397962448045
272000000	1.3307361360985341
272250000	1.324934337498606
272500000	1.3189371636091356
272750000	1.3127474179185326
273000000	1.3063679460514295
273250000	1.2998016362921356
273500000	1.2930514188696502
273750000	1.2861202640591234
274000000	1.2790111791593102
274250000	1.271727204409951
274500000	1.2642714079170987
274750000	1.2566468796581092
275000000	1.248856724641333
275250000	1.2409040552983934
275500000	1.2327919831893803
275750000	1.2245236101032553
276000000	1.2161020186373444
276250000	1.2075302623410005
276500000	1.1988113555094415
276750000	1.1899482627145268
277000000	1.1809438881599394
277250000	1.1718008899785706
277500000	1.1625212952476176
277750000	1.1531088326324155
278000000	1.1435674738042938
278250000	1.1339011502115977
278500000	1.1241137612508492
278750000	1.114209181930204
279000000	1.1041912700829497
279250000	1.0940638731926253
279500000	1.0838308348959613
279750000	1.0734960012353687
280000000	1.063063226739364
280250000	1.0525363804172936
280500000	1.0419193517642518
280750000	1.0312160568834903
281000000	1.020430444847196
281250000	1.009566504432709
281500000	0.9986282713905466
281750000	0.9876198364235639
282000000	0.9765453540839724
282250000	0.9654090528275553
282500000	0.9542152465033588
282750000	0.9429683476035948
283000000	0.9316733636485289
283250000	0.9203379931687052
283500000	0.9089681837310337
283750000	0.8975697043831352
284000000	0.8861485877136152
284250000	0.8747111511445187
284500000	0.8632640178695122
284750000	0.8518141373483757
285000000	0.8403688052361834
285250000	0.8289356825904632
285500000	0.8175228141617921
285750000	0.8061386455329856
286000000	0.7947920388299795
286250000	0.7834922866846983
286500000	0.7722491240883492
286750000	0.7610727377350244
287000000	0.7499737724235617
287250000	0.7389633340647878
287500000	0.7280529888374289
287750000	0.7172547580566877
288000000	0.7065811083741745
288250000	0.6960449370281038
288500000	0.6856595520219845
288750000	0.6754400474189444
289000000	0.665401319188413
289250000	0.655556839997242
289500000	0.6459211992403027
289750000	0.6365101099173447
290000000	0.6273403864536625
290250000	0.6184298957649131
290500000	0.6097974765155596
290750000	0.601462821696397
291000000	0.5934463202766931
291250000	0.585768854902047
291500000	0.5784515545280553
291750000	0.5715155035803977
292000000	0.5649814127182167
292250000	0.5588692604419815
292500000	0.5531979193749722
292750000	0.5479847856359653
293000000	0.5432454337229846
293250000	0.538993322036849
293500000	0.5352395748508233
293750000	0.5319928645428434
294000000	0.5292594128731434
294250000	0.5270434862684431
294500000	0.525352897985239
294750000	0.5241982317984532
295000000	0.5235886871630734
295250000	0.5235314828570677
295500000	0.5240313883501065
295750000	0.5250903457599225
296000000	0.5267072112687834
296250000	0.5288776347827313
296500000	0.5315940844380725
296750000	0.5348460100114051
297000000	0.5386201280838332
297250000	0.5429008033213485
297500000	0.5476704952687527
297750000	0.5529102387749147
298000000	0.558600128158234
298250000	0.5647197796697807
298500000	0.571248752725751
298750000	0.5781669167927547
299000000	0.585454756921681
299250000	0.5930936163164768
299500000	0.6010663985907094
299750000	0.6093569010892282
300000000	0.6179482350754706
300250000	0.6268231564240851
300500000	0.6359642432941419
300750000	0.6453540654345694
301000000	0.6549753394078309
301250000	0.664811066090531
301500000	0.6748446485349568
301750000	0.6850599896379156
302000000	0.6954415700812141
302250000	0.7059745077205718
302500000	0.7166446000554473
302750000	0.7274383516621178
303000000	0.7383429885646509
303250000	0.7493464614958462
303500000	0.7604374398986686
303750000	0.7716052983670126
304000000	0.7828400970451068
304250000	0.7941325573139829
304500000	0.8054740339028998
304750000	0.8168545134964963
305000000	0.8282630383960435
305250000	0.8396916113950639
305500000	0.8511325949625401
305750000	0.8625786608326204
306000000	0.874022768355911
306250000	0.8854581446996264
306500000	0.8968782665762498
306750000	0.9082768432297963
307000000	0.9196478004497345
307250000	0.9309852654164428
307500000	0.9422835522098579
307750000	0.9535371478357094
308000000	0.9647406986422148
308250000	0.9758889970150473
308500000	0.986976968250316
308750000	0.9979996575147448
309000000	1.0089522168095346
309250000	1.0198298918599253
309500000	1.0306280088564732
309750000	1.0413419609767727
310000000	1.051967194617947
310250000	1.0624989845658939
310500000	1.0729334311386343
310750000	1.0832674054061675
311000000	1.0934977587000263
311250000	1.103621319658517
311500000	1.1136348938161706
311750000	1.1235352637108198
312000000	1.133319189358104
312250000	1.1429834089605357
312500000	1.1525246397327225
312750000	1.1619395787365456
313000000	1.1712249036303672
313250000	1.180377273245109
313500000	1.1893933279075317
313750000	1.1982696894375156
314000000	1.2070029607517607
314250000	1.2155897250112584
314500000	1.2240265442542593
314750000	1.2323099574603629
315000000	1.2404364779948964
315250000	1.248402590386004
315500000	1.2562047463898671
315750000	1.2638394028469333
316000000	1.2713049554559883
316250000	1.2785993555804172
316500000	1.2857195814675808
316750000	1.292662565859446
317000000	1.2994252156924586
317250000	1.3060044312857013
317500000	1.3123971249012178
317750000	1.3186002385538502
318000000	1.3246107609432516
318250000	1.3304257433779847
318500000	1.3360423145608638
318750000	1.3414576941059202
319000000	1.3466692046605686
319250000	1.3516742825116042
319500000	1.3564704865604817
319750000	1.361055505561715
320000000	1.3654271635280175
320250000	1.3695834232167292
320500000	1.373522387623864
320750000	1.37724229942453
321000000	1.380741538311158
321250000	1.3840186161936907
321500000	1.3870722367399446
321750000	1.3899018374165164
322000000	1.392505539521793
322250000	1.394881143343166
322500000	1.3970265942296693
322750000	1.398940006185391
323000000	1.4006196831515079
323250000	1.4020641377935514
323500000	1.4032721076238495
323750000	1.4042425683068684
324000000	1.4049747440169427
324250000	1.4054681147430188
324500000	1.4057224204629177
324750000	1.4057376621393962
325000000	1.405514099521215
325250000	1.4050522457635757
325500000	1.4043528589128391
325750000	1.4034169303295134
326000000	1.402245670150307
326250000	1.400840489913844
326500000	1.3992029824947905
326750000	1.3973348109255141
327000000	1.3952364656271463
327250000	1.3929083721559907
327500000	1.3903512772575182
327750000	1.3875660990422891
328000000	1.384553934200872
328250000	1.3813160626746186
328500000	1.3778539497948123
328750000	1.3741692459207522
329000000	1.3702637836257843
329250000	1.3661395724986216
329500000	1.3617987916451102
329750000	1.3572437799923385
330000000	1.3524770245123316
330250000	1.3475011464960278
330500000	1.3423188860195072
330750000	1.3369330847532468
331000000	1.3313466672712437
331250000	1.3255626210200597
331500000	1.319583975108078
331750000	1.3134137780725101
332000000	1.3070548340386774
332250000	1.3005082828177095
332500000	1.2937768365254307
332750000	1.2868636334473709
333000000	1.279771817535449
333250000	1.272504540338385
333500000	1.265064961931965
333750000	1.2574562508963771
334000000	1.2496815833912593
334250000	1.2417441413824406
334500000	1.2336471100776318
334750000	1.2253936746315266
335000000	1.2169870161838923
335250000	1.2084303072973313
335500000	1.199726706864477
335750000	1.190879354557486
336000000	1.1818913648959344
336250000	1.1727658210126362
336500000	1.1635057682006573
336750000	1.154114207329034
337000000	1.144594088219621
337250000	1.134948303083351
337500000	1.1251795045552937
337750000	1.1152905754240146
338000000	1.105285629287698
338250000	1.095168821331256
338500000	1.0849442906671993
338750000	1.074616170534597
339000000	1.064188598076417
339250000	1.0536657237628428
339500000	1.043051720532207
339750000	1.0323507927263085
340000000	1.021567184903264
340250000	1.0107051906189026
340500000	0.9997691612773377
340750000	0.9887635151630279
341000000	0.9776927467807184
341250000	0.9665614366466271
341500000	0.9553742616945362
341750000	0.9441360064847745
342000000	0.9328515754330857
342250000	0.9215260063110118
342500000	0.9101644853106639
342750000	0.8987723640158892
343000000	0.8873551786803069
343250000	0.8759191336939098
343500000	0.8644738003168344
343750000	0.8530262880939112
344000000	0.8415833387242353
344250000	0.8301521022647451
344500000	0.8187401627992922
344750000	0.8073555631629343
345000000	0.7960068283643723
345250000	0.7847029872676774
345500000	0.7734535920056755
345750000	0.7622687345028014
346000000	0.751159059387209
346250000	0.74013577247404
346500000	0.7292106439093583
346750000	0.7183960049848824
347000000	0.707704737577525
347250000	0.6971502551482689
347500000	0.6867464742691108
347750000	0.6765077757556432
348000000	0.6664489546912246
348250000	0.6565851589649458
348500000	0.6469318164403615
348750000	0.637504551555779
349000000	0.6283196230369777
349250000	0.6193931779594072
349500000	0.6107414670554933
349750000	0.6023819371645945
350000000	0.5943331588992242
350250000	0.586614709891932
350500000	0.5792470096615414
350750000	0.5722511014624931
351000000	0.5656483786952681
351250000	0.559460256679813
351500000	0.5537077948305897
351750000	0.5484112793688729
352000000	0.5435897823138137
352250000	0.5392607180384887
352500000	0.5354394233950228
352750000	0.5321387904219143
353000000	0.5293689810879606
353250000	0.5271372507487507
353500000	0.5254479007414539
353750000	0.5243023711185721
354000000	0.5236994728182514
354250000	0.5236357459994277
354500000	0.5241085868018247
354750000	0.5251210722124051
355000000	0.5266747854135815
355250000	0.5287688827586492
355500000	0.5313998269210131
355750000	0.5345612461842867
356000000	0.5382439303047998
356250000	0.542435956268966
356500000	0.547122927253039
356750000	0.5522883009000856
357000000	0.5579137791437296
357250000	0.5639797311587137
357500000	0.5704656230928836
357750000	0.5773504322586835
358000000	0.5846130285797313
358250000	0.592232511515092
358500000	0.6001884958026623
358750000	0.6084613437618739
359000000	0.6170323453629306
359250000	0.6258838497579429
359500000	0.6349992249651072
359750000	0.6443618330596156
360000000	0.6539555501740085
360250000	0.6637644661527831
360500000	0.6737728648523568
360750000	0.6839653168400078
361000000	0.6943267596424324
361250000	0.7048425649014088
361500000	0.7154985925081426
361750000	0.7262812322963721
362000000	0.7371774342115021
362250000	0.7481747280730431
362500000	0.759261234141817
362750000	0.7704256657191836
363000000	0.7816573249658634
363250000	0.7929460930512637
363500000	0.8042824156450173
363750000	0.815657284651563
364000000	0.827062216973986
364250000	0.8384892309805004
364500000	0.8499308212395196
364750000	0.8613798523003114
365000000	0.8728267471082728
365250000	0.8842635989197382
365500000	0.8956841989601957
365750000	0.9070825691590066
366000000	0.9184529404643316
366250000	0.9297897336068592
366500000	0.9410875418949266
366750000	0.9523411156849214
367000000	0.9635453482224291
367250000	0.9746952625929056
367500000	0.9857859995569641
367750000	0.9968128060757737
368000000	1.0077710243574647
368250000	1.018656081276587
368500000	1.0294634780362566
368750000	1.040188779957149
369000000	1.0508276062894473
369250000	1.0613756199536113
369500000	1.0718285171237074
369750000	1.0821820165733242
370000000	1.0924318487090274
370250000	1.1025737442200723
370500000	1.1126036672601982
370750000	1.1225185693313324
371000000	1.1323155600821746
371250000	1.141991693712944
371500000	1.1515439750357233
371750000	1.160969363904069
372000000	1.1702647798206645
372250000	1.1794271066135702
372500000	1.188453197080548
372750000	1.1973398775084203
373000000	1.2060839519807862
373250000	1.2146822063928904
373500000	1.2231314120972605
373750000	1.2314283291080383
374000000	1.2395697087958546
374250000	1.247552296008758
374500000	1.2553728305581568
374750000	1.2630280480120488
375000000	1.2705146797410278
375250000	1.2778294521657148
375500000	1.2849690851573767
375750000	1.2919302895466076
376000000	1.298709844959363
376250000	1.3053065993362898
376500000	1.3117184030660973
376750000	1.3179421864502923
377000000	1.3239748638959201
377250000	1.32981335677869
377500000	1.3354546155429317
377750000	1.3408956408930182
378000000	1.3461335039241729
378250000	1.3511653650366546
378500000	1.3559884914762148
378750000	1.3606002733454812
379000000	1.3649982379354388
379250000	1.3691800622333812
379500000	1.3731435834733783
379750000	1.376886807607208
380000000	1.3804079155875288
380250000	1.3837052673704928
380500000	1.3867774035615918
380750000	1.3896230446458877
381000000	1.392241087761462
381250000	1.3946306009924712
381500000	1.3967908151751778
381750000	1.3987211554434698
382000000	1.400421099298768
382250000	1.4018890618434094
382500000	1.4031234169607836
382750000	1.4041227169177048
383000000	1.4048857127422842
383250000	1.4054113719321433
383500000	1.4056988933456172
383750000	1.4057477191482217
384000000	1.4055575437100187
384250000	1.4051283193759676
384500000	1.4044602590601556
384750000	1.4035538356451869
385000000	1.4024097781991074
385250000	1.4010290650532011
385500000	1.3994129138139404
385750000	1.397562768410471
386000000	1.3954802833045112
386250000	1.3931673050117017
386500000	1.3906258511017224
386750000	1.3878580868583401
387000000	1.3848657169590848
387250000	1.3816492813846755
387500000	1.3782100685382814
387750000	1.3745495333737243
388000000	1.3706692743920839
388250000	1.366571037153557
388500000	1.3622567155896697
388750000	1.3577283511594276
389000000	1.3529881299067028
389250000	1.3480383774896365
389500000	1.3428815522658015
389750000	1.3375202365289542
390000000	1.3319571260041663
390250000	1.3261950177176323
390500000	1.3202367963653288
390750000	1.3140854193106943
391000000	1.3077439003455211
391250000	1.3012152923501288
391500000	1.2945026689886208
391750000	1.2876091055725853
392000000	1.2805376592219968
392250000	1.2732909720365295
392500000	1.265870350368791
392750000	1.2582789776234768
393000000	1.250520283353103
393250000	1.242597674186286
393500000	1.2345145369214878
393750000	1.2262742408353773
394000000	1.217880139250548
394250000	1.2093355704103264
394500000	1.2006438577115097
394750000	1.1918083093491671
395000000	1.1828322174311237
395250000	1.17371885662355
395500000	1.1644714823932405
395750000	1.155093328916763
396000000	1.1455876067318727
396250000	1.1359575002124986
396500000	1.1262061649554391
396750000	1.116336725174866
397000000	1.1063522712101133
397250000	1.0962558572633623
397500000	1.086050499497154
397750000	1.07573922279265
398000000	1.06532578833991
398250000	1.0548145671602553
398500000	1.0442099611992728
398750000	1.0335163993375167
399000000	1.0227383499611369
399250000	1.011880333198333
399500000	1.000946932893229
399750000	0.9899428083916453
400000000	0.9788727062172874
400250000	0.9677414717223041
400500000	0.9565540608031844
400750000	0.9453155517818659
401000000	0.9340311575630553
401250000	0.9227062381924569
401500000	0.9113463139574016
401750000	0.8999570791917582
402000000	0.8885444169716992
402250000	0.8771144149186365
402500000	0.8656733823613852
402750000	0.8542278691524166
403000000	0.8427846864842129
403250000	0.8313509301126478
403500000	0.8199345097840888
403750000	0.8085469833382962
404000000	0.797196816781946
404250000	0.7858921229464909
404500000	0.774641604369686
404750000	0.7634545825902842
405000000	0.7523410248187442
405250000	0.7413115670618059
405500000	0.7303775326073811
405750000	0.7195509445980032
406000000	0.7088445312435855
406250000	0.6982717220586986
406500000	0.6878466333716501
406750000	0.6775840412635179
407000000	0.6674993400821483
407250000	0.6576084847728967
407500000	0.647927915514748
407750000	0.6384744635929611
408000000	0.6292652381256785
408250000	0.6203174942383413
408500000	0.6116484845837551
408750000	0.6032752977560321
409000000	0.5952146891309191
409250000	0.5874827710737154
409500000	0.580096246054797
409750000	0.5730734209938434
410000000	0.5664335730610602
410250000	0.5601967270706965
410500000	0.554383371495088
410750000	0.549014109634575
411000000	0.5441092506538215
411250000	0.5396883512163686
411500000	0.5357697250553729
411750000	0.5323699442785492
412000000	0.5295033615706912
412250000	0.5271816856852704
412500000	0.5254136427631729
412750000	0.5242047524638733
413000000	0.5235572405598061
413250000	0.5234700991031144
413500000	0.5239392927369457
413750000	0.5249580968572991
414000000	0.5265175419447207
414250000	0.5286069300629027
414500000	0.5312148195947337
414750000	0.534335020650121
415000000	0.5379620964011936
415250000	0.5420879517994595
415500000	0.5467021108699396
415750000	0.551791796763451
416000000	0.5573421153252789
416250000	0.5633363202947539
416500000	0.5697561354373776
416750000	0.57658210882796
417000000	0.5837939765919817
417250000	0.5913710169728948
417500000	0.5992923799210079
417750000	0.607537381886159
418000000	0.616085759682646
418250000	0.6249178808867162
418500000	0.6340149110798889
418750000	0.643358940340018
419000000	0.6529330727629946
419250000	0.6627214835759185
419500000	0.6727094487020261
419750000	0.6828821503204604
420000000	0.6932239471088872
420250000	0.7037208420434624
420500000	0.7143592386537141
420750000	0.7251259542512233
421000000	0.7360082474758145
421250000	0.7469938389884002
421500000	0.7580709256677213
421750000	0.7692281888183685
422000000	0.7804547969823714
422250000	0.7917404039823365
422500000	0.8030751428240036
422750000	0.8144496160609636
423000000	0.8258548831826685
423250000	0.8372824455353086
423500000	0.8487242292284792
423750000	0.8601725664223406
424000000	0.8716201753326298
424250000	0.8830601392360058
424500000	0.8944858847067956
424750000	0.9058911592687597
425000000	0.9172696052690441
425250000	0.9286129182323036
425500000	0.939915499960526
425750000	0.9511724554603209
426000000	0.9623790263895162
426250000	0.9735305749721652
426500000	0.9846225699228764
426750000	0.995650574020807
427000000	1.006610233025615
427250000	1.0174972656712775
427500000	1.0283074545102355
427750000	1.039036637411038
428000000	1.0496806995383774
428250000	1.060235565666009
428500000	1.0706971926911164
428750000	1.0810615622338187
429000000	1.0913246732181352
429250000	1.1014825343412435
429500000	1.1115311563465862
429750000	1.1214665440235891
430000000	1.1312846878626694
430250000	1.140981555299061
430500000	1.150553081482905
430750000	1.1599956395443596
431000000	1.1693069213011167
431250000	1.1784841393041736
431500000	1.1875244028778065
431750000	1.1964247598661526
432000000	1.2051822055569716
432250000	1.2137936915354615
432500000	1.2222561343780842
432750000	1.2305664240990997
433000000	1.2387214322648645
433250000	1.2467180196931267
433500000	1.2545530436566632
433750000	1.2622233645128036
434000000	1.2697258516827128
434250000	1.2770573889068444
434500000	1.2842148787057497
434750000	1.2911952459784621
435000000	1.2979954406739438
435250000	1.3046124394746155
435500000	1.3110432464347257
435750000	1.3172848925202418
436000000	1.3233344340010378
436250000	1.3291890341245463
436500000	1.3348477906096776
436750000	1.3403085566520203
437000000	1.345568307448396
437250000	1.3506240419775566
437500000	1.355472807985522
437750000	1.3601117258647286
438000000	1.3645380112524461
438250000	1.3687489961697175
438500000	1.3727421485215976
438750000	1.3765150897826128
439000000	1.3800656106980955
439250000	1.383391684842183
439500000	1.3864914798865255
439750000	1.389363366449813
440000000	1.3920059244166518
440250000	1.3944179466346551
440500000	1.396598439920281
440750000	1.398546623326418
441000000	1.4002619236473515
441250000	1.401743968158996
441500000	1.4029925746134873
441750000	1.40400773852692
442000000	1.4047895110452624
442250000	1.4053371234862846
442500000	1.405649461941427
442750000	1.4057255919282723
443000000	1.4055647808389506
443250000	1.4051665135839617
443500000	1.4045305053470334
443750000	1.403656711357956
444000000	1.4025453336142253
444250000	1.4011968245086444
444500000	1.3996118873481649
444750000	1.397791473778307
445000000	1.3957367781567798
445250000	1.3934492289485385
445500000	1.390930477241735
445750000	1.3881823825090385
446000000	1.3852069957610025
446250000	1.3820065402568729
446500000	1.378583389953024
446750000	1.3749400458796468
447000000	1.3710790073040178
447250000	1.3670012593956493
447500000	1.3627082774704653
447750000	1.3582020274501179
448000000	1.3534845808403544
448250000	1.3485581174189845
448500000	1.3434249260684252
448750000	1.338087403802482
449000000	1.332548053046661
449250000	1.326809477240714
449500000	1.320874374841039
449750000	1.3147455318088461
450000000	1.3084258126774282
450250000	1.301918150298302
450500000	1.2952255343712356
450750000	1.2883509988671746
451000000	1.2812976084557048
451250000	1.2740684440498662
451500000	1.2666665875809178
451750000	1.25909510611395
452000000	1.251357035412187
452250000	1.2434553630534384
452500000	1.2353922197055525
452750000	1.2271695923233945
453000000	1.2187911368337394
453250000	1.2102604927805993
453500000	1.20158126106618
453750000	1.192757008530267
454000000	1.1837912718962975
454250000	1.1746875611312624
454500000	1.1654493622698798
454750000	1.1560801397571412
455000000	1.1465833383674477
455250000	1.1369623847632617
455500000	1.1272206887615759
455750000	1.1173616443827368
456000000	1.1073886307633993
456250000	1.0973050130238455
456500000	1.0871141431898472
456750000	1.0768193612809616
457000000	1.066423996691027
457250000	1.055931370003133
457500000	1.0453447954009911
457750000	1.0346675838621855
458000000	1.0239033397705248
458250000	1.0130570637108387
458500000	1.0021335052521365
458750000	0.9911374144334462
459000000	0.9800736333946446
459250000	0.9689471115992939
459500000	0.9577629208106274
459750000	0.946526269878635
460000000	0.935242519394703
460250000	0.9239171962695455
460500000	0.9125560082903615
460750000	0.9011648587144927
461000000	0.8897498609595229
461250000	0.8783173534541056
461500000	0.866873914720196
461750000	0.8554263787662668
462000000	0.8439818508831259
462250000	0.8325477239498541
462500000	0.821131695378058
462750000	0.8097417848491949
463000000	0.798386353033486
463250000	0.7870741215214963
463500000	0.7758141942526158
463750000	0.7646172645195486
464000000	0.7534964912716192
464250000	0.7424614819378268
464500000	0.7315222973850934
464750000	0.7206897975878221
465000000	0.7099756688141277
465250000	0.6993924439727826
465500000	0.6889535141118506
465750000	0.678673128779036
466000000	0.6685663827005364
466250000	0.6586491860401346
466500000	0.6489382154036522
466750000	0.6394508428062651
467000000	0.6302050400820716
467250000	0.6212192567548929
467500000	0.6125122702777135
467750000	0.6041030088513559
468000000	0.5960103487996518
468250000	0.5882528907235427
468500000	0.5808487213419299
468750000	0.5738151709392895
469000000	0.5671685794710919
469250000	0.5609240779772278
469500000	0.5550955614823547
469750000	0.5496997717280588
470000000	0.544755059481023
470250000	0.5402799775652128
470500000	0.536292857891605
470750000	0.5328113312217924
471000000	0.5298518087931262
471250000	0.5274289520978995
471500000	0.5255551627880332
471750000	0.5242401277147719
472000000	0.523490453568504
472250000	0.5233094209807739
472500000	0.5236968794675837
472750000	0.5246492931201068
473000000	0.5261599339723066
473250000	0.5282192073032358
473500000	0.5308150825302471
473750000	0.5339335961819844
474000000	0.5375593904192113
474250000	0.5416762516749121
474500000	0.5462676348457219
474750000	0.5513201735108336
475000000	0.556822908888423
475250000	0.5627625023493855
475500000	0.5691239074789343
475750000	0.5758905753085558
476000000	0.5830447100501817
476250000	0.590567554112658
476500000	0.598439683352329
476750000	0.6066412966891109
477000000	0.6151524878543418
477250000	0.62395349068107
477500000	0.6330248926841974
477750000	0.6423478145157694
478000000	0.6519040551352121
478250000	0.6616762042018547
478500000	0.6716477243276396
478750000	0.6818030065017254
479000000	0.6921274023074839
479250000	0.7026072365867718
479500000	0.7132298040477236
479750000	0.7239830468502716
480000000	0.7348525620997683
480250000	0.7458257819957349
480500000	0.7568912458524881
480750000	0.7680379283895126
481000000	0.7792552358086626
481250000	0.7905329999068635
481500000	0.8018614703119611
481750000	0.8132313049810674
482000000	0.8246335591301627
482250000	0.8360596727764962
482500000	0.8475014570760447
482750000	0.8589510796305433
483000000	0.8704010489251921
483250000	0.8818441980411884
483500000	0.8932736677682853
483750000	0.9046828892227877
484000000	0.9160655660565348
484250000	0.9274156563230105
484500000	0.938727354048109
484750000	0.9499950705354063
485000000	0.9612134154191633
485250000	0.9723762525428087
485500000	0.9834773744769514
485750000	0.994512675990102
486000000	1.0054781609813053
486250000	1.0163698946155373
486500000	1.0271839935284972
486750000	1.0379166173992806
487000000	1.0485639616222018
487250000	1.0591222508464708
487500000	1.069587733183775
487750000	1.0799566749100897
488000000	1.090225355510103
488250000	1.1003900629311594
488500000	1.1104470889292268
488750000	1.1203927244024867
489000000	1.13022325461921
489250000	1.1399349542558639
489500000	1.1495240821692385
489750000	1.1589868758329733
490000000	1.168319545374434
490250000	1.1775182671525795
490500000	1.1865791768214518
490750000	1.1954983618273178
491000000	1.2042730263054495
491250000	1.2129012197488998
491500000	1.221380071336306
491750000	1.229706639253358
492000000	1.2378779242232303
492250000	1.2458908824042847
492500000	1.2537424380099358
492750000	1.2614294955609733
493000000	1.2689489516792531
493250000	1.2762977063307783
493500000	1.2834726734259334
493750000	1.2904707906850266
494000000	1.297289028678453
494250000	1.3039243989526856
494500000	1.3103739611559468
494750000	1.3166348290807948
495000000	1.322704175544901
495250000	1.3285792360359765
495500000	1.3342573110519844
495750000	1.3397357670734384
496000000	1.3450120361105589
496250000	1.3500836137742918
496500000	1.354948277341273
496750000	1.359605381272579
497000000	1.3640525093835367
497250000	1.3682868146467428
497500000	1.3723055224825191
497750000	1.3761059562744453
498000000	1.3796855613333672
498250000	1.383041927115966
498500000	1.3861728075055708
498750000	1.389076138968814
499000000	1.3917500564118193
499250000	1.3941929065735978
499500000	1.3964032588118735
499750000	1.398379913157177
500000000	1.4001219055341874