0.	-1.3164756558537425e-7	-6.484409648711914e-20	0.	-7.09393802836337e-12
1.e6	-1.3190508079475967e-7	-7.072859814559635e-6	-5.11717941209457e-16	-7.030771588759497e-12
2.e6	-1.3265787393967803e-7	-0.000014020065246849749	-9.841334094756259e-16	-6.84330367274454e-12
3.e6	-1.3384788223127005e-7	-0.000020719984195260706	-1.380299749716925e-15	-6.537507325245905e-12
4.e6	-1.3538212003059732e-7	-0.000027058790850776655	-1.66759627241094e-15	-6.122945853836435e-12
5.e6	-1.3713771234303427e-7	-0.00003293379676831163	-1.819010296606765e-15	-5.6122257048938785e-12
6.e6	-1.3896779200196434e-7	-0.00003825615793191753	-1.8135684968628843e-15	-5.020305244922137e-12
7.e6	-1.407073934788621e-7	-0.00004295284395164318	-1.635909489307469e-15	-4.3637208570383255e-12
8.e6	-1.421785360100593e-7	-0.00004696781840420806	-1.2751181622188869e-15	-3.659793347014524e-12
9.e6	-1.431938525423449e-7	-0.00005026243994707914	-7.230192083253112e-16	-2.9258717859364903e-12
1.e7	-1.4355833297181234e-7	-0.0000528151456065045	2.7852513894154823e-17	-2.178660472573546e-12
1.1e7	-1.4306895857882868e-7	-0.00005462051620551104	9.864112051071153e-16	-1.4336601661422209e-12
1.2e7	-1.415121762383796e-7	-0.00005568784745211095	2.1651604754746104e-15	-7.047396478050073e-13
1.3e7	-1.3865928820966952e-7	-0.00005603935929357656	3.582205523030915e-15	-3.840122393301188e-15
1.4e7	-1.3425993609460158e-7	-0.00005570817307383078	5.2630326318054464e-15	6.591956197349055e-13
1.5e7	-1.280339860862089e-7	-0.00005473617414677194	7.241888934180374e-15	1.2766843539402573e-12
1.6e7	-1.1966236590250286e-7	-0.00005317186052932409	9.562418819147218e-15	1.8430723891027468e-12
1.7e7	-1.0877791027935663e-7	-0.00005106825925284441	1.227684770522976e-14	2.3548332571501175e-12
1.8e7	-9.495828670311238e-8	-0.00004848097392127735	1.5442328090283558e-14	2.810310229733423e-12
1.9e7	-7.772499000872405e-8	-0.00004546641134619026	1.91119012513372e-14	3.209517699209479e-12
2.e7	-5.6555797179260195e-8	-0.000042080222815852564	2.3315692171411938e-14	3.5539120188268005e-12
2.1e7	-3.092366606261823e-8	-0.00003837598654893191	2.8025453497615996e-14	3.846139337234202e-12
2.2e7	-3.8319804427191884e-10	-0.000034404151504543053	3.3093266972649845e-14	4.089765840132604e-12
2.3e7	3.526507283305801e-8	-0.00003021125785318022	3.8156388028107075e-14	4.288994942097739e-12
2.4e7	7.569930194246503e-8	-0.000025839444755385184	4.251331242834437e-14	4.448376409491829e-12
2.5e7	1.19678726304619e-7	-0.00002132625042053373	4.501612060441127e-14	4.572513936327977e-12
2.6e7	1.645936233398233e-7	-0.00001670470182483175	4.410151770424511e-14	4.665779902266258e-12
2.7e7	2.061975096684401e-7	-0.00001200368158107817	3.8159016613490044e-14	4.732048311372523e-12
2.8e7	2.3893757045669107e-7	-7.2485475446367755e-6	2.6355541837455253e-14	4.774458574222146e-12
2.9e7	2.572371738998606e-7	-2.4619677262784057e-6	9.611745789111021e-15	4.7952232571587095e-12
3.e7	2.57485069745894e-7	2.335079617301699e-6	-9.124989783139055e-15	4.79549179258546e-12
3.1e7	2.396298242616657e-7	7.12220157372772e-6	-2.596721060491662e-14	4.775279350524111e-12
3.2e7	2.072041029531904e-7	0.000011878449912127018	-3.7922680419930376e-14	4.7334658982471535e-12
3.3e7	1.6575944366344468e-7	0.000016581214815255586	-4.401531006814886e-14	4.667865515464277e-12
3.4e7	1.208702472441483e-7	0.00002120522120410972	-4.504345974010715e-14	4.575361062527705e-12
3.5e7	7.682550602984429e-8	0.0000257216887556565	-4.260954185870424e-14	4.4520950961053695e-12
3.6e7	3.6276413967830224e-8	0.00003009770605954689	-3.8284793598910025e-14	4.2937050914144286e-12
3.7e7	4.942728318178032e-10	0.0000342958566903005	-3.322953934756907e-14	4.095589855531616e-12
3.8e7	-3.0180369305316425e-8	0.00003827412194598581	-2.8155970745533872e-14	3.85319443922173e-12
3.9e7	-5.5937283712350474e-8	0.00004198607305258548	-2.3434121939651605e-14	3.5623024939136847e-12
4.e7	-7.721789824369188e-8	0.00004538135568676669	-1.921621198799142e-14	3.2193272824818226e-12
4.1e7	-9.45484780521557e-8	0.00004840646201793	-1.5532729401571214e-14	2.821594769771234e-12
4.2e7	-1.0845203016396055e-7	0.00005100577975485042	-1.2354544641594931e-14	2.3676137839231515e-12
4.3e7	-1.1940845919979956e-7	0.000053122903012526907	-9.628924603729018e-15	1.8573287103814707e-12
4.4e7	-1.278416104952182e-7	0.00005470218497020752	-7.298677601622883e-15	1.2923493457259714e-12
4.5e7	-1.3412003380722928e-7	0.00005569050596844982	-5.311383879803976e-15	6.761504463800057e-13
4.6e7	-1.385639595345698e-7	0.000056039221767252264	-3.6231527560793195e-15	1.423046611355163e-14
4.7e7	-1.4145443092305446e-7	0.00005570624446534655	-2.1994922104442373e-15	-6.857844648479739e-13
4.8e7	-1.4304248361361157e-7	0.000054658193023970116	-1.014699606156638e-15	-1.4141083555467868e-12
4.9e7	-1.43557296716817e-7	0.000052872532236442654	-5.049605409303035e-17	-2.1588538467241936e-12
5.e7	-1.432127558361345e-7	0.00005033960004995714	7.057451395200083e-16	-2.9061999298620915e-12
5.1e7	-1.4221211645956246e-7	0.000047064405987441353	1.2630059370945956e-15	-3.64068410127767e-12
5.2e7	-1.4075058635656728e-7	0.0000430680713493031	1.6287618145609495e-15	-4.3456272639397155e-12
5.3e7	-1.3901574829366123e-7	0.00003838877852703627	1.811142189079841e-15	-5.003689188323095e-12
5.4e7	-1.371858705773531e-7	0.00003308210548862964	1.8209658039684414e-15	-5.597538860196603e-12
5.5e7	-1.3542632341292935e-7	0.000027220644650842924	1.6734585236986945e-15	-6.1106089673317204e-12
5.6e7	-1.3388452684804426e-7	0.000020892843533694957	1.3894360643263667e-15	-6.527889198329673e-12
5.7e7	-1.3268406855760296e-7	0.000014201056059145566	9.957529592731794e-16	-6.836701467643276e-12
5.8e7	-1.3191879555427541e-7	7.25885381578895e-6	5.248944859782871e-16	-7.027394137855643e-12
5.9e7	-1.3164774704943295e-7	1.8770952487383098e-7	1.3715727234336724e-17	-7.093893682108677e-12
6.e7	-1.3189171506214715e-7	-6.886777598274963e-6	-4.985137378052184e-16	-7.034061776629809e-12
6.1e7	-1.3263198749328303e-7	-0.000013838900834778807	-9.724602150355932e-16	-6.849822817684321e-12
6.2e7	-1.3381148038108478e-7	-0.00002054687136477205	-1.3710868746065668e-15	-6.5470491201941295e-12
6.3e7	-1.353380730314612e-7	-0.000026896611501194202	-1.6616385221443211e-15	-6.135215275740666e-12
6.4e7	-1.3708960731078488e-7	-0.000032785100177904924	-1.8169446314300067e-15	-5.62685560391986e-12
6.5e7	-1.389197731080084e-7	-0.00003812309826474062	-1.8158739609215648e-15	-5.0368759807491516e-12
6.6e7	-1.406640131682756e-7	-0.000042837138224356254	-1.6429287792102109e-15	-4.3817813012136075e-12
6.7e7	-1.4214463683672393e-7	-0.0000468707254553417	-1.287096398317299e-15	-3.6788816305044535e-12
6.8e7	-1.4317449400668516e-7	-0.000050184759436424025	-7.401541883255143e-16	-2.945534408211478e-12
6.9e7	-1.4355877198647544e-7	-0.00005275723485883822	5.3541782980635915e-18	-2.1984687426901453e-12
7.e7	-1.4309468705171417e-7	-0.00005458232188326534	9.582766451821654e-16	-1.4532233485910958e-12
7.1e7	-1.4156901531767657e-7	-0.000055668948611557317	2.1309951533158756e-15	-7.237145732539634e-13
7.2e7	-1.387535358339643e-7	-0.00005603901830835458	3.5414424644731476e-15	-2.1937348375356007e-14
7.3e7	-1.3439856173349563e-7	-0.000055725391120344526	5.214889494653869e-15	6.422087779996454e-13
7.4e7	-1.2822486217464626e-7	-0.00005476974834300456	7.185338973229004e-15	1.260983464670787e-12
7.5e7	-1.1991451646848804e-7	-0.00005322044030760358	9.49618850152648e-15	1.8287777105267902e-12
7.6e7	-1.0910173866939877e-7	-0.000051130400047621474	1.2199466745842896e-14	2.3420132247611717e-12
7.7e7	-9.536570796794462e-8	-0.00004855518670650139	1.5352280936732227e-14	2.7989862075754596e-12
7.8e7	-7.822932663974936e-8	-0.0000455512069294836	1.90079677574799e-14	3.1996696682460667e-12
7.9e7	-5.717118169529934e-8	-0.000042174150078219735	2.3197623366930175e-14	3.5454849645485156e-12
8.e7	-3.166351272379015e-8	-0.000038477664019047597	2.78951992009808e-14	3.839050169496122e-12
8.1e7	-1.2570632682271994e-9	-0.000034512291800437855	3.2957011089277655e-14	4.0839107190714674e-12
8.2e7	3.425713560963015e-8	-0.000030324684644421583	3.802751498177144e-14	4.2842568898185e-12
8.3e7	7.457566102106172e-8	-0.000025957102030291682	4.241581168816295e-14	4.4446330599732354e-12
8.4e7	1.184879604123447e-7	-0.000021447204014850576	4.498639556910019e-14	4.5696452242764315e-12
8.5e7	1.63425569117312e-7	-0.000016828133398442712	4.4184161778088545e-14	4.663675429530812e-12
8.6e7	2.0518471850981254e-7	-0.000012128875519643182	3.8391141378867064e-14	4.730614074366906e-12
8.7e7	2.3823508858258848e-7	-7.374871597691705e-6	2.6740283263163314e-14	4.7736227049678625e-12
8.8e7	2.569764173194886e-7	-2.5888485406874803e-6	1.009704426397089e-14	4.794940437757923e-12
8.9e7	2.577200672399926e-7	2.208184591576769e-6	-8.636848105776539e-15	4.795746054715008e-12
9.e7	2.40311755510209e-7	6.995834083916009e-6	-2.557532763371782e-14	4.776085065241917e-12
9.1e7	2.08204386888519e-7	0.00001175318095269761	-3.7682130035305853e-14	4.7348668851108364e-12
9.2e7	1.6692293543217884e-7	0.00001645767286787621	-4.392551157138965e-14	4.669932334916492e-12
9.3e7	1.2206245967281087e-7	0.000021084116935727387	-4.50683807846955e-14	4.578186680320537e-12
9.4e7	7.795423930121068e-8	0.000025603834682584225	-4.270447406394197e-14	4.4557892041963695e-12
9.5e7	3.729114642137829e-8	0.000029984030000712234	-3.841271480965193e-14	4.29838742392106e-12
9.6e7	1.3753496734176423e-9	0.00003418740817969565	-3.336581888928067e-14	4.101382847795564e-12
9.7e7	-2.943361555012198e-8	0.000038172071110640224	-2.8286746688130777e-14	3.860215548921605e-12
9.8e7	-5.531563176037597e-8	0.00004189170175554677	-2.355291136785443e-14	3.570656448866005e-12
9.9e7	-7.670804135964632e-8	0.00004529604096804172	-1.932090018466799e-14	3.2290984575713497e-12
1.e8	-9.4136272632154e-8	0.0000483316520409835	-1.5623485752678987e-14	2.8328398427879574e-12
1.01e8	-1.0812408994799393e-7	0.00005094296259916681	-1.2432558633570199e-14	2.380354791277118e-12
1.02e8	-1.1915278905759629e-7	0.00005307356877279086	-9.695706895717871e-15	1.8715466276463952e-12
1.03e8	-1.2764772907347537e-7	0.000054667781764280485	-7.355705874216117e-15	1.3079783570323435e-12
1.04e8	-1.339788493550803e-7	0.000055672390652954726	-5.3599439619286105e-15	6.930731361674492e-13
1.05e8	-1.3846754492802519e-7	0.00005603860643637061	-3.664284713952112e-15	3.2274255276965096e-14
1.06e8	-1.413957749630586e-7	0.00005572414017633382	-2.2339907563025483e-15	-6.668492261753304e-13
1.07e8	-1.4301525808168783e-7	0.0000546953526427241	-1.0431421243541146e-15	-1.3945681564808853e-12
1.08e8	-1.4355565937678297e-7	0.00005292939479578046	-7.328498846816037e-17	-2.139049138469466e-12
1.09e8	-1.4323120020580228e-7	0.00005041623950470205	6.883318399096e-16	-2.8865191403095856e-12
1.1e8	-1.422453746380175e-7	0.00004716048765457722	1.25075958812056e-15	-3.6215542114563926e-12
1.11e8	-1.4079358840203392e-7	0.000043182819544489144	1.621485587690118e-15	-4.327500846430816e-12
1.12e8	-1.3906363878238087e-7	0.00003852095885508128	1.80859480215965e-15	-4.987028128417808e-12
1.13e8	-1.3723407909450952e-7	0.00003323002483595483	1.8228108222123056e-15	-5.582795365657473e-12
1.14e8	-1.3547068064562967e-7	0.000027382171119668077	1.6792248330738393e-15	-6.098204875609521e-12
1.15e8	-1.3392141219821972e-7	0.00002106544736304785	1.398495263383499e-15	-6.518194948493022e-12
1.16e8	-1.3271056991896817e-7	0.00001438187107578556	1.0073182133023365e-15	-6.830016349315285e-12
1.17e8	-1.3193285859935303e-7	7.444757293935438e-6	5.380426559792805e-16	-7.023929500161839e-12
1.18e8	-1.316482914318258e-7	3.754167028988887e-7	2.7430714978399627e-17	-7.093760644350545e-12
1.19e8	-1.3187869907881497e-7	-6.700609476955077e-6	-4.852825930856516e-16	-7.037264627174387e-12
1.2e8	-1.326064106292491e-7	-0.000013657565022681171	-9.607340292580623e-16	-6.856258757304107e-12
1.21e8	-1.3377532331595089e-7	-0.000020373507064770417	-1.3617979968676658e-15	-6.556514375630454e-12
1.22e8	-1.3529418493658873e-7	-0.00002673410839066905	-1.6555857188652947e-15	-6.1474169748211015e-12
1.23e8	-1.3704155839103364e-7	-0.00003263601722813212	-1.8147691425534207e-15	-5.641428262220204e-12
1.24e8	-1.3887169480625258e-7	-0.000037989600728914934	-1.8180588188926835e-15	-5.053401078719765e-12
1.25e8	-1.4062044881972014e-7	-0.000042720955048877863	-1.6498198529187203e-15	-4.399808271959363e-12
1.26e8	-1.4211042248319954e-7	-0.00004677312769973102	-1.2989407805716232e-15	-3.6979486332593185e-12
1.27e8	-1.4315468390765867e-7	-0.00005010655876630587	-7.571502208080307e-16	-2.965187495764905e-12
1.28e8	-1.4355861760051966e-7	-0.000052698799953560895	-1.699914049847542e-17	-2.218278382935527e-12
1.29e8	-1.4311967309937695e-7	-0.00005454360975950855	9.302956531226883e-16	-1.4727976622620806e-12
1.3e8	-1.4162495255910332e-7	-0.00005564954742396724	2.0969958495389884e-15	-7.427090383646693e-13
1.31e8	-1.3884670727359095e-7	-0.00005603819810889709	3.500863034422733e-15	-4.0061048898256e-14
1.32e8	-1.3453591622113399e-7	-0.00005574215926247485	5.166953749786301e-15	6.251900439915895e-13
1.33e8	-1.2841424506500852e-7	-0.00005480290661014538	7.129026824531566e-15	1.2452467619114367e-12
1.34e8	-1.2016491817304485e-7	-0.000053268641333036915	9.430232613249786e-15	1.814444722290069e-12
1.35e8	-1.0942352368074542e-7	-0.00005119220109403238	1.2122400683547443e-14	2.329153701381163e-12
1.36e8	-9.577075120610247e-8	-0.00004862909932868992	1.526258704891841e-14	2.787622688907076e-12
1.37e8	-7.873091811567487e-8	-0.00004563574141878301	1.8904411262684324e-14	3.1897831506680202e-12
1.38e8	-5.778344682842264e-8	-0.00004226785387100424	2.307991677424338e-14	3.5370212724740983e-12
1.39e8	-3.239991630186612e-8	-0.000038579153453967074	2.776521200978978e-14	3.831926862857662e-12
1.4e8	-2.1273233979586803e-9	-0.0000346202767538249	3.282078085596744e-14	4.0780244099911565e-12
1.41e8	3.325261444636931e-8	-0.000030437985693804516	3.789819111575357e-14	4.2794908484501225e-12
1.42e8	7.345461656495071e-8	-0.000026074659926663735	4.231706532193551e-14	4.440864963052228e-12
1.43e8	1.1729801227450239e-7	-0.00002156808141485814	4.4954316758997345e-14	4.5667548486812585e-12
1.44e8	1.6225537492480801e-7	-0.00001695150903617642	4.4263269945929943e-14	4.661552031102616e-12
1.45e8	2.0416584086757186e-7	-0.000012254031286581243	3.8619058396706616e-14	4.729163136651216e-12
1.46e8	2.3752247411905027e-7	-7.501173333101492e-6	2.712139794198618e-14	4.772771710866505e-12
1.47e8	2.5670283951674223e-7	-2.715721682417505e-6	1.0580813887639139e-14	4.7946433231443485e-12
1.48e8	2.579421306728717e-7	2.08128302665009e-6	-8.14739313084646e-15	4.795986053661924e-12
1.49e8	2.4098327073720314e-7	6.869445473331655e-6	-2.5179932115597553e-14	4.776875749215801e-12
1.5e8	2.0919824993805907e-7	0.000011627875141378348	-3.743736362731201e-14	4.736251321622501e-12
1.51e8	1.680840032725911e-7	0.00001633407647912435	-4.383209528784166e-14	4.671980426047998e-12
1.52e8	1.2325529917988592e-7	0.00002096293818349062	-4.5090851487752166e-14	4.580990866901328e-12
1.53e8	7.90854670857937e-8	0.000025485883185418673	-4.279808289887742e-14	4.459458818028874e-12
1.54e8	3.830925715131942e-8	0.000029870230411584205	-3.8540134545907574e-14	4.3030420257922215e-12
1.55e8	2.260032544945316e-9	0.000034078806792523856	-3.350209610497155e-14	4.107144899617617e-12
1.56e8	-2.8683398009275428e-8	0.00003806983494137667	-2.841777696486715e-14	3.8672027401060865e-12
1.57e8	-5.469083182438864e-8	0.00004179710989029179	-2.3672059095474687e-14	3.5789739431891454e-12
1.58e8	-7.619540936618918e-8	0.00004521046820578984	-1.9425966031494984e-14	3.238831264567647e-12
1.59e8	-9.372166103697874e-8	0.0000482565450345513	-1.571459801545714e-14	2.84404546458821e-12
1.6e8	-1.0779408122771735e-7	0.00005087980883167687	-1.2510890758373461e-14	2.3930562662277486e-12
1.61e8	-1.1889534814554206e-7	0.00005302385882691741	-9.762766738319817e-15	1.8857260950984715e-12
1.62e8	-1.274523354689446e-7	0.0000546329654821449	-7.412974655020317e-15	1.323571305860275e-12
1.63e8	-1.3383637720265512e-7	0.000055653827979304026	-5.408713606177413e-15	7.099635683785911e-13
1.64e8	-1.3837003949477497e-7	0.00005603751401218748	-3.7056019513487476e-15	5.0291084294974726e-14
1.65e8	-1.4133620393916685e-7	0.000055741535115471405	-2.268656514797413e-15	-6.47934132540422e-13
1.66e8	-1.4298727790134116e-7	0.000054731995372179775	-1.0717390385121937e-15	-1.3750398076624112e-12
1.67e8	-1.4355341710196407e-7	0.00005298573333886336	-9.621950839049798e-17	-2.119246620321096e-12
1.68e8	-1.4324918196532963e-7	0.00005049235807889173	6.707791667531586e-16	-2.8668297169929975e-12
1.69e8	-1.4227830699464564e-7	0.000047256062863568696	1.2383789808030454e-15	-3.6024039953794426e-12
1.7e8	-1.4083639621149614e-7	0.000043297087672939935	1.6140806427583278e-15	-4.309341929022202e-12
1.71e8	-1.3911146026120514e-7	0.000038652697729442265	1.80592610289397e-15	-4.97032238304306e-12
1.72e8	-1.3728233496654121e-7	0.00003337755331521899	1.8245450228369084e-15	-5.567995517870642e-12
1.73e8	-1.3551518918419002e-7	0.000027543368482407117	1.6848947606348648e-15	-6.0857338392028385e-12
1.74e8	-1.339585362339601e-7	0.00002123779367184135	1.4074767946692649e-15	-6.508424786279005e-12
1.75e8	-1.327373765784846e-7	0.000014562508104796434	1.0188285226382046e-15	-6.823248466465548e-12
1.76e8	-1.3194726916971767e-7	7.630567943011468e-6	5.511617362971885e-16	-7.020377753869914e-12
1.77e8	-1.3164919870320145e-7	5.63119187279701e-7	4.114422377424281e-17	-7.093538918106694e-12
1.78e8	-1.318660335481429e-7	-6.514357762562182e-6	-4.720252255287825e-16	-7.040380068055647e-12
1.79e8	-1.32581144741092e-7	-0.000013476060014118818	-9.489555076047161e-16	-6.862611348227731e-12
1.8e8	-1.3373941303953234e-7	-0.000020199893323264053	-1.3524336771819832e-15	-6.565902885523017e-12
1.81e8	-1.3525045825520676e-7	-0.00002657128331459311	-1.649438311573159e-15	-6.15955069402399e-12
1.82e8	-1.3699356848533083e-7	-0.00003248654943751203	-1.8124841669158085e-15	-5.655943385526052e-12
1.83e8	-1.3882356028483848e-7	-0.0000378556665362392	-1.820123310656718e-15	-5.069880222141133e-12
1.84e8	-1.405767038236287e-7	-0.000042604295315228564	-1.6565828804768718e-15	-4.4178014447856344e-12
1.85e8	-1.420758964895479e-7	-0.00004667502570469054	-1.310651444549633e-15	-3.716994036473508e-12
1.86e8	-1.4313442592003977e-7	-0.0000500278381930035	-7.740074463761976e-16	-2.984830747080228e-12
1.87e8	-1.4355787364871269e-7	-0.00005263984085805633	-3.920762855574639e-17	-2.2380891183649162e-12
1.88e8	-1.4314392078173068e-7	-0.00005450437954289782	9.024679584088116e-16	-1.4923828655715712e-12
1.89e8	-1.4167999235042879e-7	-0.00005562964337500571	2.0631621733421593e-15	-7.617228392706862e-13
1.9e8	-1.38938807380295e-7	-0.000056036897996839225	3.4604666912320195e-15	-5.821105996162713e-14
1.91e8	-1.346720050357871e-7	-0.00005575847665796908	5.119224683353026e-15	6.081395415788455e-13
1.92e8	-1.2860214103817073e-7	-0.00005483564800167075	7.072951598294024e-15	1.2294743306560971e-12
1.93e8	-1.2041357826404406e-7	-0.0000533164625925683	9.364550119596706e-15	1.8000734729513606e-12
1.94e8	-1.0974327363146595e-7	-0.00005125366134732212	1.2045648437356433e-14	2.316254702459423e-12
1.95e8	-9.617342575330387e-8	-0.00004870271074255999	1.5173245525241885e-14	2.7762196600498452e-12
1.96e8	-7.922977440861363e-8	-0.00004572001379519895	1.880123149728442e-14	3.179858108139859e-12
1.97e8	-5.839260217888194e-8	-0.00004236133322397565	2.2962573586612296e-14	3.528520884454444e-12
1.98e8	-3.3132883918467116e-8	-0.000038680453949387204	2.763549597724177e-14	3.824769344485788e-12
1.99e8	-2.9939792315377574e-9	-0.00003472810553835584	3.268458526681129e-14	4.072106830708312e-12
2.e8	3.2251521054384974e-8	-0.000030551160259578644	3.776843285848274e-14	4.274696731895657e-12
2.01e8	7.233620119691718e-8	-0.000026192117788549533	4.2217098780383056e-14	4.4370720341201996e-12
2.02e8	1.1610894374919477e-7	-0.000021688882046293185	4.491991622471443e-14	4.5638427316071714e-12
2.03e8	1.610831339548298e-7	-0.000017074828236372917	4.4338870207537e-14	4.659409640465402e-12
2.04e8	2.0314098802259356e-7	-0.000012379148439305592	3.884277225235916e-14	4.72769544718962e-12
2.05e8	2.3679982350825613e-7	-7.627452350225733e-6	2.7498850065918967e-14	4.7719055594981756e-12
2.06e8	2.564164818833403e-7	-2.8425867730552205e-6	1.106298390484438e-14	4.794331901517927e-12
2.07e8	2.5815122625681686e-7	1.9543752998054027e-6	-7.656697720382913e-15	4.796211798977983e-12
2.08e8	2.416442775293745e-7	6.743036139294394e-6	-2.4781064360696814e-14	4.777651432756742e-12
2.09e8	2.1018558052941146e-7	0.000011502532915450666	-3.718838030678382e-14	4.737619256977758e-12
2.1e8	1.6924255110384819e-7	0.000016210426143694865	-4.373503467822182e-14	4.674009853914463e-12
2.11e8	1.2444870050058877e-7	0.00002084168551346436	-4.511083954785278e-14	4.58377369921142e-12
2.12e8	8.021915401798627e-8	0.000025367834911173668	-4.289034199021633e-14	4.463104021744761e-12
2.13e8	3.933073265935858e-8	0.00002975630802479578	-3.866703546217604e-14	4.30766898322082e-12
2.14e8	3.1483212573893836e-9	0.000033970053346395845	-3.363836133195067e-14	4.112876093853269e-12
2.15e8	-2.7929710011795506e-8	0.00003796741433471703	-2.854905710975999e-14	3.874156086852932e-12
2.16e8	-5.406287444220404e-8	0.00004170229842080619	-2.379156370420873e-14	3.5872550368332918e-12
2.17e8	-7.567999226825753e-8	0.00004512463841471833	-1.9531409690906067e-14	3.24852574413813e-12
2.18e8	-9.330463383757235e-8	0.00004818114204231795	-1.5806067051197697e-14	2.8552116516790652e-12
2.19e8	-1.0746199557090794e-7	0.00005081631949858987	-1.2589542091647145e-14	2.4057181966067263e-12
2.2e8	-1.1863612910564772e-7	0.000052973774192904455	-9.830105177429931e-15	1.8998670678538263e-12
2.21e8	-1.272554233056361e-7	0.00005459773707910687	-7.470484851473942e-15	1.3391281112053501e-12
2.22e8	-1.336926117951289e-7	0.00005563481880263979	-5.45769354526966e-15	7.268216233426963e-13
2.23e8	-1.3827143832482314e-7	0.00005603594521019957	-3.747105027348826e-15	6.828079343184508e-14
2.24e8	-1.4127571342147567e-7	0.000055758429818449655	-2.3034898913679703e-15	-6.290393836561632e-13
2.25e8	-1.4295853898344098e-7	0.0000547681215290477	-1.1004906302579182e-15	-1.3555235468481697e-12
2.26e8	-1.4355056603752602e-7	0.000053041547927240746	-1.1929980705596572e-16	-2.0994465639704544e-12
2.27e8	-1.4326669742491121e-7	0.0000505679555480359	6.530869765403233e-16	-2.8471319590126814e-12
2.28e8	-1.423109099751139e-7	0.00004735113108076852	1.225863980950391e-15	-3.5832337705338714e-12
2.29e8	-1.4087900637681507e-7	0.00004341087487898571	1.606546815147619e-15	-4.291150836212347e-12
2.3e8	-1.3915920951707484e-7	0.00003878399397191937	1.8031358602590066e-15	-4.9535722703964074e-12
2.31e8	-1.373306352568317e-7	0.000033524689439215034	1.8261680801306427e-15	-5.553139614184432e-12
2.32e8	-1.355598464725027e-7	0.00002770423497111837	1.6904678695117987e-15	-6.073196119784787e-12
2.33e8	-1.339958968928538e-7	0.000021409880454190517	1.416380108807896e-15	-6.498578923717716e-12
2.34e8	-1.3276448707372128e-7	0.000014742964958166856	1.030283240578658e-15	-6.816397969563205e-12
2.35e8	-1.319620264861939e-7	7.816283459128876e-6	5.642510132634606e-16	-7.0167389791166276e-12
2.36e8	-1.3165046881464402e-7	7.50814631326741e-7	5.4855514228596987e-17	-7.093228508406547e-12
2.37e8	-1.318537191544855e-7	-6.328024768940183e-6	-4.587423547407145e-16	-7.0434080288935765e-12
2.38e8	-1.3255619120495523e-7	-0.000013294388016425363	-9.371253076715246e-16	-6.868880448867118e-12
2.39e8	-1.3370375154062027e-7	-0.000020026032173699283	-1.3429944790286451e-15	-6.5752144453602025e-12
2.4e8	-1.3520689548462105e-7	-0.000026408138075141878	-1.6431967522997614e-15	-6.171616177474828e-12
2.41e8	-1.3694564048627368e-7	-0.00003233669833234113	-1.8100900442900924e-15	-5.670400680364608e-12
2.42e8	-1.3877537272553062e-7	-0.000037721296906881324	-1.8220676783569767e-15	-5.086313094722343e-12
2.43e8	-1.405327815659138e-7	-0.000042487159922012565	-1.6632180333477263e-15	-4.435760495228363e-12
2.44e8	-1.4204106239223743e-7	-0.00004657642004597943	-1.3222285262328362e-15	-3.736017521031978e-12
2.45e8	-1.431137237148909e-7	-0.00004994859798078922	-7.907260049777105e-16	-3.0044638600530678e-12
2.46e8	-1.4355654396092047e-7	-0.000052580357546987604	-6.127147021860063e-17	-2.2579006732319554e-12
2.47e8	-1.4316743415156759e-7	-0.00005446463094848908	8.747932932345903e-16	-1.5119787159867802e-12
2.48e8	-1.4173413906912892e-7	-0.00005560923595574497	2.0294937375292146e-15	-7.807557710707983e-13
2.49e8	-1.39029840991548e-7	-0.00005603511727816462	3.4202528975731087e-15	-7.638721649932646e-14
2.5e8	-1.3480683363690043e-7	-0.000055774342467868766	5.0717015862136724e-15	5.910573956811632e-13
2.51e8	-1.2878855635152215e-7	-0.00005486797157331484	7.017112409185149e-15	1.213666256900318e-12
2.52e8	-1.2066050396201669e-7	-0.00005336390307443724	9.299139988808999e-15	1.7856640119940403e-12
2.53e8	-1.1006099681101296e-7	-0.00005131477976315665	1.1969208925335349e-14	2.3033162442725495e-12
2.54e8	-9.65737409212877e-8	-0.000048776019902472176	1.5084255454808653e-14	2.7647771080403618e-12
2.55e8	-7.972590548320783e-8	-0.00004580402303883623	1.8698428166253443e-14	3.1698945029175954e-12
2.56e8	-5.899865737778722e-8	-0.00004245458716537391	2.284559494349107e-14	3.5199837427998628e-12
2.57e8	-3.3862422801141236e-8	-0.00003878156459908329	2.7506055057042063e-14	3.81757754186803e-12
2.58e8	-3.8570318028697175e-9	-0.00003483577732551913	3.254843315329406e-14	4.06615789921721e-12
2.59e8	3.125386671307497e-8	-0.00003066420759771751	3.763825641226064e-14	4.269874454091638e-12
2.6e8	7.122044686940613e-8	-0.00002630947495776163	4.211593727975884e-14	4.433254188460988e-12
2.61e8	1.1492081584750938e-7	-0.00002180960533282988	4.488322593530226e-14	4.56090879487873e-12
2.62e8	1.599089386546215e-7	-0.000017198090495597026	4.44109908919984e-14	4.657248190744941e-12
2.63e8	2.021102711225965e-7	-0.00001250422653387729	3.906228842259561e-14	4.7262109544917576e-12
2.64e8	2.3606723412487354e-7	-7.75370824756068e-6	2.7872604962327954e-14	4.771024217919238e-12
2.65e8	2.5611738767548426e-7	-2.9694434338656814e-6	1.1543484149904778e-14	4.794006160517716e-12
2.66e8	2.5834732213825913e-7	1.8274617880830685e-6	-7.164835198401743e-15	4.796423299651807e-12
2.67e8	2.422946845548148e-7	6.6166064783301034e-6	-2.4378765791772462e-14	4.778412145645141e-12
2.68e8	2.1116626707925956e-7	0.00001137715471089921	-3.693518013999219e-14	4.738970739906835e-12
2.69e8	1.7039848214815574e-7	0.00001608672235458092	-4.363430360475788e-14	4.6760206831994566e-12
2.7e8	1.2564259751483722e-7	0.000020720359489682456	-4.512831262070068e-14	4.586535253935414e-12
2.71e8	8.135526403132656e-8	0.000025249690504650567	-4.298122473843704e-14	4.466724899360249e-12
2.72e8	4.035555898515705e-8	0.000029642263570693694	-3.8793399980743215e-14	4.312268382414267e-12
2.73e8	4.040215363789744e-9	0.00003386114865672139	-3.377460473582938e-14	4.11857651351652e-12
2.74e8	-2.717254500628014e-8	0.000037864810185225395	-2.8680582549865434e-14	3.8810756635418136e-12
2.75e8	-5.343175018994336e-8	0.00004160726830946928	-2.3911423716976235e-14	3.595499790189975e-12
2.76e8	-7.516178006686264e-8	0.00004503855260845185	-1.9637231297034854e-14	3.2581819375246673e-12
2.77e8	-9.288518158222948e-8	0.00004810544410752634	-1.5897893710304538e-14	2.866338421266801e-12
2.78e8	-1.0712782451690387e-7	0.00005075249564643739	-1.2668513707293501e-14	2.418340571059028e-12
2.79e8	-1.18375124552214e-7	0.000052923315889936396	-9.897723261559873e-15	1.913969501941313e-12
2.8e8	-1.2705698618349095e-7	0.00005456209751261	-7.52823737537038e-15	1.354648693056155e-12
2.81e8	-1.3354754755822608e-7	0.00005561536398125648	-5.506884516647502e-15	7.436471824359602e-13
2.82e8	-1.381717364933221e-7	0.00005603390075012141	-3.7887945054269195e-15	8.624322401828891e-14
2.83e8	-1.4121429896930348e-7	0.00005577482482623854	-2.338491295165978e-15	-6.101651781935493e-13
2.84e8	-1.4292903723136646e-7	0.000054803731436323385	-1.1293971840573728e-15	-1.3360196108310349e-12
2.85e8	-1.4354710232349827e-7	0.00005309683862964059	-1.4252607951245136e-16	-2.0796492402840847e-12
2.86e8	-1.4328374289093294e-7	0.000050643031695538544	6.352551249630379e-16	-2.827426164849104e-12
2.87e8	-1.4234318002154112e-7	0.0000474456917809325	1.213214454644999e-15	-3.5640438540569728e-12
2.88e8	-1.409214154855128e-7	0.00004352418031553576	1.5988839415330046e-15	-4.272927892478494e-12
2.89e8	-1.3920688333084547e-7	0.00003891484641274696	1.8002238453955175e-15	-4.936778109026031e-12
2.9e8	-1.3737897702018212e-7	0.000033671431728606116	1.827679671159992e-15	-5.538227952691032e-12
2.91e8	-1.3560464994293936e-7	0.000027864768824805658	1.6959437258652347e-15	-6.0605919801587705e-12
2.92e8	-1.340334920979911e-7	0.000021581705709844653	1.425204659277674e-15	-6.488657574317946e-12
2.93e8	-1.3279189992516442e-7	0.000014923239451890827	1.0416817226659064e-15	-6.809465010835254e-12
2.94e8	-1.3197712975073865e-7	8.001901540541144e-6	5.773097744853768e-16	-7.0130132579803006e-12
2.95e8	-1.3165210169767323e-7	9.385006885078332e-7	6.856384704515085e-17	-7.092829422290951e-12
2.96e8	-1.3184175656314103e-7	-6.141612811776583e-6	-4.4543470142572e-16	-7.046348441268761e-12
2.97e8	-1.3253155137955435e-7	-0.000013112551240665254	-9.252440891658487e-16	-6.8750659194283495e-12
2.98e8	-1.3366834079305857e-7	-0.00001985192565490961	-1.333480968672074e-15	-6.584448852158696e-12
2.99e8	-1.3516349911013643e-7	-0.000026244674481246162	-1.6368614961091253e-15	-6.183613170488092e-12
3.e8	-1.3689777727743127e-7	-0.000032186465446668756	-1.807587117293821e-15	-5.684799854069377e-12
3.01e8	-1.3872713530365616e-7	-0.000037586493069382106	-1.8238921664188272e-15	-5.102699380584725e-12
3.02e8	-1.4048868542793362e-7	-0.000042369549776419255	-1.6697254844383964e-15	-4.4536850988587074e-12
3.03e8	-1.4200592372413333e-7	-0.00004647731130780821	-1.3336721620442303e-15	-3.755018767518493e-12
3.04e8	-1.4309258095957952e-7	-0.00004986883840193081	-8.073060359329146e-16	-3.024086531997733e-12
3.05e8	-1.4355463236215527e-7	-0.00005252035000233146	-8.319084814379095e-17	-2.2777127709934364e-12
3.06e8	-1.4319021725462882e-7	-0.000054424363697782244	8.472713924827531e-16	-1.5315849700288118e-12
3.07e8	-1.4178739708248135e-7	-0.00005558832466269396	1.9959901584879358e-15	-7.998076278304892e-13
3.08e8	-1.3911981293066014e-7	-0.00005603285526325439	3.3802211204226584e-15	-9.458935237950799e-14
3.09e8	-1.3494040746521615e-7	-0.0000557897558565296	5.024383753933598e-15	5.739437322708772e-13
3.1e8	-1.2897349723908466e-7	-0.00005489987638311131	6.961508376355985e-15	1.1978226276432055e-12
3.11e8	-1.2090570246023275e-7	-0.00005341096176820383	9.234001192154548e-15	1.7712163898283661e-12
3.12e8	-1.1037670148019989e-7	-0.00005137555529764848	1.1893081064751193e-14	2.2903383439272107e-12
3.13e8	-9.697170599756896e-8	-0.000048849025762459616	1.499561591773412e-14	2.7532950206333995e-12
3.14e8	-8.021932129596175e-8	-0.00004588776812881589	1.8596000949765942e-14	3.1598922978521495e-12
3.15e8	-5.960162208570198e-8	-0.00004254761472191938	2.2728981931482538e-14	3.5114097902834734e-12
3.16e8	-3.458854028075489e-8	-0.00003888248449491891	2.7376893104855928e-14	3.810351382816223e-12
3.17e8	-4.7164823774148936e-9	-0.00003494329128463902	3.241233318610592e-14	4.060177533693502e-12
3.18e8	3.025966227609352e-8	-0.000030777126961925585	3.7507677754590987e-14	4.2650239290118964e-12
3.19e8	7.010738487074226e-8	-0.000026426730773865063	4.201360580054561e-14	4.429411341254531e-12
3.2e8	1.1373368873576418e-7	-0.000021930250696073298	4.484427777109228e-14	4.557952960083647e-12
3.21e8	1.5873288071761805e-7	-0.000017321295308652805	4.4479660643658467e-14	4.655067614711828e-12
3.22e8	2.010738011587382e-7	-0.000012629265124985841	3.927761326210326e-14	4.724709606614816e-12
3.23e8	2.3532480424597803e-7	-7.879940622723676e-6	2.8242629096667525e-14	4.770127652663667e-12
3.24e8	2.558056019979305e-7	-3.096291285776692e-6	1.2022245071109369e-14	4.793666087222493e-12
3.25e8	2.585303884096466e-7	1.700542868292569e-6	-6.67187932434668e-15	4.796620564108438e-12
3.26e8	2.429344015923364e-7	6.490156886186238e-6	-2.3973078937785666e-14	4.779157917129451e-12
3.27e8	2.121401980188155e-7	0.000011251740962422852	-3.667776416065892e-14	4.740305818672396e-12
3.28e8	1.7155169894156885e-7	0.000015962965603053154	-4.352987634595901e-14	4.6780129782115686e-12
3.29e8	1.268369232462253e-7	0.000020598960674141042	-4.514323832745124e-14	4.589275607497932e-12
3.3e8	8.249376035254499e-8	0.00002513145060842281	-4.307070431980309e-14	4.470321534762156e-12
3.31e8	4.138372170017374e-8	0.000029528097777341388	-3.89192102905875e-14	4.316840309590714e-12
3.32e8	4.935714154669825e-9	0.0000337520935367157	-3.391081630870241e-14	4.124246241776047e-12
3.33e8	-2.641189656376625e-8	0.000037762023385492316	-2.8812348603745145e-14	3.887961544850391e-12
3.34e8	-5.279744968359824e-8	0.000041512020517065774	-2.4031637596889113e-14	3.603708264088361e-12
3.35e8	-7.464076275984738e-8	0.00004495221179950577	-1.9743430955100404e-14	3.2677998865402065e-12
3.36e8	-9.24632947968918e-8	0.00004802945227294927	-1.5990078831957574e-14	2.877425791253804e-12
3.37e8	-1.0679155957664958e-7	0.000050688338322033325	-1.2747806677306541e-14	2.4309233790399697e-12
3.38e8	-1.1811232707176188e-7	0.000052872484938335356	-9.965622041763917e-15	1.9280333543001886e-12
3.39e8	-1.2685701767826705e-7	0.00005452604774219489	-7.586233142833226e-15	1.3701329723922918e-12
3.4e8	-1.3340117889809538e-7	0.00005559546437656275	-5.556287262477284e-15	7.604401280804136e-13
3.41e8	-1.3807092906045579e-7	0.00005603138135584396	-3.830670953466562e-15	1.0417821845126258e-13
3.42e8	-1.4115195613109335e-7	0.000055790720685040284	-2.3736611390764693e-15	-5.913117137805081e-13
3.43e8	-1.428987685409324e-7	0.000054838825423249336	-1.1584589872408009e-15	-1.316528235437035e-12
3.44e8	-1.4354302209472428e-7	0.00005315160552194223	-1.6589852268701285e-16	-2.0598549192991314e-12
3.45e8	-1.4330031466595167e-7	0.00005071758631270844	6.172834668870839e-16	-2.807712632356418e-12
3.46e8	-1.4237511357250678e-7	0.00004753974444720017	1.2004302682153347e-15	-3.544834562728441e-12
3.47e8	-1.4096362012080669e-7	0.000043637003144088	1.591091859857299e-15	-4.254673422267192e-12
3.48e8	-1.3925447847734563e-7	0.000039045253890589165	1.79718983158848e-15	-4.919940217820307e-12
3.49e8	-1.3742735730288514e-7	0.00003381777871196655	1.829079475757517e-15	-5.523260832215893e-12
3.5e8	-1.3564959701643294e-7	0.000028024968289442325	1.7013218988848761e-15	-6.0479216842486056e-12
3.51e8	-1.3407131975803777e-7	0.000021753267444208855	1.4339499024212839e-15	-6.478660953058672e-12
3.52e8	-1.3281961363627786e-7	0.000015103329406010331	1.0530233267077175e-15	-6.802449744260381e-12
3.53e8	-1.3199257814647597e-7	8.187419887710542e-6	5.903373088752858e-16	-7.00920067447738e-12
3.54e8	-1.316540972642483e-7	1.1261750125143278e-6	8.226848305687516e-17	-7.0923416688119444e-12
3.55e8	-1.3183014642032296e-7	-5.955124208540238e-6	-4.3210298735607747e-16	-7.049201238725252e-12
3.56e8	-1.3250722660612053e-7	-0.000012930551901566608	-9.133125138836587e-16	-6.88116762191719e-12
3.57e8	-1.3363318275567114e-7	-0.00001967757581107159	-1.32389371514928e-15	-6.5936059044717164e-12
3.58e8	-1.3512027160497649e-7	-0.000026080894348558245	-1.630433001096557e-15	-6.19554141957687e-12
3.59e8	-1.3684998173326916e-7	-0.00003203585232227549	-1.804975731399354e-15	-5.699140614790687e-12
3.6e8	-1.3867885118804413e-7	-0.000037451256260624406	-1.8255970215685892e-15	-5.119038764272083e-12
3.61e8	-1.4044441878645116e-7	-0.000042251465794230056	-1.6761054081249068e-15	-4.471574931292729e-12
3.62e8	-1.4197048401448432e-7	-0.00004637770008283633	-1.3449824888763045e-15	-3.773997456223976e-12
3.63e8	-1.430710013177951e-7	-0.00004978855973671558	-8.237476779633867e-16	-3.0436984596536618e-12
3.64e8	-1.4355214267261658e-7	-0.00005245981821338998	-1.0496594332758479e-16	-2.2975251343142744e-12
3.65e8	-1.432122741296757e-7	-0.00005438357751870855	8.199019936994209e-16	-1.5512013832757293e-12
3.66e8	-1.418397707476608e-7	-0.00005556690899781351	1.9626510561679554e-15	-8.188782025837241e-13
3.67e8	-1.392087280068938e-7	-0.00005603011126687296	3.3403708310458534e-15	-1.1281730040491472e-13
3.68e8	-1.3507273194289906e-7	-0.00005580471599165625	4.977270486779268e-15	5.567986783736878e-13
3.69e8	-1.2915696991163318e-7	-0.00005493136149139082	6.906138623457476e-15	1.1819435308888195e-12
3.7e8	-1.2114918092478267e-7	-0.00005345763766478303	9.169132703989966e-15	1.7567306577938608e-12
3.71e8	-1.1069039587117991e-7	-0.00005143598690736698	1.1817263772219257e-14	2.277321019363009e-12
3.72e8	-9.73673302452075e-8	-0.00004892172727623485	1.490732598543986e-14	2.7417733863049553e-12
3.73e8	-8.071003179459637e-8	-0.00004597124804326775	1.849394950375039e-14	3.149851456392663e-12
3.74e8	-6.020150599124869e-8	-0.00004264041491881478	2.261273558528441e-14	3.5027989701448874e-12
3.75e8	-3.531124378891576e-8	-0.000038983212726852744	2.7248013879750428e-14	3.8030907954702125e-12
3.76e8	-5.572332447956782e-9	-0.00003505064658286236	3.227629387695226e-14	4.054165652498056e-12
3.77e8	2.9268918177274383e-8	-0.000030889917603618145	3.737671263954086e-14	4.2601450706712546e-12
3.78e8	6.899704583137874e-8	-0.0000265438845741749	4.1910129086263363e-14	4.425543407580412e-12
3.79e8	1.1254762173797338e-7	-0.000022050817555542268	4.4803103516731306e-14	4.554975148576212e-12
3.8e8	1.5755505107528824e-7	-0.000017444442168541403	4.454490840818901e-14	4.652867844784386e-12
3.81e8	2.0003168894255985e-7	-0.000012754263765934499	3.948875398977887e-14	4.723191351165929e-12
3.82e8	2.3457263302090193e-7	-8.006149072432078e-6	2.860889007460052e-14	4.769215829744613e-12
3.83e8	2.5548117178743075e-7	-3.223129949377825e-6	1.2499197754671921e-14	4.793311668151285e-12
3.84e8	2.5870039712061264e-7	1.5736189170208408e-6	-6.1779042662472235e-15	4.796803600208942e-12
3.85e8	2.4356333956065474e-7	6.363687757836732e-6	-2.3564047426861837e-14	4.779888775925047e-12
3.86e8	2.131072618195775e-7	0.000011126292103460684	-3.6416134381681955e-14	4.741624541067494e-12
3.87e8	1.7270210334520657e-7	0.00001583915637869988	-4.342172761148256e-14	4.679986802881694e-12
3.88e8	1.2803160986121543e-7	0.000020477489626840195	-4.515558426323256e-14	4.591994836060229e-12
3.89e8	8.363460549565422e-8	0.00002501311586283152	-4.315875368850035e-14	4.473894011704387e-12
3.9e8	4.241520590148746e-8	0.00002941381137052782	-3.904444834633149e-14	4.321384850975346e-12
3.91e8	5.834816653425731e-9	0.00003364288879738614	-3.4046985867330595e-14	4.129885361951408e-12
3.92e8	-2.5647758380614935e-8	0.00003765905482611819	-2.894435047992295e-14	3.894813805750714e-12
3.93e8	-5.215996358063402e-8	0.00004141655600276277	-2.415220374620626e-14	3.6118805197916218e-12
3.94e8	-7.411693034266019e-8	0.00004486561699929843	-1.9850008740782692e-14	3.2773796335652542e-12
3.95e8	-9.20389639854444e-8	0.000047953167580887006	-1.6082623243772194e-14	2.8884737802354505e-12
3.96e8	-1.0645319223275525e-7	0.00005062384857245338	-1.2827422071599592e-14	2.443466610812246e-12
3.97e8	-1.1784772922297185e-7	0.00005282128235955287	-1.0033802571561592e-14	1.9420585827775163e-12
3.98e8	-1.266555113414225e-7	0.0000544895887294845	-7.644473074291532e-15	1.3855808711827203e-12
3.99e8	-1.332535002011843e-7	0.00005557512085309367	-5.605902529650689e-15	7.772003437430241e-13
4.e8	-1.379690110713233e-7	0.00005602838775541495	-3.872734943774304e-15	1.2208562019412682e-13
4.01e8	-1.4108868044431355e-7	0.00005580611794628351	-2.4089998397387884e-15	-5.724791870006373e-13
4.02e8	-1.4286772880031267e-7	0.00005487340382529149	-1.1876763300269393e-15	-1.2970496555227457e-12
4.03e8	-1.4353832148081147e-7	0.00005320584868716511	-1.8941733541334496e-16	-2.0400638702187607e-12
4.04e8	-1.4331640904867312e-7	0.00005079161919870524	5.991718563238487e-16	-2.787991658756411e-12
4.05e8	-1.424067070630561e-7	0.00004763328857108052	1.1875112882078216e-15	-3.5256062129622536e-12
4.06e8	-1.4100561686164283e-7	0.00004374934253472058	1.5831704093051894e-15	-4.2363877499850496e-12
4.07e8	-1.3930199172543293e-7	0.00003917521525253942	1.7940335942467004e-15	-4.9030589159978795e-12
4.08e8	-1.3747577314279843e-7	0.00003396372892577644	1.8303671765097302e-15	-5.508238552307349e-12
4.09e8	-1.3569468510255663e-7	0.000028184831617987876	1.706601960788002e-15	-6.035185497088609e-12
4.1e8	-1.3410937776731324e-7	0.000021924563668408737	1.4426152974559725e-15	-6.468589276380535e-12
4.11e8	-1.3284762669356293e-7	0.000015283232644661418	1.064307412798484e-15	-6.7953523255625465e-12
4.12e8	-1.3200837083773172e-7	8.372836203317935e-6	6.033329066794728e-16	-7.005301314558859e-12
4.13e8	-1.3165645540677204e-7	1.3138352572865916e-6	9.596868325835546e-17	-7.091765259032368e-12
4.14e8	-1.3181888935313308e-7	-5.768561278432328e-6	-4.187479353418616e-16	-7.051966356773355e-12
4.15e8	-1.3248321820834576e-7	-0.00001274839221748299	-9.01331245686005e-16	-6.8871854201450795e-12
4.16e8	-1.3359827937218787e-7	-0.000019502984691696025	-1.3142332902571447e-15	-6.6026854023969685e-12
4.17e8	-1.3507721543020269e-7	-0.00002591679949943914	-1.6239117283875792e-15	-6.207400672462537e-12
4.18e8	-1.368022567190731e-7	-0.000031884860508669266	-1.802256234943703e-15	-5.713422671506092e-12
4.19e8	-1.3863052354096398e-7	-0.00003731558772583605	-1.8271824928521706e-15	-5.135330930761218e-12
4.2e8	-1.4039998501359568e-7	-0.0000421329088998047	-1.68235798027674e-15	-4.489429668200738e-12
4.21e8	-1.419347467889108e-7	-0.00004627758697219465	-1.356159644118468e-15	-3.792953267154489e-12
4.22e8	-1.4304898844956357e-7	-0.00004970776227346306	-8.400510692204744e-16	-3.0632993391924637e-12
4.23e8	-1.4354907870773724e-7	-0.00005239876217680833	-1.2659693513325794e-16	-2.3173374850723437e-12
4.24e8	-1.4323360880855987e-7	-0.00005434227214570698	7.926848370688239e-16	-1.5708277103656896e-12
4.25e8	-1.41891264411832e-7	-0.000055544988468577113	1.9294760540594e-15	-8.379672873340744e-13
4.26e8	-1.392965910155784e-7	-0.000056026884608261115	3.3007015049801695e-15	-1.3107089231325122e-13
4.27e8	-1.3520381247366162e-7	-0.00005581922204433474	4.930361089713198e-15	5.396223620694209e-13
4.28e8	-1.2933898055681121e-7	-0.00005496242596085264	6.851002278658662e-15	1.1660290556482383e-12
4.29e8	-1.213909464946575e-7	-0.00005350392975644568	9.104533501821985e-15	1.7422068681616705e-12
4.3e8	-1.1100208818743401e-7	-0.00005149607354936581	1.1741755963845527e-14	2.2642642893550526e-12
4.31e8	-9.77606229025811e-8	-0.00004899412339721042	1.4819384720946132e-14	2.7302121942554237e-12
4.32e8	-8.119804691741087e-8	-0.00004605446175938053	1.839227346043449e-14	3.13977194259002e-12
4.33e8	-6.079831880975508e-8	-0.00004273298677978346	2.2496856888620356e-14	3.4941512260938134e-12
4.34e8	-3.603054085543907e-8	-0.0000390837483829445	2.7119421045621763e-14	3.795795708301577e-12
4.35e8	-6.424583730424391e-9	-0.00003515784238519287	3.2140323580358715e-14	4.048122174180723e-12
4.36e8	2.8281644436538557e-8	-0.000031002578771946777	3.724537659913758e-14	4.255237793129465e-12
4.37e8	6.788945973019689e-8	-0.000026660935693763108	4.1805531642385096e-14	4.421650302421718e-12
4.38e8	1.113626733384241e-7	-0.00002217130532867821	4.4759734854402714e-14	4.551975281480566e-12
4.39e8	1.5637553988934546e-7	-0.000017567530566491444	4.460676341880284e-14	4.650648813031585e-12
4.4e8	1.9898404508331176e-7	-0.000012879222008651041	3.96957186748275e-14	4.72165613530441e-12
4.41e8	2.338108204410587e-7	-8.132333192513057e-6	2.897135664351189e-14	4.768288714655826e-12
4.42e8	2.551441457955357e-7	-3.3499590448763075e-6	1.297427394826705e-14	4.792942889263964e-12
4.43e8	2.5885732228842933e-7	1.4466903106724695e-6	-5.682984573568522e-15	4.796972415250155e-12
4.44e8	2.441814105473664e-7	6.237199487501613e-6	-2.315171597863107e-14	4.7806047502128265e-12
4.45e8	2.1406734701937931e-7	0.00001100080856617142	-3.615029380656065e-14	4.742926954413477e-12
4.46e8	1.7384959655686347e-7	0.000015715295169406496	-4.330983255709011e-14	4.6819422207602585e-12
4.47e8	1.2922658866857582e-7	0.00002035594690575453	-4.51653180058648e-14	4.594693015517031e-12
4.48e8	8.477776125610801e-8	0.000024894686906042364	-4.324534557890643e-14	4.47744241380426e-12
4.49e8	4.3449996205559664e-8	0.00002929940507375668	-3.916909586723643e-14	4.325902092796451e-12
4.5e8	6.7375216116525655e-9	0.00003353353524754112	-3.418310305132309e-14	4.135493957509153e-12
4.51e8	-2.4880124281443953e-8	0.000037555905395741685	-2.907658327532821e-14	3.9016325215053425e-12
4.52e8	-5.151928258160499e-8	0.00004132087572409798	-2.4273120505277562e-14	3.620016618993376e-12
4.53e8	-7.359027280914804e-8	0.00004477876921810798	-1.9956964699588538e-14	3.2869212215444342e-12
4.54e8	-9.161217963003469e-8	0.00004787659107311724	-1.6175527761450088e-14	2.8994824074966436e-12
4.55e8	-1.061127139395457e-7	0.00005055902744504184	-1.2907360957831993e-14	2.4559702574433264e-12
4.56e8	-1.1758132353661074e-7	0.000052769709176164945	-1.0102265906861826e-14	1.9560451461260648e-12
4.57e8	-1.2645246070000613e-7	0.00005445272143814782	-7.702958094452685e-15	1.400992312383691e-12
4.58e8	-1.331045058341162e-7	0.00005555433427841565	-5.655731069784218e-15	7.939277139343299e-13
4.59e8	-1.3786597755582124e-7	0.000056024920681022276	-3.914987053093818e-15	1.399652737765518e-13
4.6e8	-1.4102446743535774e-7	0.00005582101716658013	-2.4445078175674413e-15	-5.536677933918089e-13
4.61e8	-1.4283591388996288e-7	0.00005490746698412943	-1.2170495055480765e-15	-1.2775841049723822e-12
4.62e8	-1.435329966060806e-7	0.0000532595682154315	-2.1308271845820176e-16	-2.0202763614080992e-12
4.63e8	-1.4333202233392813e-7	0.00005086513016057082	5.809201464016478e-16	-2.768263540632046e-12
4.64e8	-1.4243795692470502e-7	0.00004772632365247069	1.1744573813586264e-15	-3.5063591207990537e-12
4.65e8	-1.4104740228272743e-7	0.000043861197666105684	1.575119430277643e-15	-4.218071199989546e-12
4.66e8	-1.3934941983805013e-7	0.00003930472935416065	1.790754910882322e-15	-4.8861345230971494e-12
4.67e8	-1.3752422156941672e-7	0.000034109280914454006	1.8315424587444266e-15	-5.493161413226136e-12
4.68e8	-1.357399115996042e-7	0.00002834435707045467	1.7117834868174753e-15	-6.022383684813636e-12
4.69e8	-1.3414766400586466e-7	0.00002209559239931297	1.4512003064831774e-15	-6.458442762177388e-12
4.7e8	-1.3287593756661847e-7	0.000015462946996133016	1.0755333433397998e-15	-6.788172912204739e-12
4.71e8	-1.3202450697006893e-7	8.5581481923873e-6	6.1629585950709765e-16	-7.001315266106703e-12
4.72e8	-1.316591759980953e-7	1.5014790770963595e-6	1.0966370883805042e-16	-7.091100206025341e-12
4.73e8	-1.3180798596953327e-7	-5.581926342336364e-6	-4.0537026920064677e-16	-7.0546437328923585e-12
4.74e8	-1.3245952749232968e-7	-0.000012566074410365945	-8.893009504758726e-16	-6.893119179734478e-12
4.75e8	-1.335636325711724e-7	-0.00001932815435153091	-1.304500268539194e-15	-6.6116871475847344e-12
4.76e8	-1.3503433303463526e-7	-0.000025752391762871326	-1.6172981421364533e-15	-6.219190678084396e-12
4.77e8	-1.3675460509087473e-7	-0.000031733491563018686	-1.799428979138239e-15	-5.727645734030575e-12
4.78e8	-1.3858215551806517e-7	-0.00003717948871857417	-1.828648831653729e-15	-5.151575565471985e-12
4.79e8	-1.403553874768224e-7	-0.000042013880026073395	-1.6884833782815178e-15	-4.507248985317353e-12
4.8e8	-1.4189871556938988e-7	-0.00004617697258545708	-1.3672037656849077e-15	-3.811885880039921e-12
4.81e8	-1.4302654601126289e-7	-0.000049626446308531875	-8.562163473134371e-16	-3.082888866224063e-12
4.82e8	-1.4354544427822491e-7	-0.000052337181896621745	-1.480840013185156e-16	-2.3371495443632118e-12
4.83e8	-1.4325422531629265e-7	-0.00005430044731969288	7.656196653874403e-16	-1.5904637050003902e-12
4.84e8	-1.4194188241224443e-7	-0.00005552256258795035	1.896464779169782e-15	-8.570746730570476e-13
4.85e8	-1.3938340673822086e-7	-0.00005602317461108315	3.261212622019646e-15	-1.4934995877718368e-13
4.86e8	-1.3533365444288555e-7	-0.00005583327318904316	4.883654872389438e-15	5.224149124931094e-13
4.87e8	-1.2951953533925575e-7	-0.00005499306885653131	6.796098474662187e-15	1.1500792919407731e-12
4.88e8	-1.2163100628183696e-7	-0.00005354983703687632	9.040202566365732e-15	1.7276450741366474e-12
4.89e8	-1.1131178660375729e-7	-0.00005155581418122023	1.1666556555367808e-14	2.251168173516869e-12
4.9e8	-9.815159318316408e-8	-0.00004906621307855378	1.473179117915968e-14	2.71861143441276e-12
4.91e8	-8.168337659267026e-8	-0.000046137408253386056	1.8290972428880067e-14	3.1296537210999963e-12
4.92e8	-6.139207028191472e-8	-0.000042825329327052686	2.2381346775160684e-14	3.485466502313496e-12
4.93e8	-3.6746439105840666e-8	-0.00003918409054936175	2.6991118172611527e-14	3.788466050117432e-12
4.94e8	-7.273238159743597e-9	-0.000035264877854481374	3.200443049547541e-14	4.042047017484264e-12
4.95e8	2.7297850665731708e-8	-0.000031115109713784664	3.7113684944791435e-14	4.250302010494899e-12
4.96e8	6.678465590079732e-8	-0.000026777883465466383	4.169983773535493e-14	4.41773194066849e-12
4.97e8	1.1017890118452607e-7	-0.000022291713430836276	4.471420335723935e-14	4.5489532796942175e-12
4.98e8	1.5519443654432926e-7	-0.000017690559991923727	4.466525518261235e-14	4.648410451175938e-12
4.99e8	1.9793097996562926e-7	-0.00001300413940364562	3.989851622268377e-14	4.720103905743965e-12
5.e8	2.3303946730969928e-7	-8.258492577858503e-6	2.932999869344964e-14	4.767346272373154e-12