0.	-1.3164756558537425e-7	9.834936984480685e-20	0.	-7.093938028363376e-12
1.e6	-1.3190508080608416e-7	-7.072859813628043e-6	-5.117179635659564e-16	-7.030771585971248e-12
2.e6	-1.3265787398323676e-7	-0.000014020065239470005	-9.841334507361508e-16	-6.8433036617704035e-12
3.e6	-1.3384788232291034e-7	-0.00002071998417075185	-1.3802998032835144e-15	-6.537507301209068e-12
4.e6	-1.3538212017821597e-7	-0.000027058790793967412	-1.66759632908732e-15	-6.122945812677062e-12
5.e6	-1.371377125443123e-7	-0.00003293379666047705	-1.819010345270366e-15	-5.61222564359564e-12
6.e6	-1.3896779224277522e-7	-0.00003825615775190081	-1.8135685251258966e-15	-5.020305161653998e-12
7.e6	-1.4070739373228633e-7	-0.00004295284367707461	-1.6359094840409312e-15	-4.36372075120631e-12
8.e6	-1.4217853623581112e-7	-0.000046967818012731356	-1.275118109845254e-15	-3.659793219227317e-12
9.e6	-1.4319385268635175e-7	-0.0000502624394175057	-7.230190948243527e-16	-2.925871637896888e-12
1.e7	-1.4355833296564848e-7	-0.00005281514491982807	2.785270328357759e-17	-2.1786603069124936e-12
1.1e7	-1.4306895833870113e-7	-0.000054620515345736255	9.864114864795628e-16	-1.4336599862146542e-12
1.2e7	-1.4151217566338726e-7	-0.000055687846406866894	2.1651608671173197e-15	-7.047394574663459e-13
1.3e7	-1.3865928717908244e-7	-0.00005603935805450362	3.582206046508394e-15	-3.839925773539044e-15
1.4e7	-1.3425993446397382e-7	-0.000055708171636746024	5.263033313202751e-15	6.591958184462366e-13
1.5e7	-1.2803398368221205e-7	-0.000054736172511629784	7.241889805380375e-15	1.276684550688117e-12
1.6e7	-1.1966236251656857e-7	-0.000053171858699996366	9.562419918882374e-15	1.8430725801331194e-12
1.7e7	-1.0877790566058417e-7	-0.00005106825723674882	1.2276849079371877e-14	2.3548334391450566e-12
1.8e7	-9.495828055168281e-8	-0.00004848097172888711	1.544232979029906e-14	2.8103103999125186e-12
1.9e7	-7.772498197257005e-8	-0.000045466408990462165	1.9111903328871105e-14	3.2095178553965156e-12
2.e7	-5.6555786859512626e-8	-0.00004208022031160203	2.3315694665371762e-14	3.5539121594809626e-12
2.1e7	-3.092365303806903e-8	-0.00003837598391219844	2.802545640787102e-14	3.846139461445166e-12
2.2e7	-3.831819321371254e-10	-0.00003440414875197666	3.309327021228352e-14	4.0897659475793354e-12
2.3e7	3.526509225469556e-8	-0.00003021125500148829	3.8156391347108193e-14	4.28899503297108e-12
2.4e7	7.569932452262057e-8	-0.000025839441820873504	4.251331531359777e-14	4.448376484382509e-12
2.5e7	1.196787512103229e-7	-0.000021326247418776245	4.501612219732517e-14	4.572513996083595e-12
2.6e7	1.6459364871549912e-7	-0.00001670469877049486	4.410151684447062e-14	4.665779947823217e-12
2.7e7	2.0619753246932235e-7	-0.000012003678487924078	3.815901216867959e-14	4.732048343571697e-12
2.8e7	2.389375867879872e-7	-7.248544425713952e-6	2.6355533368678493e-14	4.7744585936196314e-12
2.9e7	2.572371800685195e-7	-2.4619645942976275e-6	9.611734213278326e-15	4.795223263845018e-12
3.e7	2.5748506368767926e-7	2.3350827494204357e-6	-9.12500221579647e-15	4.795491786026817e-12
3.1e7	2.39629806446994e-7	7.122204692164931e-6	-2.596722129406413e-14	4.775279329439194e-12
3.2e7	2.0720407609728593e-7	0.000011878453001374072	-3.792268764071305e-14	4.733465860530092e-12
3.3e7	1.6575941151881263e-7	0.000016581217857274155	-4.4015313470963475e-14	4.667865458161542e-12
3.4e7	1.208702133518207e-7	0.00002120522417749494	-4.504345999374907e-14	4.5753609818727175e-12
3.5e7	7.682547302591543e-8	0.0000257216916348672	-4.2609540003661995e-14	4.452094987610454e-12
3.6e7	3.627638346644741e-8	0.000030097708814252616	-3.828479058723948e-14	4.2937049500166674e-12
3.7e7	4.942456225562122e-10	0.00003429585928489888	-3.322953586582549e-14	4.095589675786969e-12
3.8e7	-3.0180392983305397e-8	0.00003827412433933577	-2.815596721647015e-14	3.853194215540462e-12
3.9e7	-5.593730393807097e-8	0.000041986075197995835	-2.3434118589460936e-14	3.5623022208302047e-12
4.e7	-7.721791525424662e-8	0.000045381357532265375	-1.9216208917308397e-14	3.2193269549524964e-12
4.1e7	-9.454849214576862e-8	0.000048406463506844224	-1.5532726639322787e-14	2.821594383494594e-12
4.2e7	-1.0845204164726078e-7	0.000051005780826717374	-1.2354542180189849e-14	2.3676133356764486e-12
4.3e7	-1.1940846836278385e-7	0.000053122903604345113	-9.628922420089415e-15	1.8573281983675654e-12
4.4e7	-1.2784161760223828e-7	0.000054702185018035065	-7.298675668940416e-15	1.2923487699213717e-12
4.5e7	-1.3412003909668367e-7	0.00005569050540935066	-5.311382173674804e-15	6.761498088721579e-13
4.6e7	-1.385639632229453e-7	0.00005603922054156408	-3.623151257375254e-15	1.4229771409944784e-14
4.7e7	-1.414544332108168e-7	0.000055706242519233596	-2.1994909063080406e-15	-6.857852095610882e-13
4.8e7	-1.430424846914886e-7	0.000054658190312203656	-1.0146984898811963e-15	-1.4141091402240227e-12
4.9e7	-1.435572967715742e-7	0.00005287252872530181	-5.049512426830063e-17	-2.158854658390398e-12
5.e7	-1.4321275505521028e-7	0.000050339595720137825	7.05745880411665e-16	-2.9062007526842337e-12
5.1e7	-1.4221211503406504e-7	0.00004706440083680962	1.2630064845413376e-15	-3.640684916808469e-12
5.2e7	-1.4075058448221299e-7	0.000043068065395304706	1.628762164256142e-15	-4.3456280515549715e-12
5.3e7	-1.3901574616934498e-7	0.000038388771808570856	1.811142339393518e-15	-5.003689925860143e-12
5.4e7	-1.3718586840121597e-7	0.00003308209806719161	1.820965758442729e-15	-5.597539524782885e-12
5.5e7	-1.3542632137603581e-7	0.00002722063661074902	1.673458293275344e-15	-6.110609536370607e-12
5.6e7	-1.3388452512610712e-7	0.00002089283498127001	1.3894356689691258e-15	-6.52788965058758e-12
5.7e7	-1.3268406730152348e-7	0.00001420104712080061	9.957524286683904e-16	-6.836701784362756e-12
5.8e7	-1.3191879488053818e-7	7.258844635012017e-6	5.248938591008415e-16	-7.027394303806312e-12
5.9e7	-1.316477470315249e-7	1.8770025823674312e-7	1.3715050747811511e-17	-7.093893686485107e-12
6.e7	-1.3189171572408834e-7	-6.886786785894947e-6	-4.985144121240154e-16	-7.034061613714439e-12
6.1e7	-1.3263198880606482e-7	-0.000013838909775497015	-9.724608334532162e-16	-6.849822487213772e-12
6.2e7	-1.3381148226233882e-7	-0.000020546879893197487	-1.3710873846494409e-15	-6.5470486273960515e-12
6.3e7	-1.3533807534815108e-7	-0.000026896619459798586	-1.6616388753413838e-15	-6.135214631041783e-12
6.4e7	-1.3708960988421516e-7	-0.00003278510742195368	-1.816944785150266e-15	-5.6268548223581454e-12
6.5e7	-1.3891977572010838e-7	-0.000038123104666507335	-1.8158738790557597e-15	-5.036875081150037e-12
6.6e7	-1.4066401556795565e-7	-0.000042837143676429	-1.6429284316480471e-15	-4.381780305207626e-12
6.7e7	-1.4214463874515496e-7	-0.00004687072987290159	-1.2870957593424183e-15	-3.678880561470104e-12
6.8e7	-1.43174495120522e-7	-0.000050184762758463866	-7.401532341541146e-16	-2.9455332902236712e-12
6.9e7	-1.4355877197829858e-7	-0.000052757237048362876	5.355472576519877e-18	-2.1984675995418335e-12
7.e7	-1.4309468556721468e-7	-0.00005458232292656913	9.582783090262066e-16	-1.4532222029386627e-12
7.1e7	-1.415690119693196e-7	-0.000055668948516722756	2.1309972243222874e-15	-7.237134459172397e-13
7.2e7	-1.3875353019104835e-7	-0.00005603901710313898	3.541444991966434e-15	-2.1936257805208622e-14
7.3e7	-1.3439855330871045e-7	-0.000055725388849610686	5.214892543052717e-15	6.42209816088212e-13
7.4e7	-1.2822485040753575e-7	-0.000054769745065867615	7.185342624770622e-15	1.2609844375126917e-12
7.5e7	-1.1991450070684705e-7	-0.0000532204360944309	9.496192857471203e-15	1.8287786083861867e-12
7.6e7	-1.091017181509148e-7	-0.000051130394977012326	1.2199471924371629e-14	2.342014040896272e-12
7.7e7	-9.536568180693781e-8	-0.000048555180862348635	1.535228706408192e-14	2.79898693810693e-12
7.8e7	-7.822929382862509e-8	-0.000045551200398217306	1.9007974946013794e-14	3.1996703119443794e-12
7.9e7	-5.717114113871235e-8	-0.00004217414294628853	2.3197631669405022e-14	3.5454855225511955e-12
8.e7	-3.16634633370602e-8	-0.000038477656370718774	2.7895208524537488e-14	3.839050644962464e-12
8.1e7	-1.2570041905189815e-9	-0.00003451228371597536	3.2957021048492825e-14	4.0839111167808575e-12
8.2e7	3.425720461813082e-8	-0.00003032467619868581	3.802752467724735e-14	4.284257215718275e-12
8.3e7	7.457573893167956e-8	-0.00002595709329181649	4.2415819438630335e-14	4.444633320685129e-12
8.4e7	1.184880440402527e-7	-0.000021447195045426302	4.498639873601991e-14	4.569645426574526e-12
8.5e7	1.6342565223170844e-7	-0.000016828124253232383	4.4184157006724784e-14	4.663675579810112e-12
8.6e7	2.051847915766186e-7	-0.000012128866247822838	3.839112568390513e-14	4.730614178126596e-12
8.7e7	2.3823514006700184e-7	-7.374862243580948e-6	2.674025599152068e-14	4.773622766337971e-12
8.8e7	2.569764369832643e-7	-2.5888391453365005e-6	1.009700882518793e-14	4.794940459099093e-12
8.9e7	2.57720050228715e-7	2.2081939884689544e-6	-8.636884681827779e-15	4.7957460363197605e-12
9.e7	2.4031170457070565e-7	6.995843441827282e-6	-2.5575357830212492e-14	4.776085005160183e-12
9.1e7	2.0820431100146674e-7	0.000011753190228015076	-3.768214933753037e-14	4.73486677911442e-12
9.2e7	1.6692284599966676e-7	0.000016457682011660412	-4.3925519591832375e-14	4.669932176606971e-12
9.3e7	1.2206236691603662e-7	0.00002108412589164703	-4.506837993856408e-14	4.578186461375378e-12
9.4e7	7.7954150464609e-8	0.000025603843385179947	-4.2704467597359166e-14	4.455788914738991e-12
9.5e7	3.72910656626829e-8	0.000029984038374058874	-3.8412705515612794e-14	4.298387052994774e-12
9.6e7	1.3752787868928904e-9	0.000034187416136604244	-3.3365808685745285e-14	4.101382383918556e-12
9.7e7	-2.9433676272028125e-8	0.000038172078552428586	-2.8286736694361906e-14	3.8602149807003866e-12
9.8e7	-5.531568284160333e-8	0.000041891708572454017	-2.3552902138071234e-14	3.570655765647048e-12
9.9e7	-7.670808369012701e-8	0.00004529604704030353	-1.932089192851923e-14	3.2290976501147542e-12
1.e8	-9.413630720766198e-8	0.000048331657240588256	-1.5623478493106563e-14	2.8328389039499296e-12
1.01e8	-1.081241177369683e-7	0.00005094296679228928	-1.2432552305297542e-14	2.380353716689296e-12
1.02e8	-1.191528109437911e-7	0.00005307357182290452	-9.69570140138436e-15	1.8715454163798493e-12
1.03e8	-1.2764774584035254e-7	0.00005466778353591193	-7.355701113977224e-15	1.3079770122291342e-12
1.04e8	-1.339788616913585e-7	0.00005567239101605104	-5.3599398476409234e-15	6.930716656164671e-13
1.05e8	-1.3846755344271883e-7	0.00005603860527120302	-3.664281174819293e-15	3.2272671900950463e-14
1.06e8	-1.4139578020361825e-7	0.00005572413737881399	-2.233987739913222e-15	-6.668509039640642e-13
1.07e8	-1.430152605518047e-7	0.00005469534813000414	-1.0431395952135747e-15	-1.3945699046074224e-12
1.08e8	-1.435556595519382e-7	0.00005292938851190116	-7.328292507605389e-17	-2.1390509272625567e-12
1.09e8	-1.4323119854539138e-7	0.00005041623142603766	6.883334489371003e-16	-2.886520934862525e-12
1.1e8	-1.4224537159322676e-7	0.0000471604777947519	1.2507607486268285e-15	-3.6215559723289198e-12
1.11e8	-1.4079358441888173e-7	0.00004318280795839975	1.6214863050379493e-15	-4.3275025307185885e-12
1.12e8	-1.3906363429957343e-7	0.000038520945641678485	1.808595086480676e-15	-4.987029691187201e-12
1.13e8	-1.3723407453612686e-7	0.000033230010139415503	1.822810693413629e-15	-5.5827967617055424e-12
1.14e8	-1.3547067640915738e-7	0.000027382155128682293	1.6792243250371584e-15	-6.0982060614670395e-12
1.15e8	-1.3392140863904392e-7	0.000021065430308021467	1.3984944267369622e-15	-6.518195884548234e-12
1.16e8	-1.3271056733304763e-7	0.000014381853223932247	1.007317116220306e-15	-6.830017001903828e-12
1.17e8	-1.319328572062193e-7	7.444738942359024e-6	5.380413827021819e-16	-7.023929843451908e-12
1.18e8	-1.3164829136019503e-7	3.7539816997252465e-7	2.7429362114797335e-17	-7.0937606618560115e-12
1.19e8	-1.318787003568211e-7	-6.700627861490355e-6	-4.852839219888746e-16	-7.0372643127546895e-12
1.2e8	-1.3260641318063063e-7	-0.00001365758292830357	-9.60735230027787e-16	-6.856258115555844e-12
1.21e8	-1.337753269625577e-7	-0.000020373524170846515	-1.3617989708566347e-15	-6.556513421635359e-12
1.22e8	-1.3529418940653523e-7	-0.000026734124396551228	-1.655586377937889e-15	-6.147415733279674e-12
1.23e8	-1.370415633309236e-7	-0.00003263603186212006	-1.8147694121481927e-15	-5.641426766059708e-12
1.24e8	-1.38871699795331e-7	-0.00003798961375562255	-1.8180586387847456e-15	-5.05339936731077e-12
1.25e8	-1.4062045338363168e-7	-0.00004272096627467129	-1.649819175702113e-15	-4.399806389100687e-12
1.26e8	-1.421104261052161e-7	-0.00004677313697612367	-1.2989395681946848e-15	-3.697946625095835e-12
1.27e8	-1.4315468603568006e-7	-0.00005010656599129012	-7.571484396675177e-16	-2.965185408786971e-12
1.28e8	-1.4355861764866996e-7	-0.00005269880507102892	-1.699675562832639e-17	-2.2182762621806004e-12
1.29e8	-1.4311967044353543e-7	-0.00005454361275701967	9.302986843024024e-16	-1.4727955498004073e-12
1.3e8	-1.416249465261212e-7	-0.00005564954832915974	2.0969995835520857e-15	-7.427069721136443e-13
1.31e8	-1.3884669712425945e-7	-0.00005603819698488396	3.500867547846794e-15	-4.005906177487321e-14
1.32e8	-1.345359011273033e-7	-0.00005574215620255303	5.1669591447679305e-15	6.251919245972152e-13
1.33e8	-1.284142240817555e-7	-0.000054802901732128536	7.129033233006091e-15	1.2452485143764791e-12
1.34e8	-1.201648902078328e-7	-0.000053268634773469484	9.430240198392387e-15	1.8144463307561797e-12
1.35e8	-1.0942348746367634e-7	-0.00005119219300251161	1.2122409635461984e-14	2.329155155552723e-12
1.36e8	-9.577070526959716e-8	-0.00004862908986247085	1.526259756880514e-14	2.787623983689608e-12
1.37e8	-7.873086079984255e-8	-0.00004563573073781725	1.8904423525038346e-14	3.1897842856782686e-12
1.38e8	-5.77833763422067e-8	-0.00004226784213351329	2.3079930849415267e-14	3.537022251444835e-12
1.39e8	-3.2399830892273094e-8	-0.000038579140812662255	2.776522772002002e-14	3.831927692953336e-12
1.4e8	-2.1272217104056824e-9	-0.0000346202633528544	3.282079753161994e-14	4.078025101046611e-12
1.41e8	3.32527327037957e-8	-0.000030437971666487254	3.7898207231052067e-14	4.279491412144409e-12
1.42e8	7.34547495475105e-8	-0.00002607464539407994	4.231707805874431e-14	4.4408654120334536e-12
1.43e8	1.1729815453954541e-7	-0.000021568066485328403	4.4954321729905384e-14	4.566755195665214e-12
1.44e8	1.622555159824702e-7	-0.000016951493805652714	4.426326160986711e-14	4.661552287976685e-12
1.45e8	2.0416596479295464e-7	-0.000012254015839892847	3.861903186644753e-14	4.7291633136232506e-12
1.46e8	2.3752256174955192e-7	-7.501157746036355e-6	2.7121352227949432e-14	4.772771815704224e-12
1.47e8	2.567028739379365e-7	-2.715706024481781e-6	1.058075474197374e-14	4.794643360552006e-12
1.48e8	2.579421039875313e-7	2.081298688930904e-6	-8.14745397446035e-15	4.795986024836937e-12
1.49e8	2.4098318770778555e-7	6.869461072770089e-6	-2.5179982163005162e-14	4.7768756516183074e-12
1.5e8	2.091981256620103e-7	0.000011627890606369723	-3.7437395427049893e-14	4.736251148976273e-12
1.51e8	1.6808385679878038e-7	0.000016334091730005946	-4.383210828491646e-14	4.67198016857491e-12
1.52e8	1.2325514750182912e-7	0.000020962953129253454	-4.5090849786121985e-14	4.580990511774982e-12
1.53e8	7.908532217310066e-8	0.00002548589772096254	-4.279807195339099e-14	4.459458350019671e-12
1.54e8	3.830912580297751e-8	0.00002987024441570899	-3.8540119020349e-14	4.303041428067242e-12
1.55e8	2.259917625293395e-9	0.0000340788201267675	-3.350207918064417e-14	4.107144154655071e-12
1.56e8	-2.868349611747685e-8	0.00003806984744982258	-2.841776048165788e-14	3.867201830686247e-12
1.57e8	-5.4690914072567545e-8	0.000041797121400389585	-2.3672043950861308e-14	3.5789728534279815e-12
1.58e8	-7.619547729129136e-8	0.000045210478530203346	-1.9425952552605185e-14	3.2388299809668785e-12
1.59e8	-9.372171633262973e-8	0.000048256553974078185	-1.5714586223372123e-14	2.8440439770807946e-12
1.6e8	-1.0779412552721256e-7	0.00005087981617919056	-1.2510880531753636e-14	2.3930545692012107e-12
1.61e8	-1.1889538293032783e-7	0.000053023864372322934	-9.762757905818515e-15	1.885724188377652e-12
1.62e8	-1.2745236204546046e-7	0.000054632969018271075	-7.412967043417207e-15	1.3235691956243865e-12
1.63e8	-1.3383639671331955e-7	0.00005565382930868139	-5.408707062991125e-15	7.099612679783443e-13
1.64e8	-1.3837005294386866e-7	0.000056037512954572534	-3.705596353457516e-15	5.028861492122848e-14
1.65e8	-1.4133621222322202e-7	0.00005574153151592799	-2.2686517696210272e-15	-6.479367413989725e-13
1.66e8	-1.4298728183853757e-7	0.00005473198910950251	-1.0717350812480005e-15	-1.375042518047444e-12
1.67e8	-1.4355341745756505e-7	0.00005298572433397013	-9.62162970494191e-17	-2.1192493860003223e-12
1.68e8	-1.4324917947142204e-7	0.000050492346302823905	6.707816576808746e-16	-2.866832484101497e-12
1.69e8	-1.4227830236304275e-7	0.00004725604834459238	1.2383807676278356e-15	-3.6024067035704616e-12
1.7e8	-1.408363901390309e-7	0.000043297070502229586	1.6140817404741197e-15	-4.309344513159666e-12
1.71e8	-1.3911145342701796e-7	0.00003865267806478598	1.8059265332134517e-15	-4.970324775424911e-12
1.72e8	-1.3728232802151739e-7	0.000033377531382300726	1.8245448217299643e-15	-5.5679976509137744e-12
1.73e8	-1.3551518273345033e-7	0.000027543344573182006	1.684893984536177e-15	-6.085735648460682e-12
1.74e8	-1.339585308141879e-7	0.00002123776813982622	1.4074755244495204e-15	-6.508426213602773e-12
1.75e8	-1.3273737263273491e-7	0.000014562481357215615	1.0188268645628811e-15	-6.8232494630764675e-12
1.76e8	-1.3194726702296653e-7	7.630540430026125e-6	5.511598195604744e-16	-7.020378283088172e-12
1.77e8	-1.316491985420397e-7	5.630913887541683e-7	4.114219475244215e-17	-7.093538957493235e-12
1.78e8	-1.3186603540756022e-7	-6.51438535203238e-6	-4.720272115321433e-16	-7.040379610764939e-12
1.79e8	-1.3258114850024524e-7	-0.000013476086901125127	-9.48957295824383e-16	-6.862610403441496e-12
1.8e8	-1.3373941842693527e-7	-0.00002019991903140805	-1.3524351225036262e-15	-6.565901477925496e-12
1.81e8	-1.3525046486222518e-7	-0.00002657130739934929	-1.6494392858094158e-15	-6.159548862374945e-12
1.82e8	-1.3699357578555827e-7	-0.00003248657149927238	-1.8124845631528015e-15	-5.655941180475007e-12
1.83e8	-1.3882356765611325e-7	-0.00003785568623086156	-1.82012304415759e-15	-5.069877703490228e-12
1.84e8	-1.4057671056924435e-7	-0.00004260431236168887	-1.6565818862216724e-15	-4.4177986784436765e-12
1.85e8	-1.4207590185553207e-7	-0.000046675039889630854	-1.3106496719496784e-15	-3.7169910913460576e-12
1.86e8	-1.4313442910605671e-7	-0.00005002784937222363	-7.740048519471011e-16	-2.9848276921149588e-12
1.87e8	-1.4355787381096216e-7	-0.00005263984895521021	-3.9204167363872636e-17	-2.2380860199247864e-12
1.88e8	-1.431439170269771e-7	-0.000054504384545787376	9.024723418280444e-16	-1.4923797852521028e-12
1.89e8	-1.416799837209121e-7	-0.00005562964532991909	2.0631675540625536e-15	-7.617198322193651e-13
1.9e8	-1.389387928297447e-7	-0.00005603689700147548	3.4604731725815487e-15	-5.82081737065253e-14
1.91e8	-1.34671983397214e-7	-0.00005575847285344583	5.119232404603925e-15	6.081422678229435e-13
1.92e8	-1.28602110984818e-7	-0.00005483564156402853	7.072960740424076e-15	1.229476866260716e-12
1.93e8	-1.2041353826632571e-7	-0.00005331645372420336	9.36456090707838e-15	1.8000757957945689e-12
1.94e8	-1.097432219157098e-7	-0.00005125365026864644	1.2045661131816122e-14	2.3162567985613805e-12
1.95e8	-9.617336027400121e-8	-0.00004870269768412561	1.5173260403002496e-14	2.776221522984113e-12
1.96e8	-7.92296928568604e-8	-0.00004571999899052266	1.880124879632088e-14	3.179859738268328e-12
1.97e8	-5.839250206882373e-8	-0.00004236131690319269	2.2962593398491645e-14	3.528522288021373e-12
1.98e8	-3.313276282426022e-8	-0.00003868043633386479	2.763551804692753e-14	3.824770532595532e-12
1.99e8	-2.9938352897313516e-9	-0.00003472808683638978	3.2684608654440726e-14	4.072107818205444e-12
2.e8	3.225168822110717e-8	-0.000030551140663253	3.7768455434541127e-14	4.274697536165275e-12
2.01e8	7.233638898813216e-8	-0.00002619209747181071	4.221711662091592e-14	4.437072673831434e-12
2.02e8	1.1610914455722703e-7	-0.000021688861164307646	4.4919923224857304e-14	4.5638432254319526e-12
2.03e8	1.610833331465774e-7	-0.000017074806926162827	4.433885864948953e-14	4.659410005816581e-12
2.04e8	2.0314116338274667e-7	-0.000012379126821616925	3.884273530089194e-14	4.727695699033427e-12
2.05e8	2.3679994826344824e-7	-7.627430532498448e-6	2.7498786275148673e-14	4.771905709303346e-12
2.06e8	2.5641653231794455e-7	-2.842564853376609e-6	1.1062901218779827e-14	4.794331956405467e-12
2.07e8	2.581511911812255e-7	1.9543972280387763e-6	-7.656782944895957e-15	4.796211761128775e-12
2.08e8	2.416441634585339e-7	6.74305798225857e-6	-2.4781134596505552e-14	4.7776512991201116e-12
2.09e8	2.1018540852303474e-7	0.000011502554573656141	-3.718842502014266e-14	4.737619019304066e-12
2.1e8	1.6924234784961628e-7	0.000016210447506941513	-4.3735053014820556e-14	4.674009499111468e-12
2.11e8	1.2444848985416492e-7	0.000020841706456294992	-4.511083723978403e-14	4.583773210001536e-12
2.12e8	8.021895279108883e-8	0.000025367855289139398	-4.289032670239e-14	4.463103377581972e-12
2.13e8	3.933055039107708e-8	0.000029756327671723496	-3.866701375853786e-14	4.3076681614141785e-12
2.14e8	3.148161948800507e-9	0.00003397007207287627	-3.363833768927883e-14	4.112875070839677e-12
2.15e8	-2.79298458496429e-8	0.000037967431927911404	-2.854903411304764e-14	3.874154839564805e-12
2.16e8	-5.4062988170173004e-8	0.000041702314645642306	-2.379154260974416e-14	3.587253544114339e-12
2.17e8	-7.568008606415734e-8	0.00004512465301651919	-1.9531390951978744e-14	3.248523988170207e-12
2.18e8	-9.330471009301149e-8	0.00004818115475084551	-1.5806050691285203e-14	2.855209619391704e-12
2.19e8	-1.0746205658702155e-7	0.00005081633003348534	-1.2589527935041725e-14	2.4057158810456482e-12
2.2e8	-1.1863617696549566e-7	0.00005297378227045547	-9.830092979132127e-15	1.8998644694836857e-12
2.21e8	-1.2725545984251906e-7	0.00005459774242028023	-7.470474364563994e-15	1.3391252391146025e-12
2.22e8	-1.3369263860856664e-7	0.00005563482114225306	-5.457684552335676e-15	7.268184963046399e-13
2.23e8	-1.3827145681712688e-7	0.000056035944307064036	-3.747097352286434e-15	6.827744075863733e-14
2.24e8	-1.4127572484038033e-7	0.000055758425466190874	-2.303483400810301e-15	-6.290429215492428e-13
2.25e8	-1.4295854446316303e-7	0.00005476811356735916	-1.1004852295693519e-15	-1.3555272182658677e-12
2.26e8	-1.435505666341915e-7	0.00005304153625304108	-1.192954333554382e-16	-2.099450306255045e-12
2.27e8	-1.4326669414404336e-7	0.00005056794012603018	6.530903631540081e-16	-2.847135699457315e-12
2.28e8	-1.423109037897067e-7	0.00004735111195276056	1.2258664073725473e-15	-3.5832374279731187e-12
2.29e8	-1.408789982350267e-7	0.000043410852171241314	1.6065483059709302e-15	-4.2911543233287515e-12
2.3e8	-1.3915920033909515e-7	0.00003878396789987211	1.803136448601895e-15	-4.953575496723703e-12
2.31e8	-1.3733062592120587e-7	0.00003352466030886282	1.826167817728092e-15	-5.5531424897118476e-12
2.32e8	-1.3555983779318645e-7	0.000027704203176574517	1.6904668349667233e-15	-6.073198558985779e-12
2.33e8	-1.3399588958943477e-7	0.000021409846471099998	1.4163784128119722e-15	-6.498580849749759e-12
2.34e8	-1.3276448173837305e-7	0.000014742929332964562	1.0302810270894512e-15	-6.816399318327291e-12
2.35e8	-1.3196202355172196e-7	7.816246794461757e-6	5.642484561126107e-16	-7.016739702839739e-12
2.36e8	-1.316504685281522e-7	7.507775682521226e-7	5.485280937692658e-17	-7.093228578425195e-12
2.37e8	-1.3185372156056064e-7	-6.32806157102549e-6	-4.587450002533132e-16	-7.043407437375359e-12
2.38e8	-1.3255619614085044e-7	-0.000013294423900972092	-9.371276883413477e-16	-6.8688792093034284e-12
2.39e8	-1.3370375864396968e-7	-0.000020026066508027812	-1.3429964029858655e-15	-6.575212591784892e-12
2.4e8	-1.352069042121585e-7	-0.000026408170270102114	-1.6431980509205539e-15	-6.171613762490821e-12
2.41e8	-1.3694565014029e-7	-0.00003233672785947389	-1.810090577886367e-15	-5.670397772174548e-12
2.42e8	-1.3877538248374987e-7	-0.00003772132331221641	-1.8220673372815204e-15	-5.086309773444221e-12
2.43e8	-1.4053279051020702e-7	-0.00004248718283595623	-1.6632167346442123e-15	-4.435756848820444e-12
2.44e8	-1.420410695320484e-7	-0.00004657643918909558	-1.3222262065687381e-15	-3.736013641153117e-12
2.45e8	-1.4311372800217138e-7	-0.00004994861316549456	-7.9072261091993555e-16	-3.0044598381480542e-12
2.46e8	-1.4355654429447612e-7	-0.000052580368675579873	-6.126694694790751e-17	-2.2578965970689198e-12
2.47e8	-1.4316742936973284e-7	-0.000054464638007974155	8.747990138364937e-16	-1.5119746667970097e-12
2.48e8	-1.4173412793052176e-7	-0.00005560923901014434	2.0295007487142086e-15	-7.807518213636909e-13
2.49e8	-1.3902982214426132e-7	-0.00005603511645900429	3.4202613289217623e-15	-7.638342855860042e-14
2.5e8	-1.348068055770815e-7	-0.0000557743379634519	5.071711613524697e-15	5.910609706665203e-13
2.51e8	-1.2878851737318937e-7	-0.00005486796361744225	7.017124261823865e-15	1.2136695791480947e-12
2.52e8	-1.2066045210179281e-7	-0.000053363891935026194	9.299153951923038e-15	1.785667052977244e-12
2.53e8	-1.1006092979524411e-7	-0.000051314765731241385	1.196922533165978e-14	2.303318986196333e-12
2.54e8	-9.657365613051159e-8	-0.0000487760032818304	1.508427465591649e-14	2.7647795430288825e-12
2.55e8	-7.972579996284451e-8	-0.000045804004136595415	1.8698450464882203e-14	3.1698966319760876e-12
2.56e8	-5.899852794824459e-8	-0.00004245456628370913	2.2845620455926854e-14	3.519985574599564e-12
2.57e8	-3.386226635948922e-8	-0.00003878154202823258	2.7506083458393203e-14	3.817579091387228e-12
2.58e8	-3.856845962212454e-9	-0.00003483575333819693	3.2548463247155994e-14	4.066159186263715e-12
2.59e8	3.1254082447854916e-8	-0.000030664182445068835	3.763828548765064e-14	4.269875501730157e-12
2.6e8	7.122068920135406e-8	-0.00002630944886691372	4.211596033769983e-14	4.433255021375444e-12
2.61e8	1.1492107509547153e-7	-0.000021809578506117787	4.4883235185206976e-14	4.560909437710866e-12
2.62e8	1.5990919615769845e-7	-0.000017198063111412964	4.441097645044105e-14	4.6572486664655065e-12
2.63e8	2.0211049847728132e-7	-0.00001250419874911721	3.906224146306946e-14	4.726211282874399e-12
2.64e8	2.3606739696880839e-7	-7.753680201519069e-6	2.787252346545022e-14	4.771024414196619e-12
2.65e8	2.561174553728117e-7	-2.9694152533398614e-6	1.154337810022139e-14	4.7940062343004726e-12
2.66e8	2.583472799606551e-7	1.8274899827731128e-6	-7.164944906232092e-15	4.796423254182642e-12
2.67e8	2.422945405043966e-7	6.6166345667567694e-6	-2.4378856547174946e-14	4.7784119774416315e-12
2.68e8	2.111660480177405e-7	0.000011377182565797547	-3.693523818292495e-14	4.738970438820845e-12
2.69e8	1.7039822238880776e-7	0.000016086749835379055	-4.3634327647579e-14	4.676020232890668e-12
2.7e8	1.2564232786287503e-7	0.000020720386436718374	-4.512830996004639e-14	4.586534632728317e-12
2.71e8	8.135500625755956e-8	0.000025249716734412097	-4.298120524880593e-14	4.466724081429669e-12
2.72e8	4.035532546878742e-8	0.000029642288872344507	-3.879337215510343e-14	4.312267339230268e-12
2.73e8	4.040011310564286e-9	0.00003386117279022489	-3.3774574378743525e-14	4.118575215474079e-12
2.74e8	-2.7172718918078247e-8	0.000037864832881125066	-2.868055301628051e-14	3.881074081704677e-12
2.75e8	-5.3431895711931485e-8	0.00004160728927045521	-2.3911396637867072e-14	3.595497898088621e-12
2.76e8	-7.516190001121657e-8	0.000045038571512726404	-1.9637207260758345e-14	3.2581797129604258e-12
2.77e8	-9.288527903850455e-8	0.00004810546061398135	-1.5897872747125694e-14	2.8663358480863315e-12
2.78e8	-1.0712790245699076e-7	0.000050752509401539855	-1.266849558890514e-14	2.418337640869046e-12
2.79e8	-1.1837518566469342e-7	0.000052923326536325006	-9.897707669681127e-15	1.9139662157331093e-12
2.8e8	-1.270570328324212e-7	0.000054562104699237185	-7.528223989075195e-15	1.3546450627000015e-12
2.81e8	-1.3354758180365214e-7	0.000055615367374938286	-5.5068730530068496e-15	7.436432319889521e-13
2.82e8	-1.3817176013837758e-7	0.00005603390004827473	-3.7887847346962585e-15	8.623899076708861e-14
2.83e8	-1.4121431361507192e-7	0.0000557748197704776	-2.3384830425713776e-15	-6.101696430567195e-13
2.84e8	-1.429290443296683e-7	0.000054803721826516565	-1.1293903246012382e-15	-1.3360242420206366e-12
2.85e8	-1.4354710322241922e-7	0.0000530968243378331	-1.425205290128723e-16	-2.0796539588531778e-12
2.86e8	-1.4328373887018893e-7	0.00005064301267909733	6.352594210699245e-16	-2.8274308793663483e-12
2.87e8	-1.4234317231586492e-7	0.000047445668094086256	1.2132175339631154e-15	-3.564048462627364e-12
2.88e8	-1.4092140529489715e-7	0.00004352415211847385	1.5988858382273806e-15	-4.2729322856549544e-12
2.89e8	-1.392068718171382e-7	0.000038914813977341917	1.800224603820302e-15	-4.936782173584476e-12
2.9e8	-1.3737896529043154e-7	0.0000336713954399798	1.8276793585217534e-15	-5.538231576147629e-12
2.91e8	-1.3560463902111967e-7	0.000027864729178115505	1.6959424425530902e-15	-6.06059505580666e-12
2.92e8	-1.3403348288818471e-7	0.00002158166330187408	1.4252025453829994e-15	-6.488660006466114e-12
2.93e8	-1.327918931706704e-7	0.000014923194967495835	1.0416789594372473e-15	-6.809466719860481e-12
2.94e8	-1.3197712599456395e-7	8.001855734263796e-6	5.773065800711054e-16	-7.013014184772452e-12
2.95e8	-1.3165210125006571e-7	9.384543622705435e-7	6.85604668012887e-17	-7.092829531691364e-12
2.96e8	-1.3184175948102545e-7	-6.1416588338167355e-6	-4.45438008749793e-16	-7.046347724176317e-12
2.97e8	-1.3253155746096313e-7	-0.000013112596138572896	-9.252470671881133e-16	-6.875064393368036e-12
2.98e8	-1.3366834958721565e-7	-0.000019851968639230437	-1.333483378483401e-15	-6.5844465602600675e-12
2.99e8	-1.3516350994127417e-7	-0.00002624471481747459	-1.6368631282674358e-15	-6.183610178979238e-12
3.e8	-1.3689778927826198e-7	-0.00003218650247655237	-1.807587798915231e-15	-5.684796248535044e-12
3.01e8	-1.387271474530985e-7	-0.000037586526228038265	-1.8238917625452812e-15	-5.102695261340812e-12
3.02e8	-1.4048869658737748e-7	-0.0000423695786045229	-1.6697238938510335e-15	-4.4536805758502665e-12
3.03e8	-1.420059326671078e-7	-0.00004647733545863405	-1.3336693084546177e-15	-3.755013955148075e-12
3.04e8	-1.430925863908495e-7	-0.00004986885764333714	-8.0730185588587e-16	-3.0240815442453888e-12
3.05e8	-1.4355463292365757e-7	-0.00005252036421411055	-8.318527701051091e-17	-2.277707717110957e-12
3.06e8	-1.431902115169463e-7	-0.000054424372865108	8.472784352492405e-16	-1.5315799509923984e-12
3.07e8	-1.4178738352158344e-7	-0.00005558832886641837	1.9959987839510255e-15	-7.998027336428027e-13
3.08e8	-1.3911978989040794e-7	-0.00005603285466794081	3.380231483922219e-15	-9.458466022404612e-14
3.09e8	-1.349403731068461e-7	-0.00005578975069705449	5.024396067198962e-15	5.739481590814068e-13
3.1e8	-1.289734494799742e-7	-0.00005489986695053379	6.961522916485821e-15	1.197826740024614e-12
3.11e8	-1.2090563890644344e-7	-0.00005341094839564965	9.234018304346137e-15	1.771220152706878e-12
3.12e8	-1.1037661936187565e-7	-0.00005137553834655637	1.1893101152420338e-14	2.290341735561558e-12
3.13e8	-9.697160212527575e-8	-0.00004884900560976764	1.4995639407799602e-14	2.753298031580271e-12
3.14e8	-8.021919207282842e-8	-0.0000458877451552962	1.8596028210948547e-14	3.1598949296578506e-12
3.15e8	-5.9601463639594384e-8	-0.0000425475893019292	2.2729013108173362e-14	3.511412053960919e-12
3.16e8	-3.4588348827719296e-8	-0.0000388824569877654	2.737692780953072e-14	3.810353297150916e-12
3.17e8	-4.716254993078306e-9	-0.000034943262027715864	3.2412369979203266e-14	4.060179123409159e-12
3.18e8	3.025992623616598e-8	-0.00003077709626574452	3.7507713365562186e-14	4.2650252228255766e-12
3.19e8	7.010768147099802e-8	-0.000026426698919057385	4.201363418592729e-14	4.429412369857993e-12
3.2e8	1.1373400631186477e-7	-0.00002193021793245516	4.4844289486585706e-14	4.557953754101367e-12
3.21e8	1.5873319669584066e-7	-0.00001732126185626977	4.447964365276699e-14	4.655068202704082e-12
3.22e8	2.0107408105132048e-7	-0.000012629231177152546	3.92775567065569e-14	4.724710013211181e-12
3.23e8	2.3532500612798797e-7	-7.879906350783344e-6	2.8242530269047837e-14	4.770127896923097e-12
3.24e8	2.558056882002575e-7	-3.0962568453595277e-6	1.2022115844754857e-14	4.793666181317821e-12
3.25e8	2.58530340422309e-7	1.7005773298862399e-6	-6.672013606914711e-15	4.796620512422437e-12
3.26e8	2.4293422863732e-7	6.490191221954754e-6	-2.397319053745866e-14	4.779157715827162e-12
3.27e8	2.121399325938498e-7	0.000011251775017423889	-3.667783594877138e-14	4.740305455782225e-12
3.28e8	1.7155138296697414e-7	0.000015962999206521036	-4.3529906465422895e-14	4.678012434211678e-12
3.29e8	1.2683659456164436e-7	0.000020598993632450023	-4.514323557286254e-14	4.589274856368677e-12
3.3e8	8.249344580483014e-8	0.00002513148269925354	-4.3070680772917165e-14	4.4703205454371895e-12
3.31e8	4.138343660979654e-8	0.00002952812874552705	-3.891917640170743e-14	4.3168390477209165e-12
3.32e8	4.9354650012661515e-9	0.000033752123091903706	-3.3910779242649483e-14	4.124244671714605e-12
3.33e8	-2.641210889474358e-8	0.00003776205120192175	-2.8812312510633646e-14	3.8879596317724335e-12
3.34e8	-5.279762731521532e-8	0.000041512046235468076	-2.4031604498581863e-14	3.6037059761708846e-12
3.35e8	-7.464090913179364e-8	0.00004495223503119623	-1.974340158415333e-14	3.2677971971441584e-12
3.36e8	-9.246341369645742e-8	0.000048029472606097964	-1.5990053229951654e-14	2.8774226810642517e-12
3.37e8	-1.06791654649328e-7	0.00005068835533001448	-1.2747784565179625e-14	2.4309198381281425e-12
3.38e8	-1.1811240161554622e-7	0.00005287249819010663	-9.965603028363534e-15	1.9280293840713718e-12
3.39e8	-1.2685707459187943e-7	0.00005452605681454396	-7.586216832938296e-15	1.3701285873718009e-12
3.4e8	-1.334012207055565e-7	0.00005559546886801997	-5.556273307060344e-15	7.604353574705523e-13
3.41e8	-1.3807095796853858e-7	0.00005603138090200324	-3.83065906848578e-15	1.0417310736676005e-13
3.42e8	-1.4115197409640053e-7	0.000055790714974927285	-2.3736511077275852e-15	-5.913171035202545e-13
3.43e8	-1.428987773344769e-7	0.00005483881421617594	-1.1584506536306866e-15	-1.3165338251031276e-12
3.44e8	-1.4354302335766483e-7	0.000053151588664211296	-1.6589178091926432e-16	-2.059860613792176e-12
3.45e8	-1.433003099529637e-7	0.00005071756375335368	6.1728868631606775e-16	-2.807718321638823e-12
3.46e8	-1.423751043806245e-7	0.000047539716251785225	1.200434013747775e-15	-3.5448401242660345e-12
3.47e8	-1.4096360790236603e-7	0.00004363696950555101	1.591094175209963e-15	-4.254678724536855e-12
3.48e8	-1.3925446463645465e-7	0.000039045215136023664	1.7971907721867372e-15	-4.919945124848431e-12
3.49e8	-1.374273431759255e-7	0.000033817735304442177	1.8290791239903956e-15	-5.5232652090022375e-12
3.5e8	-1.3564958383856714e-7	0.000028024920824037664	1.7013203765480689e-15	-6.047925402807821e-12
3.51e8	-1.3407130861941623e-7	0.000021753216637863844	1.4339473785851265e-15	-6.478663898698673e-12
3.52e8	-1.3281960543331568e-7	0.000015103276081166093	1.0530200195085394e-15	-6.802451821631564e-12
3.53e8	-1.3199257353474172e-7	8.187364950226831e-6	5.903334804532661e-16	-7.009201812889881e-12
3.54e8	-1.3165409661975738e-7	1.1261194248482635e-6	8.22644279679347e-17	-7.092341826341999e-12
3.55e8	-1.3183014981507725e-7	-5.955179457520834e-6	-4.3210695868675307e-16	-7.049200404721276e-12
3.56e8	-1.325072338016208e-7	-0.000012930605828327146	-9.133160940621262e-16	-6.881165817661217e-12
3.57e8	-1.3363319321521024e-7	-0.00001967762746889876	-1.3238966179484699e-15	-6.593603181933677e-12
3.58e8	-1.3512028452243235e-7	-0.00002608094285684351	-1.6304349758768815e-15	-6.195537858390576e-12
3.59e8	-1.368499960735168e-7	-0.000032035896892056345	-1.8049765716599947e-15	-5.699136317749809e-12
3.6e8	-1.3867886573252088e-7	-0.00003745129621502696	-1.8255965666381692e-15	-5.119033851770416e-12
3.61e8	-1.4044443217701992e-7	-0.00004225150058303046	-1.6761035381919938e-15	-4.471569535197134e-12
3.62e8	-1.419704947894377e-7	-0.000046377729290823925	-1.3449791144793685e-15	-3.773991713669114e-12
3.63e8	-1.430710079352388e-7	-0.000049788583085978845	-8.237427255461196e-16	-3.0436925071915674e-12
3.64e8	-1.4355214351814252e-7	-0.000052459835560101544	-1.0495933852143813e-16	-2.2975191027569255e-12
3.65e8	-1.4321226750678237e-7	-0.000054383588845172774	8.199103436506561e-16	-1.5511953934527724e-12
3.66e8	-1.4183975485062904e-7	-0.0000555669144007792	1.962661279778118e-15	-8.188723621214432e-13
3.67e8	-1.392087008767385e-7	-0.00005603011094317156	3.3403831089254124e-15	-1.1281170153056311e-13
3.68e8	-1.350726914078752e-7	-0.00005580471022207486	4.97728506599551e-15	5.568039600742329e-13
3.69e8	-1.2915691351503118e-7	-0.00005493135062379681	6.906155828189976e-15	1.1819484368811943e-12
3.7e8	-1.2114910584531205e-7	-0.00005345762209712962	9.169152938855793e-15	1.7567351463152796e-12
3.71e8	-1.1069029884654571e-7	-0.00005143596707131656	1.1817287510873545e-14	2.2773250645938073e-12
3.72e8	-9.736720751998401e-8	-0.0000489217036218118	1.4907353730213928e-14	2.7417769771159784e-12
3.73e8	-8.070987913306347e-8	-0.00004597122102491816	1.8493981690504855e-14	3.1498545947680093e-12
3.74e8	-6.020131883005904e-8	-0.00004264038498319589	2.2612772389787208e-14	3.5028016693533292e-12
3.75e8	-3.531101765943489e-8	-0.000038983180302553516	2.724805485887353e-14	3.803093078036984e-12
3.76e8	-5.572063874841488e-9	-0.00003505061207221958	3.227633736106541e-14	4.054167548014669e-12
3.77e8	2.926923001843227e-8	-0.000030889881376810676	3.7376754820065325e-14	4.260146613479108e-12
3.78e8	6.899739642314587e-8	-0.000026543846965656887	4.191016290551394e-14	4.425544634371304e-12
3.79e8	1.1254799752182505e-7	-0.000022050778862918625	4.480311790895958e-14	4.554976095969399e-12
3.8e8	1.5755542567920286e-7	-0.00001744440265381916	4.4544889197783095e-14	4.652868546960719e-12
3.81e8	2.0003202190004688e-7	-0.000012754223659094509	3.948868824897366e-14	4.72319183765877e-12
3.82e8	2.345728748754338e-7	-8.00610857705622e-6	2.860877429611852e-14	4.769216123501102e-12
3.83e8	2.554812777296358e-7	-3.2230892500772357e-6	1.2499045548635798e-14	4.7933117839786595e-12
3.84e8	2.587003446194744e-7	1.573659645924303e-6	-6.178063203893179e-15	4.796803543708221e-12
3.85e8	2.43563138788917e-7	6.363728342761101e-6	-2.3564180188756083e-14	4.779888542987904e-12
3.86e8	2.1310695073935622e-7	0.000011126332361904845	-3.641622033003678e-14	4.741624117974305e-12
3.87e8	1.7270173145993273e-7	0.000015839196109883695	-4.342176418164261e-14	4.679986166995998e-12
3.88e8	1.280312221271876e-7	0.000020477528603391304	-4.515558167816229e-14	4.591993957072679e-12
3.89e8	8.363423395264457e-8	0.00002501315382393426	-4.3158726232968515e-14	4.473892853346083e-12
3.9e8	4.2414868913506396e-8	0.000029413848016954734	-3.9044408455701934e-14	4.321383373098485e-12
3.91e8	5.834522044509355e-9	0.000033642923788805076	-3.4046942099308556e-14	4.129883522868424e-12
3.92e8	-2.5648009476901058e-8	0.00003765908778077799	-2.8944307805368345e-14	3.894811564728924e-12
3.93e8	-5.2160173638860774e-8	0.000041416586499706966	-2.4152164594399607e-14	3.611877839615145e-12
3.94e8	-7.41171034228182e-8	0.000044865644583190085	-1.9849973997840156e-14	3.277376483095508e-12
3.95e8	-9.203910457216774e-8	0.00004795319176934127	-1.6082592967258725e-14	2.888470136917853e-12
3.96e8	-1.0645330464791153e-7	0.00005062386886583214	-1.282739593362059e-14	2.443462463086849e-12
3.97e8	-1.1784781737784178e-7	0.00005282129825310798	-1.0033780108542719e-14	1.9420539323516287e-12
3.98e8	-1.266555786733147e-7	0.00005448959972767847	-7.644453816444379e-15	1.3855757351100686e-12
3.99e8	-1.3325354970156503e-7	0.00005557512648588291	-5.60588606127544e-15	7.771947562331792e-13
4.e8	-1.3796904535344683e-7	0.00005602838759617281	-3.872720925875566e-15	1.220796340438232e-13
4.01e8	-1.4108870182249763e-7	0.00005580611163087355	-2.408988012855664e-15	-5.724854994945363e-13
4.02e8	-1.428677393663732e-7	0.00005487339107174612	-1.187666506832917e-15	-1.2970562023352704e-12
4.03e8	-1.4353832317010992e-7	0.00005320582931518223	-1.8940938787825207e-16	-2.0400705402355547e-12
4.04e8	-1.4331640369162254e-7	0.00005079159314799916	5.991780129256037e-16	-2.787998323452634e-12
4.05e8	-1.424066964195595e-7	0.00004763325591744941	1.1875157132925883e-15	-3.525612729256374e-12
4.06e8	-1.410056026368872e-7	0.00004374930350266786	1.5831731561268348e-15	-4.236393964333038e-12
4.07e8	-1.3930197556638184e-7	0.00003917517022318442	1.794034729142725e-15	-4.903064669686787e-12
4.08e8	-1.374757566159869e-7	0.00003396367843894095	1.8303667967666587e-15	-5.508243687779437e-12
4.09e8	-1.356946696554885e-7	0.00002818477636756484	1.7066002092314236e-15	-6.0351898649840284e-12
4.1e8	-1.3410936467776416e-7	0.000021924504490475398	1.4426123717148635e-15	-6.468592742855636e-12
4.11e8	-1.3284761701303897e-7	0.000015283170498446656	1.0643035674918242e-15	-6.795354779340969e-12
4.12e8	-1.3200836533670984e-7	8.37277214539045e-6	6.033284476100425e-16	-7.0053026731297854e-12
4.13e8	-1.3165645452965092e-7	1.3137704102811627e-6	9.596395398076156e-17	-7.091765473437732e-12
4.14e8	-1.3181889318972983e-7	-5.768625761003803e-6	-4.1875257276705987e-16	-7.051965414529544e-12
4.15e8	-1.324832264863238e-7	-0.000012748455188271987	-9.013354327257546e-16	-6.887183346013957e-12
4.16e8	-1.335982914713999e-7	-0.000019503045046228	-1.3142366930924914e-15	-6.6026822569326265e-12
4.17e8	-1.3507723041633348e-7	-0.00002591685621029267	-1.623914054805339e-15	-6.207396548483191e-12
4.18e8	-1.3680227339091867e-7	-0.000031884912655256255	-1.802257244405328e-15	-5.713417688839239e-12
4.19e8	-1.3863054048382026e-7	-0.00003731563451822148	-1.8271819985685956e-15	-5.1353252297562745e-12
4.2e8	-1.4040000065076595e-7	-0.00004213294969570484	-1.6823558435101393e-15	-4.489423402579444e-12
4.21e8	-1.4193475942413698e-7	-0.00004627762128669467	-1.3561557620119719e-15	-3.792946596769964e-12
4.22e8	-1.4304899629482455e-7	-0.000049707789781711496	-8.400453580316722e-16	-3.0632924232032043e-12
4.23e8	-1.4354907989279952e-7	-0.00005239878271021115	-1.265893108179108e-16	-2.3173304759261503e-12
4.24e8	-1.4323360137049778e-7	-0.000054342285682635225	7.926944792626492e-16	-1.5708207488528604e-12
4.25e8	-1.4189124626418227e-7	-0.000055544995120771195	1.929487859740301e-15	-8.379604988343393e-13
4.26e8	-1.3929655989787607e-7	-0.000056026884604015136	3.300715679545293e-15	-1.31064384241036e-13
4.27e8	-1.3520376588308523e-7	-0.00005581921570972723	4.93037791497877e-15	5.396285017057081e-13
4.28e8	-1.2933891566509684e-7	-0.00005496241370004003	6.851022125232666e-15	1.1660347587153132e-12
4.29e8	-1.21390860056344e-7	-0.00005350391203189182	9.104556833108226e-15	1.742212086065367e-12
4.3e8	-1.1100197645152978e-7	-0.00005149605086273946	1.1741783323285749e-14	2.2642689920651228e-12
4.31e8	-9.776048155165777e-8	-0.00004899409627152866	1.4819416686319916e-14	2.730216368837647e-12
4.32e8	-8.119787108038153e-8	-0.00004605443072279266	1.839231053583979e-14	3.139775591362571e-12
4.33e8	-6.079810323351706e-8	-0.00004273295235138116	2.2496899284361743e-14	3.4941543644946997e-12
4.34e8	-3.6030280383309364e-8	-0.00003908371106079779	2.7119468269802802e-14	3.795798362527502e-12
4.35e8	-6.42427432310787e-9	-0.000035157802636840335	3.214037374607764e-14	4.048124378642129e-12
4.36e8	2.8282003813209607e-8	-0.000031002537027531384	3.7245425380952463e-14	4.2552395877632e-12
4.37e8	6.788986403241973e-8	-0.000026660892341885827	4.180557099837449e-14	4.4216517299110105e-12
4.38e8	1.1136310720124527e-7	-0.00002217126071504526	4.4759752129854435e-14	4.5519763844509045e-12
4.39e8	1.5637597325637673e-7	-0.000017567484995366303	4.4606742314293524e-14	4.6506496313145336e-12
4.4e8	1.989844316163994e-7	-0.000012879175746931465	3.969564415808302e-14	4.721656703384391e-12
4.41e8	2.3381110318751253e-7	-8.132286476240228e-6	2.897122429833644e-14	4.768289059429621e-12
4.42e8	2.5514427270474584e-7	-3.349912087758453e-6	1.2974098969441782e-14	4.792943028245114e-12
4.43e8	2.5885726657268285e-7	1.4467373072155978e-6	-5.683168235496429e-15	4.796972355335908e-12
4.44e8	2.4418118305944616e-7	6.237246323353866e-6	-2.3151870213754275e-14	4.780604487100762e-12
4.45e8	2.1406699100857115e-7	0.00001100085503135395	-3.6150394329478127e-14	4.7429264727115926e-12
4.46e8	1.7384916908029577e-7	0.000015715341033283032	-4.33098759555415e-14	4.681941494784787e-12
4.47e8	1.2922614187870005e-7	0.00002035599190744101	-4.516531585856802e-14	4.594692010723896e-12
4.48e8	8.477733250232642e-8	0.000024894730746496946	-4.3245314367438305e-14	4.4774410887613335e-12
4.49e8	4.344960699880381e-8	0.000029299447410021224	-3.916905003912537e-14	4.325900401578536e-12
4.5e8	6.737181192165264e-9	0.000033533575689617083	-3.4183052589918426e-14	4.135491852389751e-12
4.51e8	-2.488041449004783e-8	0.00003755594350617826	-2.907653399817273e-14	3.9016299558254394e-12
4.52e8	-5.1519525384791846e-8	0.00004132091102056432	-2.4273075265933766e-14	3.6200135501056894e-12
4.53e8	-7.359047287961721e-8	0.000044778801178840905	-1.9956924547328552e-14	3.28691761375256e-12
4.54e8	-9.161234214919793e-8	0.0000478766191453491	-1.6175492774631708e-14	2.8994782349290595e-12
4.55e8	-1.0611284390833855e-7	0.000050559051056181847	-1.2907330761730494e-14	2.455965506813768e-12
4.56e8	-1.1758142548346227e-7	0.00005276972774774029	-1.0102239965970232e-14	1.956039819332352e-12
4.57e8	-1.2645253860473975e-7	0.00005445273440216292	-7.702935864163167e-15	1.4009864288822888e-12
4.58e8	-1.331045631591387e-7	0.000055554341096000176	-5.65571206715689e-15	7.939213128044773e-13
4.59e8	-1.378660173237394e-7	0.00005602492086287311	-3.914970883522566e-15	1.3995841535066514e-13
4.6e8	-1.4102449232042326e-7	0.00005582101029485011	-2.4444941783064518e-15	-5.536750264889924e-13
4.61e8	-1.4283592630642544e-7	0.000054907452734854646	-1.2170381772957936e-15	-1.2775916075670318e-12
4.62e8	-1.4353299878465105e-7	0.00005325954638086161	-2.1307355062636476e-16	-2.0202840065089552e-12
4.63e8	-1.433320163815458e-7	0.00005086510067009367	5.80927254048949e-16	-2.7682711813470713e-12
4.64e8	-1.4243794486471574e-7	0.00004772628659103284	1.1744624993534771e-15	-3.5063665935923647e-12
4.65e8	-1.4104738607367514e-7	0.00004386115328861525	1.5751226214022568e-15	-4.218078329352982e-12
4.66e8	-1.3934940137034357e-7	0.00003930467809455861	1.7907562522326316e-15	-4.886141127590567e-12
4.67e8	-1.375242026405521e-7	0.000034109223388119094	1.831542062224127e-15	-5.493167312695325e-12
4.68e8	-1.3573989387056617e-7	0.000028344294068949054	1.7117815159079553e-15	-6.022388708430466e-12
4.69e8	-1.3414764894359413e-7	0.000022095524876878368	1.4511969869523678e-15	-6.458446756798133e-12
4.7e8	-1.3287592637967127e-7	0.000015462876047935917	1.0755289658823245e-15	-6.7881757504278166e-12
4.71e8	-1.3202450054616404e-7	8.558075025093243e-6	6.162907732550395e-16	-7.0013168533605045e-12
4.72e8	-1.3165917485262188e-7	1.5014049731841175e-6	1.0965830613745776e-16	-7.09110048604911e-12
4.73e8	-1.318079902128613e-7	-5.582000064804112e-6	-4.053755747008184e-16	-7.05464269108905e-12
4.74e8	-1.324595368209841e-7	-0.000012566146440010003	-8.89305748982637e-16	-6.893116844068111e-12
4.75e8	-1.3356364628406804e-7	-0.000019328223425672557	-1.3045041783731206e-15	-6.611683586936013e-12
4.76e8	-1.3503435007143962e-7	-0.000025752456706555387	-1.6173008291373472e-15	-6.2191859982332084e-12
4.77e8	-1.367546240860789e-7	-0.00003173355132309552	-1.799430168309652e-15	-5.72764007166109e-12
4.78e8	-1.3858217486218103e-7	-0.000037179542391003094	-1.828648309682721e-15	-5.151569080764672e-12
4.79e8	-1.4035540537557367e-7	-0.0000420139268753322	-1.688480987166299e-15	-4.507241853779631e-12
4.8e8	-1.418987300926637e-7	-0.000046177012055753357	-1.3671993889460149e-15	-3.811878284227782e-12
4.81e8	-1.4302655512544476e-7	-0.000049626478026848955	-8.562098909316078e-16	-3.0828809879355094e-12
4.82e8	-1.4354544585777434e-7	-0.00005233720566844895	-1.4807537163185599e-16	-2.337141557755757e-12
4.83e8	-1.4325421713251085e-7	-0.00005430046311846102	7.656305849189001e-16	-1.5904557709311186e-12
4.84e8	-1.4194186209885408e-7	-0.000055522570539427065	1.896478150899141e-15	-8.570669347882656e-13
4.85e8	-1.3938337173462505e-7	-0.000056023174974243145	3.2612286756511828e-15	-1.4934253905371179e-13
4.86e8	-1.3533360191706777e-7	-0.00005583326633460704	4.883673923903079e-15	5.224219130912207e-13
4.87e8	-1.295194620939021e-7	-0.00005499305524445414	6.796120940443545e-15	1.1500857955326726e-12
4.88e8	-1.2163090865047326e-7	-0.00005354981719376046	9.040228967968988e-15	1.727651025153966e-12
4.89e8	-1.1131166035042094e-7	-0.000051555788678540204	1.1666587505555706e-14	2.2511735375859347e-12
4.9e8	-9.815143343241483e-8	-0.000049066182512228835	1.4731827331166913e-14	2.718616196674487e-12
4.91e8	-8.168317784157842e-8	-0.00004613737322531015	1.8291014356081397e-14	3.1296578841023934e-12
4.92e8	-6.139182658921352e-8	-0.00004282529042885682	2.2381394725445484e-14	3.4854700835764103e-12
4.93e8	-3.674614462369882e-8	-0.00003918404834879104	2.6991171611962938e-14	3.788469079440005e-12
4.94e8	-7.272888272447356e-9	-0.00003526483288454549	3.200448733222827e-14	4.042049534046238e-12
4.95e8	2.7298257231058845e-8	-0.000031115062464888916	3.711374035744265e-14	4.250304059798911e-12
4.96e8	6.678511362830585e-8	-0.00002677783438066756	4.169988272744393e-14	4.4177335713798316e-12
4.97e8	1.1017939298927969e-7	-0.000022291662904271563	4.4714223717768265e-14	4.54895454045512e-12
4.98e8	1.551949287989351e-7	-0.00001769050837040001	4.4665232504952315e-14	4.648411387498294e-12
4.99e8	1.9793142056875352e-7	-0.000013004086991241479	3.9898433337716885e-14	4.72010455710983e-12
5.e8	2.3303979185228035e-7	-8.258439643272716e-6	2.9329850169812756e-14	4.767346669689883e-12