0	0.5235987755982989
250000	0.5237716381930567
500000	0.5242897573303016
750000	0.5251517312635336
1000000	0.5263552412974498
1250000	0.5278970655306325
1500000	0.5297731300027103
1750000	0.5319785299417276
2000000	0.5345075669667397
2250000	0.5373538119585428
2500000	0.5405101900573891
2750000	0.5439689966188724
3000000	0.5477219572263986
3250000	0.5517603046234806
3500000	0.556074834694097
3750000	0.5606560257582576
4000000	0.5654940413437347
4250000	0.570578767207145
4500000	0.5758998824351204
4750000	0.5814469325247492
5000000	0.5872093977858408
5250000	0.593176673450942
5500000	0.5993382268132319
5750000	0.6056835410832712
6000000	0.6122021160361901
6250000	0.618883515792279
6500000	0.6257174168012463
6750000	0.6326936552999208
7000000	0.6398022735579383
7250000	0.6470334837338791
7500000	0.6543775919993782
7750000	0.6618252513102623
8000000	0.6693672475438652
8250000	0.6769945112218756
8500000	0.6846981445058734
8750000	0.6924694487317831
9000000	0.7002999519045234
9250000	0.7081814355991883
9500000	0.7161059607475356
9750000	0.724065832478159
10000000	0.7320532728624763
10250000	0.7400609804510772
10500000	0.7480818209110536
10750000	0.7561087609123306
11000000	0.7641348889728768
11250000	0.7721534370118746
11500000	0.7801578020460532
11750000	0.788141567491528
12000000	0.7960985235658028
12250000	0.8040226863214999
12500000	0.8119083148840268
12750000	0.8197497149901046
13000000	0.8275410365567502
13250000	0.8352770058700798
13500000	0.8429523921704765
13750000	0.8505619988268295
14000000	0.8581006867321606
14250000	0.8655633973927974
14500000	0.8729451752345357
14750000	0.8802411886765
15000000	0.8874467495546497
15250000	0.8945573305117445
15500000	0.9015685800083936
15750000	0.9084763346497803
16000000	0.9152764436651813
16250000	0.9219644485152829
16500000	0.928536537444913
16750000	0.9349889314260837
17000000	0.9413178471625241
17250000	0.9475195232159644
17500000	0.9535902447811827
17750000	0.9595263667267342
18000000	0.9653243345421597
18250000	0.9709807028607071
18500000	0.9764921512587575
18750000	0.981855497068551
19000000	0.9870677049786363
19250000	0.9921258932356836
19500000	0.9970272998060671
19750000	1.0017688025922675
20000000	1.0063477603484183
20250000	1.0107617149257655
20500000	1.0150082108471232
20750000	1.0190848216628619
21000000	1.0229891739899066
21250000	1.0267189689322516
21500000	1.0302720006063246
21750000	1.033646171524185
22000000	1.0368395046213528
22250000	1.039850151753304
22500000	1.0426763985242204
22750000	1.0453166653524353
23000000	1.0477695047179256
23250000	1.0500335945769979
23500000	1.0521075721597957
23750000	1.0539901618537055
24000000	1.0556803813165758
24250000	1.057177295740877
24500000	1.058480038696415
24750000	1.0595878313902243
25000000	1.060499998529683
25250000	1.061215980614742
25500000	1.0617353425203178
25750000	1.0620577782685992
26000000	1.0621831119321947
26250000	1.0621112946515594
26500000	1.061842397792681
26750000	1.0613766023123907
27000000	1.0607141844376682
27250000	1.059855497800878
27500000	1.0588010186906789
27750000	1.0575514485960857
28000000	1.056107467918276
28250000	1.0544698497477234
28500000	1.0526394817268856
28750000	1.0506173765039346
29000000	1.0484046783619592
29250000	1.0460026659849266
29500000	1.0434127513612474
29750000	1.040636474867239
30000000	1.037675496614923
30250000	1.0345315841902518
30500000	1.0312065969477475
30750000	1.0277024670646007
31000000	1.0240211775904815
31250000	1.020164737757917
31500000	1.0161351558414369
31750000	1.0119348049516792
32000000	1.0075664528335821
32250000	1.0030323776702028
32500000	0.9983349963962057
32750000	0.9934768812333468
33000000	0.9884607601406916
33250000	0.983289513561356
33500000	0.9779661675700122
33750000	0.9724938835657672
34000000	0.9668759446957674
34250000	0.961115739234796
34500000	0.9552167411841682
34750000	0.9491824883883306
35000000	0.9430165584989364
35250000	0.9367225431431222
35500000	0.9303040206749047
35750000	0.9237645279058884
36000000	0.9171075962657653
36250000	0.910338022804065
36500000	0.9034599375173619
36750000	0.89647714199893
37000000	0.8893936581455535
37250000	0.8822137229290976
37500000	0.8749417798755784
37750000	0.867582467459215
38000000	0.8601406046618736
38250000	0.8526211739916532
38500000	0.8450293022969722
38750000	0.8373702397532359
39000000	0.8296493374370681
39250000	0.8218720239373384
39500000	0.8140437814822491
39750000	0.806170122087266
40000000	0.7982565642496346
40250000	0.7903086107319386
40500000	0.7823318174513798
40750000	0.7743334166236806
41000000	0.7663197045073755
41250000	0.7582966128685668
41500000	0.7502704192877983
41750000	0.7422477335948946
42000000	0.7342354813776065
42250000	0.7262408848783152
42500000	0.7182714416434245
42750000	0.7103349013395615
43000000	0.7024392411976746
43250000	0.6945926405890828
43500000	0.6868034552751154
43750000	0.6790801919030758
44000000	0.6714314833448669
44250000	0.6638660654901477
44500000	0.6563927561129097
44750000	0.6490204364287839
45000000	0.6417580359503215
45250000	0.6346154809482412
45500000	0.627603239605219
45750000	0.6207306839655102
46000000	0.6140075464553743
46250000	0.6074438843507508
46500000	0.6010500255387019
46750000	0.5948365099551294
47000000	0.5888140273197181
47250000	0.5829933519038905
47500000	0.5773852751793597
47750000	0.5720005372995525
48000000	0.5668497584593892
48250000	0.561943371256212
48500000	0.5572915552317664
48750000	0.5529041748078943
49000000	0.5487907218334769
49250000	0.5449602639342143
49500000	0.5414213997981432
49750000	0.5381822293255729
50000000	0.5352509203454943
50250000	0.532634843614099
50500000	0.5303404571140302
50750000	0.5283736413191792
51000000	0.5267396021977097
51250000	0.5254427833614704
51500000	0.5244867895929239
51750000	0.5238743237681855
52000000	0.5236071388933683
52250000	0.5236860065909237
52500000	0.524110702928349
52750000	0.5248800119938234
53000000	0.5259917471154542
53250000	0.5274427891181572
53500000	0.5292291405393367
53750000	0.5313459943039885
54000000	0.5337878150099401
54250000	0.5365484307078491
54500000	0.5396211107747214
54750000	0.5429979198501115
55000000	0.5466707175558316
55250000	0.5506311932147955
55500000	0.5548705502292928
55750000	0.559379544485851
56000000	0.5641485303498914
56250000	0.5691675132022347
56500000	0.574426207388152
56750000	0.5799140984006361
57000000	0.5856205081019416
57250000	0.5915346617989587
57500000	0.5976457560258129
57750000	0.6039430259475407
58000000	0.6104158113779058
58250000	0.6170536204980949
58500000	0.6238461904669992
58750000	0.630783544223889
59000000	0.6378560428965818
59250000	0.6450544232230757
59500000	0.6523682169210976
59750000	0.6597874945438917
60000000	0.6673034900283766
60250000	0.6749074780302176
60500000	0.6825907869723308
60750000	0.6903448156808708
61000000	0.6981610530029834
61250000	0.7060310997884346
61500000	0.713946692613024
61750000	0.7218997286257947
62000000	0.72988229091446
62250000	0.7378866738040119
62500000	0.7459054075316283
62750000	0.7539312817760324
63000000	0.7619573675603108
63250000	0.7699770370926715
63500000	0.7779839811582755
63750000	0.785972223725586
64000000	0.7939361334810454
64250000	0.8018696502542906
64500000	0.8097654628832226
64750000	0.8176182948406403
65000000	0.825422944316045
65250000	0.8331741678185637
65500000	0.840866702861434
65750000	0.8484952918510877
66000000	0.8560547066462217
66250000	0.8635397732658109
66500000	0.8709453962425603
66750000	0.8782665821403068
67000000	0.8854984617805559
67250000	0.8926363107545277
67500000	0.8996755678324042
67750000	0.9066118509202395
68000000	0.913440970256333
68250000	0.9201589385817561
68500000	0.9267619780629927
68750000	0.9332465237871266
69000000	0.9396091075048459
69250000	0.9458448581500208
69500000	0.9519501415958279
69750000	0.9579218147205616
70000000	0.9637566578672082
70250000	0.9694514050018506
70500000	0.9750027730347135
70750000	0.9804074899120481
71000000	0.9856623210979368
71250000	0.9907640940810876
71500000	0.995709720562874
71750000	1.0004962160092825
72000000	1.0051207162805134
72250000	1.0095804910872237
72500000	1.0138729540608475
72750000	1.0179956692660916
73000000	1.0219463540254436
73250000	1.0257228779671035
73500000	1.029323258248018
73750000	1.0327456509414645
74000000	1.0359880482533494
74250000	1.0390480895919723
74500000	1.0419242677634852
74750000	1.0446151068952858
75000000	1.047119139297401
75250000	1.049434932760248
75500000	1.0515611151580515
75750000	1.0534963960903716
76000000	1.0552395853177097
76250000	1.0567896077762504
76500000	1.0581455149908074
76750000	1.0593064927432168
77000000	1.0602718648946956
77250000	1.0610410933039038
77500000	1.0616137738263234
77750000	1.0619896284238568
78000000	1.0621684934549191
78250000	1.0621503042536138
78500000	1.061935076140863
78750000	1.061522882456575
79000000	1.0609139784352404
79250000	1.0601087855921623
79500000	1.0591077393222568
79750000	1.0579113578306898
80000000	1.056520260964025
80250000	1.0549351854241191
80500000	1.0531569962400762
80750000	1.0511866944063009
81000000	1.049025420631661
81250000	1.0466744551850231
81500000	1.0441352138649005
81750000	1.0414092401643333
82000000	1.0384981937452142
82250000	1.0354038353777775
82500000	1.032128008539674
82750000	1.028672617903982
83000000	1.0250396049756805
83250000	1.0212309211609887
83500000	1.0172484985731316
83750000	1.0130943692664662
84000000	1.0087716556520174
84250000	1.0042827555102016
84500000	0.999629962618829
84750000	0.9948157273236763
85000000	0.989842661987077
85250000	0.9847135426387139
85500000	0.9794313068816495
85750000	0.973999048145321
86000000	0.9684200064179753
86250000	0.9626975556326333
86500000	0.9568351879220114
86750000	0.9508364949976775
87000000	0.9447051469460064
87250000	0.9384448687673224
87500000	0.9320594150141411
87750000	0.9255525429092133
88000000	0.9189279843438151
88250000	0.9121894171714987
88500000	0.9053404362226547
88750000	0.8983850553586893
89000000	0.8913288986755002
89250000	0.8841759389207621
89500000	0.876930173932968
89750000	0.8695958452955468
90000000	0.8621774333917196
90250000	0.8546796491425853
90500000	0.8471074226352098
90750000	0.8394658888918284
91000000	0.8317603710764859
91250000	0.8239963614803444
91500000	0.8161795006702376
91750000	0.8083155552257548
92000000	0.8004103945272543
92250000	0.7924699670900115
92500000	0.7845002769677376
92750000	0.7765073607717481
93000000	0.7684972658702709
93250000	0.7604760303461445
93500000	0.7524496653012345
93750000	0.7444253059760921
94000000	0.7364111207536207
94250000	0.7284135261704453
94500000	0.7204392918240289
94750000	0.7124955720541349
95000000	0.7045898879359809
95250000	0.6967301061268674
95500000	0.6889244148888322
95750000	0.6811812976639408
96000000	0.6735095046316002
96250000	0.665918022726983
96500000	0.6584160446445432
96750000	0.65101293738918
97000000	0.6437182109684623
97250000	0.6365414878413785
97500000	0.6294924737514958
97750000	0.6225809305746316
98000000	0.6158166518029485
98250000	0.6092094412687586
98500000	0.6027690973434325
98750000	0.5965067577069602
99000000	0.5904333903725153
99250000	0.5845590141899202
99500000	0.5788938837898292
99750000	0.5734484134772742
100000000	0.5682330961793988
100250000	0.5632584184458791
100500000	0.5585347726826172
100750000	0.5540723679715178
101000000	0.5498811409826675
101250000	0.5459706686107886
101500000	0.5423500840564778
101750000	0.5390279981160061
102000000	0.5360124274343981
102250000	0.5333107314101039
102500000	0.5309295593133031
102750000	0.5288748089943736
103000000	0.5271515983181122
103250000	0.5257642501701221
103500000	0.5247162942678482
103750000	0.5240106525570556
104000000	0.5236492780941464
104250000	0.5236331746129106
104500000	0.5239625023327811
104750000	0.5246365327045169
105000000	0.5256536187190735
105250000	0.5270111815132094
105500000	0.52870571355932
105750000	0.5307327982691863
106000000	0.5330871453934946
106250000	0.5357626411819231
106500000	0.538752411900796
106750000	0.5420488990017148
107000000	0.5456439440055594
107250000	0.5495288810171766
107500000	0.5536946347175138
107750000	0.5581318216876519
108000000	0.5628308529954374
108250000	0.5677820361092948
108500000	0.5729755558558748
108750000	0.5784001573173119
109000000	0.5840454299392113
109250000	0.5899012683403299
109500000	0.5959574357046131
109750000	0.6022035927359632
110000000	0.6086293306150409
110250000	0.6152242072912476
110500000	0.6219777864132937
110750000	0.6288796781850369
111000000	0.6359195814295063
111250000	0.6430873261527633
111500000	0.6503729159198269
111750000	0.6577665693863288
112000000	0.6652587603706344
112250000	0.67284025590031
112500000	0.6805021517224171
112750000	0.6882359048272094
113000000	0.6960333625975017
113250000	0.7038867882592003
113500000	0.7117885993973128
113750000	0.7197293181582342
114000000	0.7277013840077022
114250000	0.7356978147802292
114500000	0.7437116371027022
114750000	0.7517359012551014
115000000	0.7597636989306483
115250000	0.7677881832779225
115500000	0.7758025906136456
115750000	0.7838002632058672
116000000	0.7917746725437016
116250000	0.7997194425319112
116500000	0.8076283720764698
116750000	0.8154954565605071
117000000	0.8233149077481388
117250000	0.8310811716958203
117500000	0.8387889442959746
117750000	0.8464331841245556
118000000	0.8540091223115848
118250000	0.8615122692002284
118500000	0.8689380021625239
118750000	0.8762799977427163
119000000	0.8835338885694877
119250000	0.8906955710037981
119500000	0.8977608636730328
119750000	0.9047255345606531
120000000	0.9115853283651584
120250000	0.918335993666076
120500000	0.9249733094455042
120750000	0.9314931105287793
121000000	0.9378913115275799
121250000	0.9441639288933372
121500000	0.9503071007180752
121750000	0.956317103953288
122000000	0.962190368754504
122250000	0.9679234896989136
122500000	0.9735132336647708
122750000	0.9789565442031374
123000000	0.984250542273681
123250000	0.9893925232555382
123500000	0.99437953128125
123750000	0.9992077970237171
124000000	1.0038749056119254
124250000	1.008378489676157
124500000	1.0127161390994104
124750000	1.016885431314882
125000000	1.0208839597968622
125250000	1.0247093604093305
125500000	1.0283593352920337
125750000	1.031831673985038
126000000	1.0351242715194293
126250000	1.038235143233617
126500000	1.0411624361107734
126750000	1.0439044364724606
127000000	1.046459573905314
127250000	1.0488264213406087
127500000	1.0510036912493181
127750000	1.052990227956687
128000000	1.0547849961191855
128250000	1.0563870654419159
128500000	1.0577954843170492
128750000	1.0590092126298618
129000000	1.0600276723249833
129250000	1.060850343435296
129500000	1.0614767573849684
129750000	1.0619065200724043
130000000	1.0621393316688144
130250000	1.062175002936862
130500000	1.0620134679035527
130750000	1.0616547927561633
131000000	1.061099180868733
131250000	1.0603469739084364
131500000	1.059398649014767
131750000	1.058254812088694
132000000	1.056916187272437
132250000	1.0553836027419903
132500000	1.0536579729728364
132750000	1.051740277673388
133000000	1.0496315376097771
133250000	1.0473327875690803
133500000	1.0448453665009112
133750000	1.0421710889401326
134000000	1.0393113367567013
134250000	1.0362675897958802
134500000	1.0330414574924875
134750000	1.0296346889289478
135000000	1.0260491790467232
135250000	1.022286970996074
135500000	1.0183502546473329
135750000	1.014241361327657
136000000	1.009962754889384
136250000	1.0055170192584197
136500000	1.000906842652317
136750000	0.9961349986966814
137000000	0.9912043247041992
137250000	0.9861176974120316
137500000	0.9808780064998517
137750000	0.9754881262320121
138000000	0.9699508855830512
138250000	0.9642690372161273
138500000	0.9584461705348405
138750000	0.9524865153812241
139000000	0.9463931073333657
139250000	0.940169159502714
139500000	0.9338180813876917
139750000	0.9273434775143516
140000000	0.9207491425134691
140250000	0.9140390527798908
140500000	0.9072173549014051
140750000	0.9002883510868949
141000000	0.893256481865941
141250000	0.8861263063731417
141500000	0.8789024805691776
141750000	0.8715897337861339
142000000	0.8641928440160696
142250000	0.8567166123888046
142500000	0.849165837307178
142750000	0.8415452887256836
143000000	0.8338596830718505
143250000	0.8261136593196821
143500000	0.8183131232756427
143750000	0.8104646616215386
144000000	0.8025732272125154
144250000	0.7946440796752969
144500000	0.7866827936754629
144750000	0.7786952483167232
145000000	0.7706876135332207
145250000	0.7626663337612684
145500000	0.7546381092262974
145750000	0.7466098752299609
146000000	0.7385887798698149
146250000	0.7305821606684068
146500000	0.7225975206286722
146750000	0.7146425042671876
147000000	0.7067248742052541
147250000	0.6988524889193632
147500000	0.691033282267087
147750000	0.6832752454117783
148000000	0.6755864117699475
148250000	0.6679748459637319
148500000	0.6604502657724294
148750000	0.6530224037456426
149000000	0.6456998470935414
149250000	0.6384916095657858
149500000	0.6314070951097368
149750000	0.6244560568988214
150000000	0.6176485520797155
150250000	0.6109948926742982
150500000	0.6045055931618062
150750000	0.5981913153556271
151000000	0.5920628112750256
151250000	0.5861308647918416
151500000	0.5804062329030236
151750000	0.5748995875388113
152000000	0.5696214588608202
152250000	0.5645821810315569
152500000	0.5597918414449053
152750000	0.5552602343939276
153000000	0.5509968201166575
153250000	0.5470106901533548
153500000	0.5433113040649431
153750000	0.5399076391784869
154000000	0.5368075816553197
154250000	0.5340186289112834
154500000	0.5315477825450345
154750000	0.5294014460675144
155000000	0.5275853298058452
155250000	0.5261043653131672
155500000	0.5249626314834902
155750000	0.5241632943460528
156000000	0.5237085622013347
156250000	0.5235996573712317
156500000	0.5238368053850097
156750000	0.5244192419311737
157000000	0.5253452373971459
157250000	0.5266121383187635
157500000	0.528216424594597
157750000	0.5301537809079331
158000000	0.5324191804596231
158250000	0.5350069733402784
158500000	0.5379103020264694
158750000	0.5411218321168383
159000000	0.5446340605021837
159250000	0.5484389225972882
159500000	0.5525278247503126
159750000	0.5568916856873068
160000000	0.5615209859753667
160250000	0.5664058243639961
160500000	0.571535979776938
160750000	0.5769009776761594
161000000	0.5824901595044882
161250000	0.5882927539309734
161500000	0.5942979486698418
161750000	0.6004949617155887
162000000	0.6068731109285721
162250000	0.613421881012496
162500000	0.6201309870424375
162750000	0.6269904338248581
163000000	0.6339905704949262
163250000	0.6411220665311447
163500000	0.648373984758337
163750000	0.655736540134812
164000000	0.6632008766068361
164250000	0.6707581747415555
164500000	0.6783996644676281
164750000	0.6861166415156091
165000000	0.6939004869566485
165250000	0.7017426892232803
165500000	0.7096348679894336
165750000	0.7175687992886092
166000000	0.7255364412595104
166250000	0.7335299599271498
166500000	0.7415417544540921
166750000	0.7495644813303377
167000000	0.7575910770103638
167250000	0.7656147785508535
167500000	0.7736291418511904
167750000	0.7816280571493789
168000000	0.7896057614770412
168250000	0.7975567672653665
168500000	0.8054736882168858
168750000	0.8133504120157647
169000000	0.8211817937207259
169250000	0.8289626301670192
169500000	0.8366876816632518
169750000	0.8443516952634477
170000000	0.8519494290730699
170250000	0.8594756770586872
170500000	0.8669252938454098
170750000	0.874293219004866
171000000	0.8815745003597277
171250000	0.8887643158587379
171500000	0.8958579936086248
171750000	0.902851029685703
172000000	0.9097391033896572
172250000	0.9165180896440214
172500000	0.9231840682911308
172750000	0.9297333300726716
173000000	0.9361623791291637
173250000	0.942467787265106
173500000	0.9486446272849829
173750000	0.9546893397560249
174000000	0.9605988390350015
174250000	0.9663699593972923
174500000	0.9719994854613775
174750000	0.9774841817790423
175000000	0.9828208212010667
175250000	0.9880062116383587
175500000	0.9930372208537422
175750000	0.9979107989402198
176000000	1.0026239981673268
176250000	1.0071739899079033
176500000	1.0115580783925096
176750000	1.0157737110770293
177000000	1.019818485449672
177250000	1.023690152145458
177500000	1.0273866142781942
177750000	1.0309059229406308
178000000	1.0342462688618381
178250000	1.0374059004250749
178500000	1.0403824403081978
178750000	1.0431742594717273
179000000	1.0457799715365605
179250000	1.0481981886476726
179500000	1.0504275497373865
179750000	1.0524667461655488
180000000	1.0543145444650386
180250000	1.0559698059423388
180500000	1.0574315029099428
180750000	1.0586987313596288
181000000	1.0597707199224438
181250000	1.0606468350016007
181500000	1.061326582007267
181750000	1.0618096026662145
182000000	1.0620956684231717
182250000	1.0621846699931745
182500000	1.0620766031640876
182750000	1.0617715509845773
183000000	1.0612696625043445
183250000	1.0605711525822419
183500000	1.0596765385614244
183750000	1.0585863609406811
184000000	1.057301192266832
184250000	1.055821697706077
184500000	1.0541486523257335
184750000	1.052282954691757
185000000	1.0502256366745566
185250000	1.0479778693899386
185500000	1.0455409652402279
185750000	1.0429163760617777
186000000	1.040105687427991
186250000	1.0371106092003775
186500000	1.0339329624628268
186750000	1.030574663014902
187000000	1.0270377016374375
187250000	1.0233241213770374
187500000	1.0194359921244494
187750000	1.015375382784664
188000000	1.011144331353715
188250000	1.0067450558006572
188500000	1.0021809130373063
188750000	0.9974543602626197
189000000	0.9925678128289807
189250000	0.9875238480335672
189500000	0.9823252097606865
189750000	0.9769748093427687
190000000	0.9714757227040137
190250000	0.9658311838896412
190500000	0.9600445751246554
190750000	0.9541194135877563
191000000	0.9480593351273678
191250000	0.9418680751865401
191500000	0.9355494472406423
191750000	0.9291073190853646
192000000	0.9225455873418799
192250000	0.9158681505705643
192500000	0.9090788814042495
192750000	0.9021815981266221
193000000	0.8951800361315312
193250000	0.8880781997072444
193500000	0.880881966691167
193750000	0.8735955663904252
194000000	0.8662231117340944
194250000	0.8587689703553081
194500000	0.851237759527895
194750000	0.8436343377971335
195000000	0.8359637935149253
195250000	0.8282314305344838
195500000	0.8204427513655295
195750000	0.812603438136658
196000000	0.8047193317557494
196250000	0.7967964097008937
196500000	0.7888407629123303
196750000	0.7808585722895327
197000000	0.7728560853263322
197250000	0.7648395934405635
197500000	0.7568154105732399
197750000	0.7487898536460307
198000000	0.7407692254755135
198250000	0.7327603829775189
198500000	0.7247721422198242
198750000	0.7168113724575262
199000000	0.7088850634566937
199250000	0.7010006059751136
199500000	0.6931657724965222
199750000	0.685388694610585
200000000	0.6776778373484855
200250000	0.6700419708400781
200500000	0.6624901397138524
200750000	0.6550316307136123
201000000	0.6476759390539484
201250000	0.6404327340786504
201500000	0.6333118248206469
201750000	0.6263231260876242
202000000	0.6194766257132095
202250000	0.6127823536187561
202500000	0.6062503533250184
202750000	0.5998906565361841
203000000	0.5937132613910169
203250000	0.5877286380258043
203500000	0.5819484312757655
203750000	0.5763827572972143
204000000	0.5710417724371061
204250000	0.5659357400061981
204500000	0.5610749422004
204750000	0.5564695884121316
205000000	0.5521297213066602
205250000	0.5480651222208556
205500000	0.5442852175977351
205750000	0.5407989882888802
206000000	0.5376148836280061
206250000	0.5347407421938387
206500000	0.5321837211320694
206750000	0.5299502357906127
207000000	0.5280459112390774
207250000	0.5264755469956143
207500000	0.5252430959793805
207750000	0.5243516583557453
208000000	0.5238034905582452
208250000	0.523600042879436
208500000	0.5237419142750693
208750000	0.5242287589528514
209000000	0.5250593861744282
209250000	0.5262317345793949
209500000	0.5277428542846793
209750000	0.5295889048112314
210000000	0.5317651687887487
210250000	0.5342660809671521
210500000	0.5370852716654354
210750000	0.5402156234316542
211000000	0.5436493393865327
211250000	0.5473780214880531
211500000	0.5513927567915076
211750000	0.5556842096906892
212000000	0.5602427181086315
212250000	0.5650583916546271
212500000	0.5701212098692332
212750000	0.5754211188299488
213000000	0.5809481245752933
213250000	0.5866916218480133
213500000	0.5926401535011074
213750000	0.598783620622448
214000000	0.6051118891672345
214250000	0.6116147640601028
214500000	0.6182820156714224
214750000	0.625103409792723
215000000	0.632068740480959
215250000	0.6391678651173824
215500000	0.6463907410145715
215750000	0.6537274629045471
216000000	0.6611683006516643
216250000	0.6687037365554285
216500000	0.6763245016396884
216750000	0.6840216103646202
217000000	0.6917863932450732
217250000	0.6996105269116074
217500000	0.7074860612070638
217750000	0.7154054429699093
218000000	0.7233615362139406
218250000	0.7313465294673509
218500000	0.739351614405134
218750000	0.7473701457497197
219000000	0.7553955349107251
219250000	0.7634211947050092
219500000	0.7714405565124147
219750000	0.7794470898554149
220000000	0.7874343237974676
220250000	0.7953958695648843
220500000	0.8033254438116589
220750000	0.8112168919664827
221000000	0.8190642111263161
221250000	0.8268615719913297
221500000	0.8346033393713796
221750000	0.8422840908338243
222000000	0.8498986331055228
222250000	0.8574420158872249
222500000	0.8649095427850465
222750000	0.872296779110045
223000000	0.8795995563417257
223250000	0.886812811659092
223500000	0.8939309311827198
223750000	0.9009500642904554
224000000	0.9078662871747685
224250000	0.9146756056537679
224500000	0.9213739831852964
224750000	0.9279573687516719
225000000	0.9344217241718686
225250000	0.9407630504099509
225500000	0.9469774124652098
225750000	0.9530609624509578
226000000	0.9590099604953362
226250000	0.9648207931284422
226500000	0.9704899888550753
226750000	0.9760142306505909
227000000	0.9813903651577983
227250000	0.9866154084044412
227500000	0.9916865479023761
227750000	0.996601141029944
228000000	1.0013567096370433
228250000	1.0059500854040868
228500000	1.010378169844912
228750000	1.014638819668567
229000000	1.0187298366665123
229250000	1.0226489979637985
229500000	1.0263940854552214
229750000	1.0299629131469183
230000000	1.033353352084731
230250000	1.0365633525691815
230500000	1.0395909633811413
230750000	1.0424343477718674
231000000	1.0450917960054131
231250000	1.0475617342796806
231500000	1.0498427298934945
231750000	1.0519334925699293
232000000	1.0538328718894023
232250000	1.055539850828514
232500000	1.0570535354410735
232750000	1.0583731407549746
233000000	1.0594979729917366
233250000	1.0604272682544167
233500000	1.0611604201666995
233750000	1.0616970985672232
234000000	1.0620370174268596
234250000	1.0621799585333953
234500000	1.0621257923894252
234750000	1.0618744956630364
235000000	1.0614261650223766
235250000	1.0607810272177205
235500000	1.0599394453116022
235750000	1.0589019209980841
236000000	1.0576690929951176
236250000	1.0562417315379997
236500000	1.0546207290458363
236750000	1.05280708707537
237000000	1.0508018997163417
237250000	1.0486063336185725
237500000	1.046221604872312
237750000	1.0436489529893709
238000000	1.040889615650578
238250000	1.0379454735008031
238500000	1.0348184399302338
238750000	1.0315101069025505
239000000	1.0280221939060665
239250000	1.024356559463349
239500000	1.0205152088126503
239750000	1.0165002977384299
240000000	1.012314132564456
240250000	1.0079591663622767
240500000	1.0034379914691824
240750000	0.9987533284519456
241000000	0.9939080116943961
241250000	0.9889049718270805
241500000	0.9837472152547146
241750000	0.9784378010709324
242000000	0.9729798156791006
242250000	0.9673763454621999
242500000	0.9616304478636435
242750000	0.955745121254409
243000000	0.9497232895123817
243250000	0.9435693039637127
243500000	0.9372871808710186
243750000	0.9308801612893525
244000000	0.9243516917175405
244250000	0.9177054244805593
244500000	0.910945214512179
244750000	0.9040751126691113
245000000	0.897099355748372
245250000	0.8900223534219561
245500000	0.8828486723459974
245750000	0.8755830177441839
246000000	0.8682302128061674
246250000	0.8607951762800014
246500000	0.8532828986724115
246750000	0.8456984175012765
247000000	0.8380467920707011
247250000	0.8303330782603507
247500000	0.8225623038375214
247750000	0.8147394448132335
248000000	0.8068694352273623
248250000	0.798959196604955
248500000	0.7910149677785383
248750000	0.7830420652031882
249000000	0.7750461446978372
249250000	0.7670331920044969
249500000	0.7590095101628691
249750000	0.7509817039602102
250000000	0.7429566617659352
250250000	0.7349415351107804
250500000	0.726943716419854
250750000	0.7189708153560359
251000000	0.7110306342735038
251250000	0.7031311433193905
251500000	0.6952804557535963
251750000	0.6874868040817919
252000000	0.6797585176140317
252250000	0.6721040020708912
252500000	0.6645317218606185
252750000	0.6570501856446694
253000000	0.6496680194736784
253250000	0.642395870984561
253500000	0.6352433685079723
253750000	0.6282196439602004
254000000	0.6213342278494809
254250000	0.6145970040633426
254500000	0.6080181597637168
254750000	0.6016081308310869
255000000	0.5953775434056867
255250000	0.5893371521823995
255500000	0.583497776223153
255750000	0.5778702331526333
256000000	0.5724652726961247
256250000	0.567293510598305
256500000	0.5623653640249001
256750000	0.5576909895914032
257000000	0.5532802251812314
257250000	0.5491425367067116
257500000	0.5452869709279959
257750000	0.5417221153760953
258000000	0.538456094834844
258250000	0.5354973021462055
258500000	0.5328531063583677
258750000	0.5305300026560047
259000000	0.5285339266902516
259250000	0.5268701555066737
259500000	0.5255432171887475
259750000	0.5245568114932612
260000000	0.5239137435586303
260250000	0.5236158724810323
260500000	0.5236640761849799
260750000	0.5240582335789611
261000000	0.5247972245025964
261250000	0.5258789474626077
261500000	0.5273003546459565
261750000	0.5290575032149986
262000000	0.5311456214545018
262250000	0.5335591879734478
262500000	0.5362920218798998
262750000	0.5393373816534057
263000000	0.5426880026253297
263250000	0.5463352598575596
263500000	0.5502706239142677
263750000	0.5544854118408125
264000000	0.5589705045727522
264250000	0.5637163842325417
264500000	0.5687131783948907
264750000	0.5739507103401532
265000000	0.5794185542454692
265250000	0.5851060942220312
265500000	0.5910025860926877
265750000	0.5970972208154262
266000000	0.6033791884925049
266250000	0.6098377419592426
266500000	0.6164622590173456
266750000	0.6232423024616405
267000000	0.6301676771426081
267250000	0.6372284834065984
267500000	0.6444151663576319
267750000	0.6517185604860966
268000000	0.6591296564354081
268250000	0.6666376986517791
268500000	0.674233746423904
268750000	0.6819094168505028
269000000	0.6896563654607668
269250000	0.6974662990987069
269500000	0.705330992307351
269750000	0.7132423065968498
270000000	0.7211922119731743
270250000	0.7291728101039526
270500000	0.7371763585054687
270750000	0.7451952951500252
271000000	0.7532222629155878
271250000	0.7612501333294546
271500000	0.7692720290938931
271750000	0.7772813449232884
272000000	0.785271766268161
272250000	0.7932372855500721
272500000	0.8011722155814477
272750000	0.8090711998941833
273000000	0.816928926951391
273250000	0.8247381338243502
273500000	0.8324934736702366
273750000	0.8401900874775026
274000000	0.8478230528141546
274250000	0.855387407303856
274500000	0.862878173267607
274750000	0.8702903830116278
275000000	0.8776191042534641
275250000	0.8848594651934202
275500000	0.8920066787578533
275750000	0.8990560655649484
276000000	0.9060030751923167
276250000	0.9128433053588513
276500000	0.919572518670166
276750000	0.9261866566168124
277000000	0.9326818505564076
277250000	0.9390544294536236
277500000	0.9453009241945858
277750000	0.951418068333349
278000000	0.9574024475308615
278250000	0.963249381032926
278500000	0.9689557844809322
278750000	0.9745187427978195
279000000	0.979935271993354
279250000	0.9852023497202648
279500000	0.9903169446956629
279750000	0.9952760446123341
280000000	1.000076682176246
280250000	1.0047159589237256
280500000	1.0091910664942643
280750000	1.013499305062646
281000000	1.0176380986665476
281250000	1.0216050072022032
281500000	1.0253977349002348
281750000	1.029014135135222
282000000	1.0324522114648391
282250000	1.0357101148362198
282500000	1.0387861369373421
282750000	1.041678699708647
283000000	1.0443862035106148
283250000	1.046906600080165
283500000	1.049238604908544
283750000	1.0513810425390844
284000000	1.0533327526600855
284250000	1.0550926169827703
284500000	1.056659583282166
284750000	1.0580326863490832
285000000	1.0592110656254503
285250000	1.060193979324902
285500000	1.0609808148751148
285750000	1.0615710955570665
286000000	1.061964483258148
286250000	1.062160777299671
286500000	1.0621599093435
286750000	1.0619619344260347
287000000	1.0615670182092307
287250000	1.060975420576673
287500000	1.0601874757368495
287750000	1.0592035690248855
288000000	1.0580241981028955
288250000	1.0566502539873541
288500000	1.055082498093397
288750000	1.0533217453747135
289000000	1.051368915449093
289250000	1.0492250476918943
289500000	1.0468913125700618
289750000	1.044369019135964
290000000	1.0416596186362512
290250000	1.0387647042303758
290500000	1.0356860068552398
290750000	1.0324253873154812
291000000	1.028984824721864
291250000	1.0253664014419304
291500000	1.0215722847661999
291750000	1.017604705528778
292000000	1.0134659339523064
292250000	1.0091582530130896
292500000	1.0046839296425425
292750000	1.0000451840956983
293000000	0.9952446563377186
293250000	0.990285954912018
293500000	0.985171627631417
293750000	0.979904308708959
294000000	0.9744868031889703
294250000	0.9689220896304063
294500000	0.9632133190565824
294750000	0.9573638102599704
295000000	0.9513770415905287
295250000	0.945256639397399
295500000	0.939006363335624
295750000	0.9326300887905866
296000000	0.9261317867120591
296250000	0.9195155011860103
296500000	0.912785325104846
296750000	0.9059453743248568
297000000	0.8989997607229758
297250000	0.8919525645833529
297500000	0.8848078067579682
297750000	0.877569421055017
298000000	0.8702419745966151
298250000	0.8628315531337418
298500000	0.8553424291353652
298750000	0.8477789980658613
299000000	0.8401459241075009
299250000	0.8324481334584238
299500000	0.8246908044257067
299750000	0.8168793545478868
300000000	0.8090194250274558
300250000	0.8011168628006919
300500000	0.7931777006184173
300750000	0.7852081355556076
301000000	0.7772145064090574
301250000	0.7692032704795924
301500000	0.761180980267818
301750000	0.753154260639631
302000000	0.745129787039474
302250000	0.7371142653456688
302500000	0.7291144139735061
302750000	0.7211369488387548
303000000	0.7131896064486748
303250000	0.7052814038189984
303500000	0.697419520857829
303750000	0.6896114853843884
304000000	0.6818652333207773
304250000	0.6741890851550139
304500000	0.6665917189024555
304750000	0.6590821398936267
305000000	0.6516696477764261
305250000	0.6443638011795597
305500000	0.6371743805399285
305750000	0.6301113496477104
306000000	0.6231848165072306
306250000	0.6164049941479101
306500000	0.6097821620462271
306750000	0.6033266288357004
307000000	0.5970486969865768
307250000	0.5909586301297842
307500000	0.5850666236804821
307750000	0.5793827793853782
308000000	0.5739178349715732
308250000	0.5686830811637155
308500000	0.5636884329848761
308750000	0.558943829552389
309000000	0.5544591760866915
309250000	0.5502442457693095
309500000	0.5463085798496431
309750000	0.5426613877629239
310000000	0.5393114491790312
310250000	0.5362670200120105
310500000	0.5335357444717405
310750000	0.5311245752230351
311000000	0.5290397036271167
311250000	0.5272865018733509
311500000	0.5258694785671343
311750000	0.5247922490293968
312000000	0.5240575211953084
312250000	0.5236670975895653
312500000	0.5236218934211438
312750000	0.5239219704016818
313000000	0.5245664897446333
313250000	0.5255536477172957
313500000	0.5268809162351461
313750000	0.5285449464240274
314000000	0.5305415572636153
314250000	0.5328657413390772
314500000	0.5355116851419651
314750000	0.5384728032713201
315000000	0.5417417855476024
315250000	0.5453106557581108
315500000	0.54917084051324
315750000	0.5533132465152846
316000000	0.5577283444285318
316250000	0.5624062574906862
316500000	0.5673368530175307
316750000	0.5725098350186865
317000000	0.5779148362541402
317250000	0.5835415082091313
317500000	0.589379607638996
317750000	0.5954190785255219
318000000	0.6016488691413224
318250000	0.6080578072146626
318500000	0.6146359735412679
318750000	0.6213734216773298
319000000	0.6282601962735157
319250000	0.6352863558810414
319500000	0.642441999061815
319750000	0.6497172931956124
320000000	0.6571025053564851
320250000	0.6645880346206001
320500000	0.6721644451685488
320750000	0.6798224995565161
321000000	0.6875531915520898
321250000	0.6953477779610239
321500000	0.7031978089098673
321750000	0.7110951560946146
322000000	0.719032038555889
322250000	0.727001045594867
322500000	0.7349951564993782
322750000	0.743007756804531
323000000	0.7510309904437733
323250000	0.7590569179370065
323500000	0.7670793747158298
323750000	0.7750921721845906
324000000	0.7830891126224254
324250000	0.7910640081437661
324500000	0.7990107016892813
324750000	0.8069230894589341
325000000	0.8147951442110942
325250000	0.8226209388682912
325500000	0.8303946698917187
325750000	0.8381106799132049
326000000	0.8457634791449329
326250000	0.8533477651233222
326500000	0.8608584403835027
326750000	0.8682906277038352
327000000	0.8756396826048752
327250000	0.8829012028328512
327500000	0.8900710346028656
327750000	0.8971452705133623
328000000	0.9041186280988501
328250000	0.9109862637310703
328500000	0.917744546545039
328750000	0.9243897516397155
329000000	0.9309180887826868
329250000	0.9373257310896519
329500000	0.9436088432449532
329750000	0.9497636088379533
330000000	0.9557862564029376
330250000	0.9616730837679425
330500000	0.9674204803406462
330750000	0.9730249469870877
331000000	0.9784831131911041
331250000	0.9837917512183272
331500000	0.9889477870475174
331750000	0.9939483078728731
332000000	0.9987905660226428
332250000	1.003471979180656
332500000	1.0079901268371323
332750000	1.0123427250567063
333000000	1.016526635170828
333250000	1.020539316328304
333500000	1.0243788057548415
333750000	1.0280431006395596
334000000	1.0315301886983612
334250000	1.0348380767139658
334500000	1.037964816736053
334750000	1.0409085296402354
335000000	1.0436674257656366
335250000	1.0462398223775915
335500000	1.048624157733844
335750000	1.050819001568992
336000000	1.0528230618517531
336250000	1.0546351877119005
336500000	1.0562543684771433
336750000	1.05767972880358
337000000	1.0589105199253166
337250000	1.0599461070882676
337500000	1.0607859532689097
337750000	1.0614295973793415
338000000	1.0618765602869251
338250000	1.0621266024611928
338500000	1.0621796250678068
338750000	1.0620355883585835
339000000	1.0616945339200503
339250000	1.0611566035202442
339500000	1.0604220543812792
339750000	1.0594912707349522
340000000	1.0583647715532445
340250000	1.0570432143842392
340500000	1.0555273952655975
340750000	1.053818244731221
341000000	1.0519168199707103
341250000	1.049824293244514
341500000	1.0475419366988648
341750000	1.0450711037626799
342000000	1.0424132073424173
342250000	1.0395696950597164
342500000	1.0365420217998822
342750000	1.0333316671782344
343000000	1.0299409861751017
343250000	1.0263719906531354
343500000	1.0226264980741697
343750000	1.0187064635474468
344000000	1.0146139892370285
344250000	1.0103513299322235
344500000	1.005920894783605
344750000	1.0013252452444772
345000000	0.9965670892976235
345250000	0.9916492720887597
345500000	0.9865747631300752
345750000	0.9813466402784133
346000000	0.9759680707318003
346250000	0.9704422893241587
346500000	0.9647725744302019
346750000	0.9589622218200026
347000000	0.9530145168251147
347250000	0.9469327051952244
347500000	0.9407199630362131
347750000	0.9343794710489541
348000000	0.9279161301140066
348250000	0.9213338688654836
348500000	0.9146361522786555
348750000	0.907826662468601
349000000	0.9009092973697883
349250000	0.8938881658931771
349500000	0.8867675797152328
349750000	0.8795520418948863
350000000	0.8722462325577518
350250000	0.8648549919305817
350500000	0.8573833010518256
350750000	0.8498362605250914
351000000	0.8422190677203447
351250000	0.8345369928619419
351500000	0.8267953544725216
351750000	0.8189994946670361
352000000	0.8111547548117644
352250000	0.8032664520792755
352500000	0.7953398574426332
352750000	0.7873803560029607
353000000	0.7793955601119036
353250000	0.7713916100714949
353500000	0.76337422915112
353750000	0.7553494970687845
354000000	0.7473238383656672
354250000	0.7393040076275311
354500000	0.731297071831399
354750000	0.7233103901468553
355000000	0.7153515915725088
355250000	0.7074285508378316
355500000	0.6995493630472223
355750000	0.6917223175852169
356000000	0.683955871837969
356250000	0.6762586253153149
356500000	0.6686392947790942
356750000	0.6611066909962977
357000000	0.6536696977397725
357250000	0.6463372536545919
357500000	0.6391183375950175
357750000	0.632022212421001
358000000	0.6250600869359969
358250000	0.6182416838554029
358500000	0.6115766113111873
358750000	0.605074830026362
359000000	0.5987465978156467
359250000	0.5926024090466634
359500000	0.5866529296500695
359750000	0.5809089283982068
360000000	0.575381205303083
360250000	0.5700805181111334
360500000	0.5650175079890284
360750000	0.5602026255965085
361000000	0.5556460588232603
361250000	0.5513576635219731
361500000	0.5473468985940018
361750000	0.5436227667734831
362000000	0.5401937624072092
362250000	0.5370678274394489
362500000	0.5342523166831458
362750000	0.5317540486404277
363000000	0.5295798070715081
363250000	0.5277351496062934
363500000	0.5262248302059213
363750000	0.5250528961828002
364000000	0.5242226045924058
364250000	0.5237363508916756
364500000	0.5235956117478313
364750000	0.5238009035430495
365000000	0.5243517577103091
365250000	0.5252467135716582
365500000	0.5264833288537688
365750000	0.5280582075513256
366000000	0.5299670443212907
366250000	0.5322046841440279
366500000	0.5347651956009929
366750000	0.5376419558090598
367000000	0.540827744828854
367250000	0.5443148472330521
367500000	0.5480951584790233
367750000	0.5521600768041668
368000000	0.5564996507484056
368250000	0.5611045302354525
368500000	0.5659652131168075
368750000	0.5710718830955639
369000000	0.5764144473317432
369250000	0.5819825794230655
369500000	0.5877657668833818
369750000	0.5937533622008884
370000000	0.5999346365389978
370250000	0.6062988351432673
370500000	0.6128352335367557
370750000	0.6195331936216795
371000000	0.6263822188552038
371250000	0.6333720077292354
371500000	0.6404925048556503
371750000	0.6477339490368806
372000000	0.6550869177845094
372250000	0.6625423678329174
372500000	0.6700916712785252
372750000	0.6777261005335785
373000000	0.6854353230966004
373250000	0.6932111320611372
373500000	0.701045630933141
373750000	0.7089309569241943
374000000	0.7168592945595309
374250000	0.7248228925371248
374500000	0.732814083214639
374750000	0.7408253041000923
375000000	0.7488491207275743
375250000	0.7568782503116039
375500000	0.7649055855929121
375750000	0.7729242183144043
376000000	0.7809274617983892
376250000	0.7889088721341347
376500000	0.7968622675274972
376750000	0.8047817454105917
377000000	0.8126616969579105
377250000	0.8204968187045247
377500000	0.8282821210105548
377750000	0.8360123410704168
378000000	0.8436805722400563
378250000	0.8512820428000535
378500000	0.8588121580651926
378750000	0.8662662566014797
379000000	0.8736396352248537
379250000	0.8809275747796712
379500000	0.8881253661991142
379750000	0.895228336361348
380000000	0.9022318732708834
380250000	0.9091314501147234
380500000	0.9159226477676995
380750000	0.9226011753508522
381000000	0.9291628884803984
381250000	0.9356038048821309
381500000	0.9419201170861528
381750000	0.9481082019586554
382000000	0.954164626869881
382250000	0.9600861523392701
382500000	0.9658697310389127
382750000	0.9715119299056616
383000000	0.9770084764374268
383250000	0.9823566218165726
383500000	0.9875536268539731
383750000	0.9925966953477829
384000000	0.9974830045542648
384250000	1.0022097342406062
384500000	1.006774093959142
384750000	1.0111733481959402
385000000	1.0154048390657444
385250000	1.0194660062497922
385500000	1.023354403902666
385750000	1.0270677142885192
386000000	1.030603757944921
386250000	1.0339605002131727
386500000	1.0371360540160792
386750000	1.0401286788066855
387000000	1.0429367756530425
387250000	1.0455588784635859
387500000	1.0479936413940005
387750000	1.050239627457636
388000000	1.052295178737463
388250000	1.0541592953412038
388500000	1.0558310236869834
388750000	1.0573094411838055
389000000	1.0585936815826587
389250000	1.059682957296065
389500000	1.060576578455347
389750000	1.0612739685016335
390000000	1.0617746761386786
390250000	1.0620783835121963
390500000	1.0621849105207177
390750000	1.062094215205775
391000000	1.0618063902133381
391250000	1.0613216553625004
391500000	1.0606403464001881
391750000	1.0597629000608813
392000000	1.0586898355868903
392250000	1.0574217328966702
392500000	1.0559592076152868
392750000	1.05430308821731
393000000	1.0524545945817392
393250000	1.050414700341825
393500000	1.0481844638810487
393750000	1.0457650590138428
394000000	1.0431577879116303
394250000	1.0403640902168567
394500000	1.0373855482910102
394750000	1.0342238885798958
395000000	1.0308809791197593
395250000	1.0273588232500641
395500000	1.0236595496416165
395750000	1.019785398791062
396000000	1.0157387061732783
396250000	1.011521882280776
396500000	1.0071373898128173
396750000	1.0025877183058622
397000000	0.9978753565204787
397250000	0.9930027629178143
397500000	0.9879723345710345
397750000	0.9827872192953263
398000000	0.9774511339069494
398250000	0.9719667691200342
398500000	0.9663369776074264
398750000	0.9605647916038467
399000000	0.9546534237350587
399250000	0.9486062641744288
399500000	0.9424268742397619
399750000	0.9361189765838007
400000000	0.9296864421735677
400250000	0.9231332742956148
400500000	0.9164635898650594
400750000	0.9096815983549332
401000000	0.9027915786978639
401250000	0.895797854543706
401500000	0.8887047682838095
401750000	0.8815166542749342
402000000	0.874237811713331
402250000	0.8668724776225669
402500000	0.8594248004278531
402750000	0.8519000336930689
403000000	0.8443042764036034
403250000	0.8366419681154127
403500000	0.8289178088185348
403750000	0.8211367818697183
404000000	0.8133041456762529
404250000	0.8054254222755248
404500000	0.7975063830682245
404750000	0.7895530320105658
405000000	0.7815715866185742
405250000	0.773568457184134
405500000	0.7655502246467357
405750000	0.7575236176055897
406000000	0.7494954889929982
406250000	0.7414727929608365
406500000	0.7334625625572249
406750000	0.7254718887897733
407000000	0.7175079016852263
407250000	0.7095777539633438
407500000	0.7016886079460207
407750000	0.6938491878510495
408000000	0.6860685182828693
408250000	0.6783542518553132
408500000	0.6707144727408919
408750000	0.663157673438985
409000000	0.6556927259763243
409250000	0.6483288494001584
409500000	0.6410755739181572
409750000	0.6339427021054371
410000000	0.6269402676643034
410250000	0.6200784922843178
410500000	0.6133677412071378
410750000	0.6068184781502772
411000000	0.6004412202847669
411250000	0.5942464939921215
411500000	0.5882447921447285
411750000	0.5824465336597444
412000000	0.5768620260691198
412250000	0.571501431826973
412500000	0.5663747390400887
412750000	0.5614926974865054
413000000	0.5568659044748413
413250000	0.5525038515449084
413500000	0.5484159375318616
413750000	0.5446113653230963
414000000	0.5410990372505524
414250000	0.5378874514443979
414500000	0.5349846012575371
414750000	0.5323978799587886
415000000	0.5301339929111846
415250000	0.528198879391905
415500000	0.5265976460669954
415750000	0.5253345139071414
416000000	0.5244127800254663
416250000	0.5238347955449157
416500000	0.5236019601764881
416750000	0.5237147337294311
417000000	0.5241726643022362
417250000	0.524974432441413
417500000	0.5261179098861052
417750000	0.5275999162106526
418000000	0.5294164373452609
418250000	0.5315629140947735
418500000	0.5340340271943921
418750000	0.5368237088469688
419000000	0.53992516738313
419250000	0.5433309242952248
419500000	0.547032862618651
419750000	0.551022285399838
420000000	0.5552899828059207
420250000	0.559826306301015
420500000	0.5646212482389869
420750000	0.5696645252010575
421000000	0.57494566343444
421250000	0.5804540848195183
421500000	0.5861791919006024
421750000	0.5921104506509903
422000000	0.5982374697986715
422250000	0.6045500757064095
422500000	0.6110383488771947
422750000	0.6176909543989575
423000000	0.6244973094759207
423250000	0.6314477815451811
423500000	0.6385327472559388
423750000	0.6457426086771051
424000000	0.6530678132710178
424250000	0.6604988770548866
424500000	0.6680264103457638
424750000	0.6756411454687384
425000000	0.6833339658020475
425250000	0.6910959355368235
425500000	0.6989183295430631
425750000	0.7067926627565543
426000000	0.7147107185330841
426250000	0.7226645754552251
426500000	0.7306466321219659
426750000	0.7386496295009041
427000000	0.7466666704749848
427250000	0.7546912362690601
427500000	0.762717163371519
427750000	0.7707365149337889
428000000	0.7787422994062071
428250000	0.7867287324117204
428500000	0.7946899927222429
428750000	0.8026202407498232
429000000	0.8105136392485596
429250000	0.8183643756486519
429500000	0.826166685454231
429750000	0.8339148761503872
430000000	0.8416033510828764
430250000	0.8492266327967701
430500000	0.8567793853479951
430750000	0.8642564351340788
431000000	0.8716527898270922
431250000	0.8789636550319792
431500000	0.8861844483363477
431750000	0.8933108104622168
432000000	0.9003386132750262
432250000	0.9072639644491424
432500000	0.9140831256431381
432750000	0.920790746120814
433000000	0.9273826721730233
433250000	0.9338554597832259
433500000	0.9402055766644094
433750000	0.9464294317303775
434000000	0.9525234042141872
434250000	0.9584838720164849
434500000	0.9643072388757382
434750000	0.9699899599662919
435000000	0.9755285655491448
435250000	0.9809196823244193
435500000	0.9861600521634776
435750000	0.991246547931956
436000000	0.9961761861519751
436250000	1.0009461362914593
436500000	1.0055537265097811
436750000	1.0099964457307116
437000000	1.0142719419546427
437250000	1.0183780167611423
437500000	1.0223125493363487
437750000	1.0260725931015129
438000000	1.0296560380358792
438250000	1.033061112547414
438500000	1.0362860207081834
438750000	1.039328971997876
439000000	1.0421882087801688
439250000	1.04486203121137
439500000	1.047348819298537
439750000	1.049647051847857
440000000	1.0517553220731974
440250000	1.053672349668775
440500000	1.0553969891880202
440750000	1.056928234611965
441000000	1.05826522003359
441250000	1.0594072164283492
441500000	1.0603536245242333
441750000	1.0611039638259472
442000000	1.0616578578859497
442250000	1.0620150159491917
442500000	1.0621752101373654
442750000	1.0621383089512202
443000000	1.0619043769477257
443250000	1.0614735526568984
443500000	1.0608460478261277
443750000	1.060022167714195
444000000	1.0590023278558824
444250000	1.057787067149188
444500000	1.0563770571490638
444750000	1.0547731074879656
445000000	1.0529761673834979
445250000	1.0509873232358526
445500000	1.0488077923614498
445750000	1.046438912952848
446000000	1.0438821303973267
446250000	1.0411389801263506
446500000	1.038211067204264
446750000	1.0351000428961619
447000000	1.031807578481158
447250000	1.0283353365978574
447500000	1.0246850824608809
447750000	1.0208595774371874
448000000	1.016860942738082
448250000	1.0126912186143635
448500000	1.008352592300882
448750000	1.003847405420692
449000000	0.9991781575609879
449250000	0.9943475060480005
449500000	0.9893582619861754
449750000	0.984213382667437
450000000	0.9789159604980427
450250000	0.9734692086322214
450500000	0.9678764435422959
450750000	0.9621410647931729
451000000	0.9562665323239399
451250000	0.9502563415700127
451500000	0.9441139967852153
451750000	0.9378429829439913
452000000	0.93144673661959
452250000	0.9249286162447806
452500000	0.9182921352069369
452750000	0.9115426134566312
453000000	0.9046839635180074
453250000	0.8977198824264705
453500000	0.8906542966252716
453750000	0.8834913590493526
454000000	0.8762354427707264
454250000	0.8688911313824754
454500000	0.861463206341294
454750000	0.8539566315326862
455000000	0.8463765353672399
455250000	0.8387281907595929
455500000	0.8310169933827078
455750000	0.8232484386278612
456000000	0.8154280977345811
456250000	0.8075615935840691
456500000	0.799654576674172
456750000	0.791712701813734
457000000	0.7837416060895398
457250000	0.7757468886706723
457500000	0.7677345074372595
457750000	0.7597125577667779
458000000	0.7516872637351522
458250000	0.7436647882895943
458500000	0.7356516672215478
458750000	0.7276547950866183
459000000	0.719681407965917
459250000	0.7117390633632461
459500000	0.7038356175848896
459750000	0.6959792010007579
460000000	0.6881781916355557
460250000	0.6804411875848032
460500000	0.6727769787914402
460750000	0.6651945187529716
461000000	0.6577028967555674
461250000	0.6503113112492998
461500000	0.6430290449872125
461750000	0.6358654425498393
462000000	0.6288298908661005
462250000	0.6219318033214061
462500000	0.6151810725851197
462750000	0.6085892014407678
463000000	0.6021660736172817
463250000	0.5959216634222366
463500000	0.5898662297159576
463750000	0.5840102489459853
464000000	0.5783643432571998
464250000	0.572939204484676
464500000	0.5677455149934125
464750000	0.5627938664811624
465000000	0.5580946780010475
465250000	0.5536581145823586
465500000	0.5494940079236795
465750000	0.5456117806952331
466000000	0.5420203760108314
466250000	0.5387281936088663
466500000	0.5357430342127751
466750000	0.5330720534229035
467000000	0.5307217263243538
467250000	0.5286978237826733
467500000	0.5270055035961435
467750000	0.5256495265356103
468000000	0.5246334368256155
468250000	0.5239599697595954
468500000	0.5236310464339594
468750000	0.5236477117516919
469000000	0.5240100872713384
469250000	0.524717340148019
469500000	0.5257676689803106
469750000	0.5271583069061547
470000000	0.5288855418048716
470250000	0.5309447529844324
470500000	0.5333304632863225
470750000	0.5360364051451427
471000000	0.5390555988131938
471250000	0.5423804407133597
471500000	0.5460027997229218
471750000	0.5499141191171347
472000000	0.5541055219101234
472250000	0.5585679174132415
472500000	0.5632916482921592
472750000	0.5682659160624592
473000000	0.573480879213963
473250000	0.5789265535613148
473500000	0.584592749373945
473750000	0.5904691063205019
474000000	0.5965451327169145
474250000	0.6028102483111581
474500000	0.6092538298102386
474750000	0.615865258343141
475000000	0.6226339680568843
475250000	0.6295494950605529
475500000	0.6366015259629303
475750000	0.6437799452917878
476000000	0.6510748811351609
476250000	0.6584767484052111
476500000	0.6659762891914766
476750000	0.6735646097402314
477000000	0.6812332136681865
477250000	0.688974031089631
477500000	0.6967785571281504
477750000	0.7046370452771129
478000000	0.7125419393310434
478250000	0.7204858222023238
478500000	0.7284613017037521
478750000	0.7364610253327083
479000000	0.744477698009723
479250000	0.752504102148814
479500000	0.7605331194412689
479750000	0.7685577537445201
480000000	0.7765711544838411
480250000	0.7845666399969144
480500000	0.7925377202797981
480750000	0.8004781186269875
481000000	0.808381791697482
481250000	0.8162429475820696
481500000	0.8240560614933105
481750000	0.8318158887476466
482000000	0.8395174747573381
482250000	0.8471561617970513
482500000	0.8547266462649195
482750000	0.8622225442218747
483000000	0.869639509845193
483250000	0.876973193480775
483500000	0.8842191773636625
483750000	0.8913730018946211
484000000	0.8984301923322032
484250000	0.9053862854231776
484500000	0.9122368555061753
484750000	0.9189775396395767
485000000	0.9256040613254941
485250000	0.9321122524272882
485500000	0.9384980729082392
485750000	0.9447576280532916
486000000	0.9508871828735259
486250000	0.9568831734332695
486500000	0.9627422148814704
486750000	0.9684611060110327
487000000	0.9740368302109861
487250000	0.9794665527155377
487500000	0.9847468142293692
487750000	0.9898738437964356
488000000	0.994845141381809
488250000	0.9996581493257934
488500000	1.0043102656018372
488750000	1.0087988739921072
489000000	1.013121372575911
489250000	1.0172752001855048
489500000	1.0212578604993214
489750000	1.0250669434637782
490000000	1.0287001437613836
490250000	1.0321552760744441
490500000	1.0354302869295577
490750000	1.0385232629473344
491000000	1.041432435363395
491250000	1.044156180729366
491500000	1.0466930177451852
491750000	1.0490416002152019
492000000	1.051200706159253
492250000	1.0531692231449152
492500000	1.054945901756707
492750000	1.0565294974062265
493000000	1.057919259855872
493250000	1.059114466727831
493500000	1.0601144417042319
493750000	1.060918578217561
494000000	1.0615263599342832
494250000	1.061937377823413
494500000	1.0621513436309817
494750000	1.0621680996156084
495000000	1.0619876244388067
495250000	1.0616100351452435
495500000	1.0610355852117324
495750000	1.0602646586880065
496000000	1.0592977604959781
496250000	1.0581355029959563
496500000	1.0567785889669892
496750000	1.0552277911830648
497000000	1.0534839287965145
497250000	1.0515478407640022
497500000	1.0494207459637916
497750000	1.0471041216694352
498000000	1.044599159315506
498250000	1.0419071599800902
498500000	1.0390295498382014
498750000	1.035967890957671
499000000	1.032723888251612
499250000	1.0292993925599485
499500000	1.0256963998708204
499750000	1.0219170467336394
500000000	1.0179636019579088