0.	1.830127018922193e-7	0.	0.	-4.387457894537952e-12
414110.4749380471	1.8223602471653656e-7	-1.8159832584256329e-6	-3.743574352621484e-15	-4.380873499602052e-12
828220.9498760942	1.799244925085431e-7	-3.626516933374109e-6	-7.398231204773e-15	-4.361147478163078e-12
1.2423314248141414e6	1.761325526513253e-7	-5.426173914482127e-6	-1.0880082013848173e-14	-4.328361145372384e-12
1.6564418997521885e6	1.7094755861655217e-7	-7.209571892922148e-6	-1.4114773592567452e-14	-4.282649444815221e-12
2.0705523746902356e6	1.6448504770442735e-7	-8.971395401693728e-6	-1.704103512513609e-14	-4.2242000813006636e-12
2.4846628496282827e6	1.5688280091785735e-7	-0.000010706417426840247	-1.9612980257695776e-14	-4.153252317295723e-12
2.89877332456633e6	1.4829422821153795e-7	-0.000012409520452358611	-2.180106153396271e-14	-4.070095443409476e-12
3.312883799504377e6	1.388816274842739e-7	-0.000014075716806462334	-2.3591751212692157e-14	-3.975066936132721e-12
3.726994274442424e6	1.2880980442460812e-7	-0.000015700168182885006	-2.4986162144055902e-14	-3.868550318710633e-12
4.141104749380471e6	1.1824043227621249e-7	-0.00001727820421801342	-2.5997906969830426e-14	-3.7509727435443845e-12
4.555215224318518e6	1.0732739968981503e-7	-0.000018805340012748822	-2.6650520335168826e-14	-3.622802316858623e-12
4.969325699256565e6	9.621326363501998e-8	-0.00002027729249703253	-2.6974746046847806e-14	-3.4845451885123545e-12
5.383436174194613e6	8.502681006418634e-8	-0.000021689995544851697	-2.700593512341104e-14	-3.3367424317510293e-12
5.79754664913266e6	7.388163776550626e-8	-0.000023039613758166527	-2.6781728945976866e-14	-3.1799667393789504e-12
6.211657124070707e6	6.287562389964667e-8	-0.000024322554849470058	-2.6340129199940697e-14	-3.014818964257827e-12
6.625767599008754e6	5.209110109480542e-8	-0.000025535480564497056	-2.571799331824699e-14	-2.8419245331959493e-12
7.039878073946801e6	4.159557046069303e-8	-0.00002667531609882648	-2.4949946034109147e-14	-2.6619297641724865e-12
7.453988548884848e6	3.1442785943580965e-8	-0.00002773925797465504	-2.4067665621129718e-14	-2.4754981174348697e-12
7.868099023822895e6	2.167406668445476e-8	-0.000028724780356738377	-2.309948584771399e-14	-2.2833064113090867e-12
8.282209498760942e6	1.2319720064186385e-8	-0.000029629639799279003	-2.207024856371421e-14	-2.086041033570956e-12
8.696319973698989e6	3.4004848946776616e-9	-0.00003045187842826591	-2.1001343747495245e-14	-1.8843941789416996e-12
9.110430448637037e6	-5.071070911538634e-9	-0.000031189825576318526	-1.991088063942298e-14	-1.6790601426972616e-12
9.524540923575085e6	-1.3089242369689161e-8	-0.00003184209789933857	-1.8813942768223882e-14	-1.4707316995243177e-12
9.93865139851313e6	-2.0653995808534965e-8	-0.00003240759801611335	-1.7722889448227292e-14	-1.2600965956261538e-12
1.0352761873451177e7	-2.7769906718027946e-8	-0.000032885511723330886	-1.6647675547338353e-14	-1.0478341806907267e-12
1.0766872348389225e7	-3.4445230198877105e-8	-0.00003327530384915706	-1.5596169375988904e-14	-8.346122046958738e-13
1.1180982823327273e7	-4.069110023291731e-8	-0.00003357671281848848	-1.4574455177353394e-14	-6.210838026598645e-13
1.159509329826532e7	-4.652084951932512e-8	-0.000033789744012140855	-1.3587111901612423e-14	-4.078846883687906e-13
1.2009203773203366e7	-5.1949439027865354e-8	-0.00003391466201047927	-1.2637463853286203e-14	-1.9563057584692299e-13
1.2423314248141414e7	-5.699298520901177e-8	-0.000033951981819269854	-1.172780160667534e-14	1.5085155094462225e-14
1.2837424723079462e7	-6.166837256041238e-8	-0.00003390245918176918	-1.0859573502945182e-14	2.2369353546538992e-13
1.3251535198017508e7	-6.59929396546051e-8	-0.00003376708008621516	-1.0033549274562159e-14	4.2965181478356393e-13
1.3665645672955554e7	-6.998422753727237e-8	-0.00003354704958189965	-9.249958064123922e-15	6.324449915319316e-13
1.4079756147893602e7	-7.365978042815532e-8	-0.00003324378001985832	-8.50860345984369e-15	8.315870609115082e-13
1.449386662283165e7	-7.703698977109519e-8	-0.00003285887883588921	-7.808958273363056e-15	1.0266219772746169e-12
1.4907977097769696e7	-8.013297380014953e-8	-0.00003239413599410096	-7.150241724247116e-15	1.2171243314859063e-12
1.5322087572707742e7	-8.296448586112656e-8	-0.00003185151120850105	-6.531481533629675e-15	1.4026997462930597e-12
1.573619804764579e7	-8.554784572058273e-8	-0.00003123312105828047	-5.951563212792296e-15	1.5829849955675121e-12
1.6150308522583839e7	-8.789888899159541e-8	-0.00003054122610946289	-5.409268592488652e-15	1.7576478559697617e-12
1.6564418997521885e7	-9.003293060243014e-8	-0.000029778218151505173	-4.903305396351956e-15	1.926386702177183e-12
1.697852947245993e7	-9.196473893244382e-8	-0.000028946607652311485	-4.432329429698706e-15	2.0889298592586455e-12
1.7392639947397977e7	-9.370851784521614e-8	-0.000028049011529019213	-3.994960740842177e-15	2.2450347280655815e-12
1.7806750422336027e7	-9.527789437019905e-8	-0.000027088141324901003	-3.589794919180919e-15	2.3944867016105557e-12
1.8220860897274073e7	-9.668591023023297e-8	-0.000026066791874885072	-3.2154105237913186e-15	2.5370978923013644e-12
1.863497137221212e7	-9.79450157922378e-8	-0.0000249878305336139	-2.8703734873557042e-15	2.672705691572385e-12
1.904908184715017e7	-9.906706534089689e-8	-0.0000238541870307354	-2.5532392113547473e-15	2.8011711848891564e-12
1.9463192322088216e7	-1.0006331284805333e-7	-0.000022668844008352293	-2.2625529573920183e-15	2.9223774462831367e-12
1.987730279702626e7	-1.0094440764073884e-7	-0.000021434828285352908	-1.9968490439531487e-15	3.0362277374900146e-12
2.0291413271964308e7	-1.0172038956418665e-7	-0.000020155202882820877	-1.7546492754976761e-15	3.1426436374083054e-12
2.0705523746902354e7	-1.0240068339782759e-7	-0.00001883305983398601	-1.5344609593507733e-15	3.2415631279597043e-12
2.1119634221840404e7	-1.029940924162687e-7	-0.00001747151379135152	-1.3347748034425004e-15	3.332938662515778e-12
2.153374469677845e7	-1.035087910969716e-7	-0.000016073696432828893	-1.1540629328412002e-15	3.4167352428572497e-12
2.1947855171716496e7	-1.0395231706451642e-7	-0.000014642751658047839	-9.90777213840578e-16	3.4929285301553035e-12
2.2361965646654546e7	-1.0433156243016412e-7	-0.00001318183155559989	-8.433480299705707e-16	3.561503014714691e-12
2.2776076121592592e7	-1.0465276473671889e-7	-0.000011694093111929307	-7.101836138724756e-16	3.622450268204777e-12
2.319018659653064e7	-1.0492149775395527e-7	-0.000010182695623014006	-5.896700019269846e-16	3.67576730083806e-12
2.3604297071468685e7	-1.0514266239042562e-7	-8.650798760982253e-6	-4.801716444989105e-16	3.721455044450229e-12
2.401840754640673e7	-1.0532047799452766e-7	-7.101561239483702e-6	-3.8003267351085297e-16	3.759516980707697e-12
2.443251802134478e7	-1.0545847431246363e-7	-5.5381400140652004e-6	-2.8757880078802585e-16	3.789957931736431e-12
2.4846628496282827e7	-1.0555948435438918e-7	-3.963689947072585e-6	-2.0111979536072306e-16	3.812783028350417e-12
2.5260738971220873e7	-1.0562563839391841e-7	-2.3813638607796286e-6	-1.1895246588562144e-16	3.82799686878191e-12
2.5674849446158923e7	-1.0565835929160859e-7	-7.943128975985534e-7	-3.936405581582698e-17	3.835602878402815e-12
2.608895992109697e7	-1.0565835929160859e-7	7.943128975986019e-7	3.936405581582938e-17	3.835602878402815e-12
2.6503070396035016e7	-1.0562563839391842e-7	2.381363860779663e-6	1.1895246588562356e-16	3.82799686878191e-12
2.691718087097306e7	-1.0555948435438918e-7	3.9636899470726194e-6	2.0111979536072537e-16	3.812783028350416e-12
2.7331291345911108e7	-1.054584743124636e-7	5.538140014065234e-6	2.875788007880282e-16	3.78995793173643e-12
2.7745401820849158e7	-1.053204779945277e-7	7.101561239483736e-6	3.8003267351085356e-16	3.759516980707696e-12
2.8159512295787204e7	-1.0514266239042562e-7	8.6507987609823e-6	4.801716444989138e-16	3.721455044450227e-12
2.857362277072525e7	-1.0492149775395527e-7	0.000010182695623014039	5.896700019269874e-16	3.675767300838059e-12
2.89877332456633e7	-1.0465276473671888e-7	0.000011694093111929354	7.101836138724789e-16	3.6224502682047754e-12
2.9401843720601346e7	-1.0433156243016408e-7	0.000013181831555599935	8.433480299705731e-16	3.561503014714689e-12
2.9815954195539393e7	-1.0395231706451644e-7	0.000014642751658047871	9.90777213840581e-16	3.4929285301553015e-12
3.023006467047744e7	-1.0350879109697159e-7	0.00001607369643282892	1.154062932841205e-15	3.4167352428572477e-12
3.0644175145415485e7	-1.0299409241626866e-7	0.000017471513791351552	1.3347748034424996e-15	3.3329386625157756e-12
3.1058285620353535e7	-1.0240068339782756e-7	0.00001883305983398604	1.53446095935078e-15	3.2415631279597023e-12
3.147239609529158e7	-1.0172038956418663e-7	0.000020155202882820904	1.7546492754976824e-15	3.142643637408303e-12
3.1886506570229627e7	-1.0094440764073883e-7	0.000021434828285352935	1.996849043953156e-15	3.036227737490012e-12
3.2300617045167677e7	-1.0006331284805326e-7	0.00002266884400835233	2.2625529573920293e-15	2.922377446283133e-12
3.2714727520105723e7	-9.906706534089686e-8	0.000023854187030735438	2.553239211354757e-15	2.8011711848891524e-12
3.312883799504377e7	-9.794501579223775e-8	0.000024987830533613935	2.8703734873557176e-15	2.6727056915723808e-12
3.3542948469981816e7	-9.668591023023295e-8	0.0000260667918748851	3.215410523791326e-15	2.5370978923013615e-12
3.395705894491986e7	-9.527789437019907e-8	0.000027088141324901023	3.589794919180925e-15	2.394486701610554e-12
3.437116941985791e7	-9.370851784521614e-8	0.00002804901152901923	3.994960740842183e-15	2.24503472806558e-12
3.4785279894795954e7	-9.19647389324438e-8	0.000028946607652311488	4.4323294296987104e-15	2.088929859258645e-12
3.5199390369734004e7	-9.003293060243009e-8	0.00002977821815150519	4.9033053963519644e-15	1.9263867021771793e-12
3.5613500844672054e7	-8.789888899159533e-8	0.00003054122610946291	5.409268592488668e-15	1.7576478559697567e-12
3.60276113196101e7	-8.554784572058268e-8	0.00003123312105828048	5.951563212792308e-15	1.582984995567509e-12
3.644172179454815e7	-8.29644858611265e-8	0.000031851511208501065	6.531481533629691e-15	1.4026997462930558e-12
3.68558322694862e7	-8.013297380014944e-8	0.00003239413599410097	7.150241724247135e-15	1.2171243314858998e-12
3.726994274442424e7	-7.70369897710951e-8	0.00003285887883588922	7.808958273363072e-15	1.0266219772746118e-12
3.768405321936229e7	-7.365978042815522e-8	0.00003324378001985833	8.508603459843718e-15	8.315870609115013e-13
3.809816369430034e7	-6.998422753727221e-8	0.00003354704958189966	9.249958064123953e-15	6.324449915319236e-13
3.851227416923838e7	-6.599293965460503e-8	0.00003376708008621517	1.0033549274562168e-14	4.2965181478356136e-13
3.892638464417643e7	-6.166837256041224e-8	0.00003390245918176919	1.0859573502945207e-14	2.236935354653845e-13
3.934049511911447e7	-5.6992985209011724e-8	0.000033951981819269854	1.1727801606675354e-14	1.508515509445959e-14
3.975460559405252e7	-5.194943902786526e-8	0.00003391466201047927	1.2637463853286216e-14	-1.956305758469267e-13
4.016871606899057e7	-4.652084951932495e-8	0.00003378974401214085	1.3587111901612447e-14	-4.0788468836879703e-13
4.0582826543928616e7	-4.069110023291719e-8	0.00003357671281848847	1.4574455177353416e-14	-6.210838026598691e-13
4.0996937018866666e7	-3.444523019887693e-8	0.000033275303849157046	1.5596169375988935e-14	-8.346122046958794e-13
4.141104749380471e7	-2.776990671802784e-8	0.00003288551172333087	1.664767554733837e-14	-1.0478341806907304e-12
4.182515796874276e7	-2.065399580853478e-8	0.00003240759801611334	1.7722889448227317e-14	-1.2600965956261596e-12
4.223926844368081e7	-1.3089242369688852e-8	0.00003184209789933854	1.8813942768223926e-14	-1.4707316995243258e-12
4.265337891861885e7	-5.07107091153842e-9	0.000031189825576318506	1.9910880639423005e-14	-1.6790601426972669e-12
4.30674893935569e7	3.4004848946777795e-9	0.000030451878428265898	2.100134374749526e-14	-1.8843941789417024e-12
4.348159986849495e7	1.2319720064186617e-8	0.00002962963979927898	2.2070248563714238e-14	-2.0860410335709612e-12
4.389571034343299e7	2.1674066684454906e-8	0.000028724780356738363	2.3099485847714e-14	-2.2833064113090896e-12
4.430982081837104e7	3.14427859435812e-8	0.00002773925797465501	2.4067665621129736e-14	-2.4754981174348737e-12
4.472393129330909e7	4.159557046069337e-8	0.000026675316098826443	2.494994603410918e-14	-2.661929764172493e-12
4.5138041768247135e7	5.209110109480564e-8	0.000025535480564497035	2.5717993318247004e-14	-2.8419245331959534e-12
4.5552152243185185e7	6.287562389964703e-8	0.000024322554849470018	2.6340129199940716e-14	-3.014818964257832e-12
4.596626271812323e7	7.388163776550654e-8	0.000023039613758166497	2.6781728945976885e-14	-3.1799667393789532e-12
4.638037319306128e7	8.502681006418664e-8	0.000021689995544851657	2.7005935123411047e-14	-3.3367424317510337e-12
4.679448366799933e7	9.621326363502042e-8	0.000020277292497032477	2.69747460468478e-14	-3.4845451885123598e-12
4.720859414293737e7	1.0732739968981537e-7	0.000018805340012748778	2.6650520335168817e-14	-3.6228023168586267e-12
4.762270461787542e7	1.1824043227621268e-7	0.00001727820421801339	2.5997906969830388e-14	-3.750972743544387e-12
4.803681509281346e7	1.2880980442460825e-7	0.00001570016818288499	2.4986162144055877e-14	-3.8685503187106335e-12
4.845092556775151e7	1.3888162748427408e-7	0.000014075716806462305	2.3591751212692138e-14	-3.975066936132723e-12
4.886503604268956e7	1.4829422821153822e-7	0.000012409520452358569	2.1801061533962665e-14	-4.070095443409478e-12
4.9279146517627604e7	1.568828009178575e-7	0.000010706417426840219	1.9612980257695738e-14	-4.153252317295724e-12
4.9693256992565654e7	1.6448504770442753e-7	8.971395401693686e-6	1.7041035125136023e-14	-4.224200081300665e-12
5.0107367467503704e7	1.7094755861655233e-7	7.20957189292209e-6	1.4114773592567354e-14	-4.282649444815223e-12
5.052147794244175e7	1.7613255265132545e-7	5.426173914482085e-6	1.0880082013848096e-14	-4.328361145372385e-12
5.09355884173798e7	1.7992449250854328e-7	3.6265169333740513e-6	7.398231204772893e-15	-4.361147478163078e-12
5.134969889231785e7	1.8223602471653664e-7	1.8159832584255607e-6	3.743574352621338e-15	-4.380873499602053e-12
5.176380936725589e7	1.830127018922193e-7	-5.535486018359383e-20	-1.1451139279049847e-28	-4.387457894537952e-12
5.217791984219394e7	1.8223602471653654e-7	-1.8159832584256714e-6	-3.7435743526215625e-15	-4.380873499602052e-12
5.259203031713198e7	1.7992449250854307e-7	-3.62651693337413e-6	-7.398231204773046e-15	-4.3611474781630765e-12
5.300614079207003e7	1.761325526513252e-7	-5.426173914482162e-6	-1.0880082013848238e-14	-4.328361145372383e-12
5.342025126700808e7	1.7094755861655201e-7	-7.2095718929221975e-6	-1.411477359256754e-14	-4.282649444815219e-12
5.383436174194612e7	1.6448504770442721e-7	-8.97139540169376e-6	-1.704103512513614e-14	-4.224200081300663e-12
5.424847221688417e7	1.5688280091785714e-7	-0.000010706417426840293	-1.961298025769583e-14	-4.1532523172957206e-12
5.4662582691822216e7	1.482942282115378e-7	-0.000012409520452358642	-2.1801061533962757e-14	-4.070095443409474e-12
5.5076693166760266e7	1.388816274842736e-7	-0.000014075716806462378	-2.35917512126922e-14	-3.975066936132719e-12
5.5490803641698316e7	1.2880980442460783e-7	-0.00001570016818288506	-2.498616214405594e-14	-3.868550318710629e-12
5.590491411663636e7	1.1824043227621225e-7	-0.000017278204218013458	-2.5997906969830432e-14	-3.750972743544381e-12
5.631902459157441e7	1.0732739968981471e-7	-0.00001880534001274887	-2.6650520335168855e-14	-3.6228023168586186e-12
5.673313506651246e7	9.621326363501976e-8	-0.00002027729249703256	-2.697474604684782e-14	-3.4845451885123513e-12
5.71472455414505e7	8.502681006418617e-8	-0.000021689995544851714	-2.700593512341104e-14	-3.336742431751027e-12
5.756135601638855e7	7.388163776550603e-8	-0.00002303961375816655	-2.6781728945976863e-14	-3.1799667393789468e-12
5.79754664913266e7	6.287562389964635e-8	-0.000024322554849470096	-2.6340129199940687e-14	-3.0148189642578215e-12
5.838957696626464e7	5.209110109480516e-8	-0.000025535480564497086	-2.5717993318246966e-14	-2.8419245331959453e-12
5.880368744120269e7	4.159557046069272e-8	-0.00002667531609882651	-2.4949946034109125e-14	-2.6619297641724813e-12
5.9217797916140735e7	3.1442785943580774e-8	-0.000027739257974655055	-2.4067665621129692e-14	-2.475498117434866e-12
5.9631908391078785e7	2.1674066684454516e-8	-0.0000287247803567384	-2.309948584771396e-14	-2.2833064113090815e-12
6.0046018866016835e7	1.2319720064186041e-8	-0.00002962963979927903	-2.2070248563714172e-14	-2.0860410335709483e-12
6.046012934095488e7	3.4004848946773903e-9	-0.000030451878428265932	-2.1001343747495213e-14	-1.8843941789416935e-12
6.087423981589293e7	-5.07107091153893e-9	-0.000031189825576318547	-1.9910880639422932e-14	-1.6790601426972541e-12
6.128835029083097e7	-1.308924236968919e-8	-0.000031842097899338577	-1.8813942768223882e-14	-1.4707316995243167e-12
6.170246076576902e7	-2.06539958085351e-8	-0.00003240759801611336	-1.7722889448227273e-14	-1.2600965956261501e-12
6.211657124070707e7	-2.7769906718028135e-8	-0.00003288551172333089	-1.6647675547338327e-14	-1.0478341806907213e-12
6.253068171564511e7	-3.444523019887721e-8	-0.000033275303849157067	-1.5596169375988888e-14	-8.346122046958701e-13
6.294479219058316e7	-4.0691100232917446e-8	-0.000033576712818488485	-1.4574455177353375e-14	-6.210838026598598e-13
6.335890266552121e7	-4.65208495193253e-8	-0.000033789744012140855	-1.3587111901612389e-14	-4.0788468836878406e-13
6.3773013140459254e7	-5.194943902786548e-8	-0.00003391466201047927	-1.2637463853286176e-14	-1.956305758469175e-13
6.4187123615397304e7	-5.699298520901192e-8	-0.000033951981819269854	-1.1727801606675313e-14	1.5085155094468668e-14
6.4601234090335354e7	-6.166837256041254e-8	-0.00003390245918176918	-1.0859573502945157e-14	2.2369353546539714e-13
6.50153445652734e7	-6.599293965460522e-8	-0.00003376708008621516	-1.0033549274562135e-14	4.296518147835701e-13
6.542945504021145e7	-6.998422753727245e-8	-0.000033547049581899644	-9.249958064123906e-15	6.32444991531936e-13
6.584356551514949e7	-7.365978042815535e-8	-0.000033243780019858315	-8.508603459843689e-15	8.315870609115098e-13
6.625767599008754e7	-7.703698977109531e-8	-0.0000328588788358892	-7.808958273363031e-15	1.0266219772746235e-12
6.667178646502559e7	-8.013297380014965e-8	-0.00003239413599410093	-7.150241724247086e-15	1.2171243314859145e-12
6.708589693996363e7	-8.29644858611266e-8	-0.00003185151120850104	-6.531481533629662e-15	1.4026997462930635e-12
6.750000741490167e7	-8.554784572058277e-8	-0.000031233121058280456	-5.951563212792282e-15	1.5829849955675166e-12
6.791411788983972e7	-8.789888899159539e-8	-0.0000305412261094629	-5.409268592488654e-15	1.757647855969761e-12
6.832822836477777e7	-9.003293060243013e-8	-0.000029778218151505173	-4.903305396351952e-15	1.9263867021771833e-12
6.874233883971582e7	-9.196473893244384e-8	-0.000028946607652311468	-4.4323294296986955e-15	2.088929859258649e-12
6.915644931465387e7	-9.370851784521621e-8	-0.000028049011529019186	-3.994960740842165e-15	2.245034728065587e-12
6.957055978959191e7	-9.52778943701991e-8	-0.000027088141324901013	-3.589794919180925e-15	2.3944867016105553e-12
6.998467026452996e7	-9.668591023023299e-8	-0.00002606679187488507	-3.2154105237913174e-15	2.5370978923013648e-12
7.039878073946801e7	-9.794501579223776e-8	-0.00002498783053361389	-2.870373487355702e-15	2.6727056915723864e-12
7.081289121440606e7	-9.90670653408969e-8	-0.000023854187030735387	-2.5532392113547434e-15	2.801171184889158e-12
7.122700168934411e7	-1.0006331284805334e-7	-0.00002266884400835226	-2.2625529573920104e-15	2.9223774462831395e-12
7.164111216428216e7	-1.0094440764073887e-7	-0.00002143482828535286	-1.996849043953141e-15	3.036227737490019e-12
7.20552226392202e7	-1.0172038956418666e-7	-0.000020155202882820857	-1.7546492754976734e-15	3.1426436374083062e-12
7.246933311415824e7	-1.0240068339782757e-7	-0.00001883305983398598	-1.5344609593507705e-15	3.2415631279597063e-12
7.28834435890963e7	-1.029940924162687e-7	-0.000017471513791351494	-1.3347748034424948e-15	3.33293866251578e-12
7.329755406403434e7	-1.035087910969716e-7	-0.00001607369643282884	-1.1540629328411947e-15	3.416735242857253e-12
7.37116645389724e7	-1.0395231706451644e-7	-0.00001464275165804777	-9.907772138405715e-16	3.4929285301553067e-12
7.412577501391043e7	-1.0433156243016409e-7	-0.000013181831555599874	-8.433480299705675e-16	3.561503014714692e-12
7.453988548884848e7	-1.046527647367189e-7	-0.000011694093111929274	-7.101836138724738e-16	3.622450268204778e-12
7.495399596378653e7	-1.0492149775395526e-7	-0.00001018269562301396	-5.896700019269791e-16	3.675767300838062e-12
7.536810643872458e7	-1.0514266239042566e-7	-8.650798760982192e-6	-4.801716444989068e-16	3.7214550444502305e-12
7.578221691366263e7	-1.053204779945277e-7	-7.101561239483614e-6	-3.8003267351084666e-16	3.759516980707698e-12
7.619632738860068e7	-1.054584743124636e-7	-5.538140014065111e-6	-2.875788007880208e-16	3.789957931736432e-12
7.661043786353871e7	-1.0555948435438918e-7	-3.963689947072593e-6	-2.0111979536072434e-16	3.812783028350417e-12
7.702454833847676e7	-1.0562563839391842e-7	-2.381363860779622e-6	-1.1895246588562114e-16	3.82799686878191e-12
7.743865881341481e7	-1.0565835929160859e-7	-7.943128975985471e-7	-3.9364055815826633e-17	3.835602878402815e-12
7.785276928835286e7	-1.0565835929160857e-7	7.943128975986362e-7	3.936405581583111e-17	3.835602878402815e-12
7.826687976329091e7	-1.0562563839391841e-7	2.3813638607797107e-6	1.1895246588562598e-16	3.82799686878191e-12
7.868099023822895e7	-1.0555948435438918e-7	3.963689947072625e-6	2.0111979536072582e-16	3.812783028350416e-12
7.9095100713167e7	-1.0545847431246359e-7	5.538140014065254e-6	2.875788007880292e-16	3.78995793173643e-12
7.950921118810505e7	-1.0532047799452767e-7	7.101561239483757e-6	3.8003267351085553e-16	3.759516980707696e-12
7.99233216630431e7	-1.0514266239042562e-7	8.650798760982333e-6	4.801716444989159e-16	3.7214550444502265e-12
8.033743213798115e7	-1.0492149775395524e-7	0.0000101826956230141	5.896700019269909e-16	3.6757673008380574e-12
8.075154261291918e7	-1.0465276473671887e-7	0.000011694093111929359	7.101836138724813e-16	3.622450268204775e-12
8.116565308785723e7	-1.0433156243016408e-7	0.000013181831555599955	8.4334802997057445e-16	3.561503014714688e-12
8.157976356279528e7	-1.039523170645164e-7	0.0000146427516580479	9.907772138405845e-16	3.4929285301553007e-12
8.199387403773333e7	-1.0350879109697152e-7	0.000016073696432828965	1.154062932841212e-15	3.4167352428572457e-12
8.240798451267138e7	-1.0299409241626864e-7	0.00001747151379135162	1.3347748034425106e-15	3.3329386625157715e-12
8.282209498760942e7	-1.0240068339782756e-7	0.000018833059833986057	1.5344609593507836e-15	3.241563127959701e-12
8.323620546254747e7	-1.0172038956418662e-7	0.000020155202882820935	1.7546492754976891e-15	3.1426436374083014e-12
8.365031593748552e7	-1.009444076407388e-7	0.000021434828285352976	1.996849043953164e-15	3.0362277374900086e-12
8.406442641242357e7	-1.0006331284805325e-7	0.000022668844008352367	2.2625529573920384e-15	2.922377446283129e-12
8.447853688736162e7	-9.906706534089681e-8	0.00002385418703073549	2.553239211354775e-15	2.8011711848891463e-12
8.489264736229967e7	-9.79450157922377e-8	0.000024987830533613993	2.870373487355734e-15	2.6727056915723743e-12
8.53067578372377e7	-9.66859102302329e-8	0.00002606679187488513	3.2154105237913344e-15	2.5370978923013575e-12
8.572086831217575e7	-9.527789437019906e-8	0.000027088141324901033	3.58979491918093e-15	2.394486701610552e-12
8.61349787871138e7	-9.370851784521608e-8	0.00002804901152901924	3.994960740842187e-15	2.245034728065578e-12
8.654908926205185e7	-9.196473893244377e-8	0.000028946607652311515	4.432329429698725e-15	2.0889298592586403e-12
8.69631997369899e7	-9.003293060243004e-8	0.000029778218151505217	4.903305396351981e-15	1.926386702177174e-12
8.737731021192794e7	-8.789888899159536e-8	0.00003054122610946291	5.409268592488664e-15	1.7576478559697573e-12
8.779142068686599e7	-8.554784572058264e-8	0.00003123312105828049	5.951563212792316e-15	1.5829849955675067e-12
8.820553116180404e7	-8.296448586112646e-8	0.00003185151120850107	6.531481533629696e-15	1.4026997462930532e-12
8.861964163674209e7	-8.01329738001494e-8	0.00003239413599410098	7.150241724247146e-15	1.2171243314858974e-12
8.903375211168014e7	-7.7036989771095e-8	0.00003285887883588924	7.808958273363096e-15	1.0266219772746058e-12
8.944786258661819e7	-7.365978042815507e-8	0.00003324378001985834	8.50860345984374e-15	8.315870609114954e-13
8.986197306155622e7	-6.998422753727222e-8	0.00003354704958189966	9.249958064123945e-15	6.324449915319248e-13
9.027608353649427e7	-6.599293965460491e-8	0.00003376708008621517	1.0033549274562193e-14	4.2965181478355505e-13
9.069019401143232e7	-6.166837256041212e-8	0.00003390245918176919	1.0859573502945233e-14	2.2369353546537818e-13
9.110430448637037e7	-5.6992985209011486e-8	0.000033951981819269854	1.1727801606675394e-14	1.5085155094449502e-14
9.151841496130842e7	-5.1949439027865e-8	0.000033914662010479266	1.2637463853286258e-14	-1.9563057584693684e-13
9.193252543624645e7	-4.652084951932487e-8	0.00003378974401214085	1.358711190161246e-14	-4.0788468836879976e-13
9.23466359111845e7	-4.069110023291699e-8	0.000033576712818488465	1.4574455177353445e-14	-6.210838026598756e-13
9.276074638612255e7	-3.4445230198876734e-8	0.00003327530384915704	1.5596169375988964e-14	-8.34612204695886e-13
9.31748568610606e7	-2.7769906718027496e-8	0.00003288551172333086	1.6647675547338422e-14	-1.0478341806907405e-12
9.358896733599865e7	-2.0653995808534426e-8	0.00003240759801611331	1.772288944822737e-14	-1.2600965956261693e-12
9.400307781093669e7	-1.3089242369688759e-8	0.000031842097899338536	1.8813942768223942e-14	-1.4707316995243284e-12
9.441718828587474e7	-5.07107091153817e-9	0.00003118982557631848	1.9910880639423036e-14	-1.679060142697273e-12
9.483129876081279e7	3.400484894677879e-9	0.000030451878428265888	2.100134374749528e-14	-1.884394178941705e-12
9.524540923575084e7	1.2319720064186716e-8	0.00002962963979927897	2.207024856371425e-14	-2.0860410335709632e-12
9.565951971068889e7	2.167406668445521e-8	0.000028724780356738333	2.3099485847714033e-14	-2.2833064113090956e-12
9.607363018562692e7	3.1442785943581144e-8	0.000027739257974655018	2.4067665621129727e-14	-2.4754981174348733e-12
9.648774066056497e7	4.159557046069332e-8	0.000026675316098826447	2.4949946034109172e-14	-2.661929764172492e-12
9.690185113550302e7	5.209110109480578e-8	0.000025535480564497022	2.5717993318247007e-14	-2.8419245331959554e-12
9.731596161044107e7	6.287562389964718e-8	0.000024322554849470004	2.6340129199940725e-14	-3.014818964257835e-12
9.773007208537912e7	7.388163776550683e-8	0.00002303961375816646	2.6781728945976882e-14	-3.1799667393789585e-12
9.814418256031717e7	8.502681006418695e-8	0.000021689995544851616	2.7005935123411047e-14	-3.3367424317510378e-12
9.855829303525521e7	9.621326363502034e-8	0.00002027729249703248	2.6974746046847787e-14	-3.4845451885123594e-12
9.897240351019326e7	1.073273996898155e-7	0.00001880534001274876	2.665052033516881e-14	-3.6228023168586283e-12
9.938651398513131e7	1.1824043227621303e-7	0.000017278204218013346	2.5997906969830372e-14	-3.75097274354439e-12
9.980062446006936e7	1.2880980442460875e-7	0.000015700168182884915	2.4986162144055814e-14	-3.868550318710639e-12
1.0021473493500741e8	1.3888162748427453e-7	0.000014075716806462226	2.359175121269206e-14	-3.9750669361327276e-12
1.0062884540994544e8	1.4829422821153832e-7	0.000012409520452358547	2.1801061533962627e-14	-4.0700954434094784e-12
1.010429558848835e8	1.5688280091785777e-7	0.000010706417426840166	1.961298025769565e-14	-4.153252317295727e-12
1.0145706635982154e8	1.6448504770442774e-7	8.97139540169363e-6	1.704103512513594e-14	-4.224200081300668e-12
1.018711768347596e8	1.7094755861655252e-7	7.209571892922036e-6	1.4114773592567253e-14	-4.2826494448152245e-12
1.0228528730969764e8	1.7613255265132566e-7	5.426173914481999e-6	1.0880082013847937e-14	-4.328361145372386e-12
1.026993977846357e8	1.7992449250854342e-7	3.6265169333739645e-6	7.398231204772719e-15	-4.361147478163079e-12
1.0311350825957373e8	1.8223602471653664e-7	1.8159832584255374e-6	3.74357435262129e-15	-4.380873499602053e-12
1.0352761873451178e8	1.830127018922193e-7	-1.1070972036718767e-19	-2.2902278558099694e-28	-4.387457894537952e-12
1.0394172920944983e8	1.822360247165365e-7	-1.8159832584256945e-6	-3.743574352621611e-15	-4.380873499602051e-12
1.0435583968438788e8	1.7992449250854307e-7	-3.6265169333741847e-6	-7.398231204773158e-15	-4.3611474781630765e-12
1.0476995015932593e8	1.7613255265132508e-7	-5.426173914482217e-6	-1.088008201384834e-14	-4.328361145372382e-12
1.0518406063426396e8	1.7094755861655196e-7	-7.209571892922188e-6	-1.4114773592567521e-14	-4.28264944481522e-12
1.0559817110920201e8	1.6448504770442713e-7	-8.971395401693783e-6	-1.704103512513617e-14	-4.224200081300662e-12
1.0601228158414006e8	1.5688280091785703e-7	-0.000010706417426840313	-1.9612980257695855e-14	-4.1532523172957206e-12
1.0642639205907811e8	1.4829422821153758e-7	-0.000012409520452358693	-2.1801061533962807e-14	-4.070095443409471e-12
1.0684050253401616e8	1.3888162748427334e-7	-0.000014075716806462427	-2.3591751212692258e-14	-3.9750669361327155e-12
1.072546130089542e8	1.2880980442460788e-7	-0.000015700168182885054	-2.498616214405592e-14	-3.868550318710629e-12
1.0766872348389225e8	1.1824043227621208e-7	-0.000017278204218013478	-2.5997906969830445e-14	-3.75097274354438e-12
1.080828339588303e8	1.0732739968981459e-7	-0.000018805340012748886	-2.665052033516886e-14	-3.6228023168586174e-12
1.0849694443376835e8	9.621326363501939e-8	-0.00002027729249703261	-2.697474604684782e-14	-3.484545188512347e-12
1.089110549087064e8	8.502681006418564e-8	-0.000021689995544851782	-2.700593512341104e-14	-3.3367424317510196e-12
1.0932516538364443e8	7.388163776550586e-8	-0.000023039613758166575	-2.6781728945976854e-14	-3.1799667393789448e-12
1.0973927585858248e8	6.28756238996462e-8	-0.000024322554849470112	-2.6340129199940684e-14	-3.01481896425782e-12
1.1015338633352053e8	5.2091101094804846e-8	-0.000025535480564497124	-2.5717993318246954e-14	-2.84192453319594e-12
1.1056749680845858e8	4.159557046069244e-8	-0.000026675316098826545	-2.4949946034109103e-14	-2.6619297641724764e-12
1.1098160728339663e8	3.14427859435803e-8	-0.00002773925797465511	-2.406766562112965e-14	-2.475498117434857e-12
1.1139571775833468e8	2.1674066684454026e-8	-0.00002872478035673845	-2.3099485847713913e-14	-2.283306411309072e-12
1.1180982823327272e8	1.2319720064185924e-8	-0.000029629639799279044	-2.207024856371416e-14	-2.086041033570946e-12
1.1222393870821077e8	3.4004848946771384e-9	-0.000030451878428265956	-2.1001343747495182e-14	-1.8843941789416875e-12
1.1263804918314882e8	-5.0710709115391735e-9	-0.00003118982557631857	-1.9910880639422904e-14	-1.6790601426972479e-12
1.1305215965808687e8	-1.308924236968942e-8	-0.00003184209789933859	-1.881394276822385e-14	-1.4707316995243105e-12
1.1346627013302492e8	-2.0653995808535312e-8	-0.00003240759801611337	-1.7722889448227235e-14	-1.2600965956261439e-12
1.1388038060796295e8	-2.7769906718028105e-8	-0.0000328855117233309	-1.6647675547338334e-14	-1.047834180690722e-12
1.14294491082901e8	-3.4445230198877297e-8	-0.000033275303849157067	-1.5596169375988875e-14	-8.346122046958674e-13
1.1470860155783905e8	-4.069110023291752e-8	-0.000033576712818488485	-1.4574455177353363e-14	-6.210838026598571e-13
1.151227120327771e8	-4.652084951932537e-8	-0.00003378974401214086	-1.3587111901612376e-14	-4.0788468836878123e-13
1.1553682250771515e8	-5.194943902786564e-8	-0.00003391466201047927	-1.2637463853286146e-14	-1.95630575846911e-13
1.159509329826532e8	-5.699298520901207e-8	-0.000033951981819269854	-1.1727801606675286e-14	1.5085155094475e-14
1.1636504345759124e8	-6.16683725604125e-8	-0.00003390245918176918	-1.0859573502945159e-14	2.2369353546539613e-13
1.1677915393252929e8	-6.599293965460526e-8	-0.00003376708008621516	-1.0033549274562122e-14	4.2965181478357277e-13
1.1719326440746734e8	-6.998422753727255e-8	-0.00003354704958189964	-9.249958064123884e-15	6.32444991531942e-13
1.1760737488240539e8	-7.365978042815552e-8	-0.000033243780019858295	-8.508603459843653e-15	8.315870609115195e-13
1.1802148535734344e8	-7.70369897710954e-8	-0.000032858878835889176	-7.808958273363012e-15	1.0266219772746294e-12
1.1843559583228147e8	-8.013297380014964e-8	-0.00003239413599410094	-7.150241724247089e-15	1.2171243314859137e-12
1.1884970630721952e8	-8.29644858611267e-8	-0.000031851511208501024	-6.531481533629644e-15	1.402699746293069e-12
1.1926381678215757e8	-8.554784572058287e-8	-0.000031233121058280436	-5.951563212792266e-15	1.582984995567522e-12
1.1967792725709562e8	-8.789888899159553e-8	-0.00003054122610946285	-5.409268592488619e-15	1.7576478559697722e-12
1.2009203773203367e8	-9.003293060243029e-8	-0.000029778218151505115	-4.903305396351921e-15	1.9263867021771942e-12
1.205061482069717e8	-9.196473893244389e-8	-0.00002894660765231144	-4.432329429698682e-15	2.088929859258654e-12
1.2092025868190975e8	-9.370851784521624e-8	-0.00002804901152901916	-3.9949607408421504e-15	2.2450347280655912e-12
1.213343691568478e8	-9.527789437019918e-8	-0.00002708814132490095	-3.589794919180894e-15	2.3944867016105654e-12
1.2174847963178585e8	-9.668591023023308e-8	-0.000026066791874885	-3.2154105237912926e-15	2.537097892301374e-12
1.221625901067239e8	-9.794501579223783e-8	-0.000024987830533613857	-2.8703734873556912e-15	2.6727056915723905e-12
1.2257670058166194e8	-9.906706534089689e-8	-0.00002385418703073539	-2.553239211354746e-15	2.8011711848891572e-12
1.2299081105659999e8	-1.0006331284805333e-7	-0.000022668844008352262	-2.262552957392013e-15	2.922377446283139e-12
1.2340492153153804e8	-1.0094440764073887e-7	-0.000021434828285352864	-1.996849043953141e-15	3.0362277374900187e-12
1.2381903200647609e8	-1.017203895641867e-7	-0.00002015520288282082	-1.7546492754976667e-15	3.1426436374083095e-12
1.2423314248141414e8	-1.0240068339782761e-7	-0.000018833059833985942	-1.5344609593507623e-15	3.2415631279597095e-12
1.2464725295635219e8	-1.0299409241626871e-7	-0.00001747151379135145	-1.334774803442489e-15	3.3329386625157824e-12
1.2506136343129022e8	-1.0350879109697163e-7	-0.000016073696432828843	-1.1540629328411943e-15	3.4167352428572525e-12
1.2547547390622827e8	-1.0395231706451645e-7	-0.000014642751658047775	-9.907772138405711e-16	3.4929285301553063e-12
1.2588958438116632e8	-1.043315624301641e-7	-0.000013181831555599828	-8.43348029970563e-16	3.561503014714694e-12
1.2630369485610437e8	-1.0465276473671889e-7	-0.000011694093111929229	-7.101836138724704e-16	3.62245026820478e-12
1.2671780533104242e8	-1.0492149775395528e-7	-0.000010182695623013913	-5.896700019269775e-16	3.675767300838063e-12
1.2713191580598046e8	-1.0514266239042566e-7	-8.6507987609822e-6	-4.801716444989083e-16	3.72145504445023e-12
1.2754602628091851e8	-1.0532047799452768e-7	-7.1015612394836215e-6	-3.8003267351084764e-16	3.759516980707699e-12
1.2796013675585656e8	-1.054584743124636e-7	-5.538140014065118e-6	-2.875788007880207e-16	3.789957931736432e-12
1.2837424723079461e8	-1.0555948435438916e-7	-3.963689947072489e-6	-2.0111979536071827e-16	3.812783028350418e-12
1.2878835770573266e8	-1.0562563839391842e-7	-2.3813638607795176e-6	-1.1895246588561602e-16	3.8279968687819105e-12
1.2920246818067071e8	-1.056583592916086e-7	-7.943128975984427e-7	-3.936405581582138e-17	3.835602878402815e-12
1.2961657865560874e8	-1.0565835929160859e-7	7.943128975986846e-7	3.936405581583345e-17	3.835602878402815e-12
1.300306891305468e8	-1.056256383939184e-7	2.3813638607797594e-6	1.1895246588562795e-16	3.82799686878191e-12
1.3044479960548484e8	-1.055594843543892e-7	3.96368994707273e-6	2.0111979536073173e-16	3.812783028350414e-12
1.308589100804229e8	-1.054584743124636e-7	5.538140014065301e-6	2.8757880078803206e-16	3.789957931736429e-12
1.3127302055536094e8	-1.053204779945277e-7	7.101561239483803e-6	3.8003267351085957e-16	3.759516980707695e-12
1.3168713103029898e8	-1.0514266239042562e-7	8.650798760982326e-6	4.801716444989154e-16	3.7214550444502265e-12
1.3210124150523703e8	-1.0492149775395526e-7	0.000010182695623014145	5.896700019269943e-16	3.675767300838056e-12
1.3251535198017508e8	-1.0465276473671888e-7	0.000011694093111929459	7.101836138724896e-16	3.6224502682047714e-12
1.3292946245511313e8	-1.0433156243016405e-7	0.000013181831555600052	8.433480299705841e-16	3.5615030147146834e-12
1.3334357293005118e8	-1.039523170645164e-7	0.000014642751658047997	9.90777213840594e-16	3.492928530155296e-12
1.3375768340498921e8	-1.0350879109697156e-7	0.000016073696432828958	1.154062932841208e-15	3.416735242857246e-12
1.3417179387992726e8	-1.0299409241626864e-7	0.00001747151379135161	1.3347748034425086e-15	3.332938662515772e-12
1.345859043548653e8	-1.0240068339782755e-7	0.000018833059833986098	1.5344609593507883e-15	3.2415631279596982e-12
1.3500001482980335e8	-1.0172038956418662e-7	0.000020155202882820975	1.7546492754976935e-15	3.1426436374082978e-12
1.354141253047414e8	-1.0094440764073878e-7	0.000021434828285353016	1.9968490439531704e-15	3.0362277374900054e-12
1.3582823577967945e8	-1.0006331284805329e-7	0.00002266884400835232	2.2625529573920273e-15	2.922377446283134e-12
1.362423462546175e8	-9.906706534089678e-8	0.000023854187030735526	2.5532392113547832e-15	2.801171184889143e-12
1.3665645672955555e8	-9.794501579223776e-8	0.000024987830533613945	2.8703734873557196e-15	2.67270569157238e-12
1.3707056720449358e8	-9.668591023023293e-8	0.000026066791874885127	3.2154105237913336e-15	2.537097892301358e-12
1.3748467767943165e8	-9.5277894370199e-8	0.00002708814132490106	3.589794919180939e-15	2.394486701610548e-12
1.3789878815436968e8	-9.370851784521605e-8	0.000028049011529019268	3.9949607408422e-15	2.245034728065573e-12
1.3831289862930775e8	-9.196473893244369e-8	0.00002894660765231154	4.432329429698736e-15	2.0889298592586354e-12
1.3872700910424578e8	-9.003293060242997e-8	0.000029778218151505234	4.9033053963519944e-15	1.926386702177169e-12
1.3914111957918382e8	-8.789888899159536e-8	0.00003054122610946291	5.409268592488663e-15	1.7576478559697583e-12
1.3955523005412188e8	-8.554784572058248e-8	0.00003123312105828054	5.951563212792348e-15	1.582984995567495e-12
1.3996934052905992e8	-8.296448586112646e-8	0.00003185151120850107	6.5314815336296925e-15	1.4026997462930542e-12
1.4038345100399798e8	-8.01329738001492e-8	0.00003239413599410101	7.150241724247183e-15	1.217124331485885e-12
1.4079756147893602e8	-7.703698977109502e-8	0.00003285887883588923	7.808958273363091e-15	1.0266219772746068e-12
1.4121167195387408e8	-7.365978042815485e-8	0.00003324378001985836	8.508603459843789e-15	8.315870609114823e-13
1.4162578242881212e8	-6.998422753727213e-8	0.000033547049581899664	9.249958064123972e-15	6.324449915319185e-13
1.4203989290375015e8	-6.599293965460477e-8	0.00003376708008621518	1.0033549274562219e-14	4.2965181478354884e-13
1.4245400337868822e8	-6.166837256041199e-8	0.00003390245918176919	1.0859573502945258e-14	2.2369353546537192e-13
1.4286811385362625e8	-5.699298520901133e-8	0.00003395198181926986	1.1727801606675422e-14	1.5085155094443056e-14
1.4328222432856432e8	-5.194943902786485e-8	0.000033914662010479266	1.2637463853286287e-14	-1.9563057584694328e-13
1.4369633480350235e8	-4.652084951932451e-8	0.000033789744012140835	1.3587111901612521e-14	-4.0788468836881374e-13
1.441104452784404e8	-4.069110023291702e-8	0.000033576712818488465	1.457445517735344e-14	-6.210838026598746e-13
1.4452455575337845e8	-3.444523019887677e-8	0.00003327530384915704	1.5596169375988958e-14	-8.346122046958848e-13
1.449386662283165e8	-2.776990671802753e-8	0.00003288551172333086	1.6647675547338422e-14	-1.0478341806907397e-12
1.4535277670325455e8	-2.065399580853446e-8	0.00003240759801611332	1.7722889448227368e-14	-1.2600965956261685e-12
1.457668871781926e8	-1.308924236968852e-8	0.000031842097899338516	1.881394276822398e-14	-1.470731699524335e-12
1.4618099765313062e8	-5.071070911538501e-9	0.00003118982557631851	1.9910880639422992e-14	-1.6790601426972648e-12
1.465951081280687e8	3.4004848946784577e-9	0.00003045187842826584	2.1001343747495346e-14	-1.8843941789417186e-12
1.4700921860300672e8	1.2319720064186693e-8	0.000029629639799278973	2.2070248563714248e-14	-2.086041033570963e-12
1.474233290779448e8	2.1674066684455826e-8	0.000028724780356738275	2.3099485847714102e-14	-2.2833064113091086e-12
1.4783743955288282e8	3.1442785943581435e-8	0.000027739257974654988	2.4067665621129765e-14	-2.475498117434879e-12
1.4825155002782086e8	4.159557046069364e-8	0.000026675316098826413	2.49499460341092e-14	-2.661929764172498e-12
1.4866566050275892e8	5.20911010948061e-8	0.000025535480564496985	2.571799331824703e-14	-2.8419245331959606e-12
1.4907977097769696e8	6.28756238996475e-8	0.000024322554849469963	2.634012919994075e-14	-3.01481896425784e-12
1.4949388145263502e8	7.388163776550718e-8	0.000023039613758166415	2.6781728945976888e-14	-3.1799667393789637e-12
1.4990799192757306e8	8.502681006418733e-8	0.000021689995544851572	2.7005935123411044e-14	-3.3367424317510426e-12
1.503221024025111e8	9.621326363502033e-8	0.000020277292497032487	2.6974746046847806e-14	-3.4845451885123586e-12
1.5073621287744915e8	1.073273996898162e-7	0.000018805340012748663	2.665052033516878e-14	-3.6228023168586376e-12
1.511503233523872e8	1.1824043227621297e-7	0.000017278204218013352	2.5997906969830382e-14	-3.750972743544389e-12
1.5156443382732525e8	1.2880980442460941e-7	0.00001570016818288481	2.4986162144055732e-14	-3.8685503187106464e-12
1.519785443022633e8	1.3888162748427442e-7	0.000014075716806462236	2.3591751212692075e-14	-3.9750669361327276e-12
1.5239265477720135e8	1.4829422821153922e-7	0.000012409520452358378	2.180106153396243e-14	-4.070095443409487e-12
1.528067652521394e8	1.56882800917858e-7	0.000010706417426840114	1.9612980257695593e-14	-4.153252317295729e-12
1.5322087572707742e8	1.6448504770442753e-7	8.971395401693703e-6	1.7041035125136058e-14	-4.224200081300665e-12
1.536349862020155e8	1.7094755861655262e-7	7.2095718929219815e-6	1.4114773592567158e-14	-4.282649444815225e-12
1.5404909667695352e8	1.7613255265132542e-7	5.426173914482072e-6	1.0880082013848063e-14	-4.328361145372385e-12
1.544632071518916e8	1.7992449250854347e-7	3.62651693337391e-6	7.398231204772607e-15	-4.3611474781630805e-12
1.5487731762682962e8	1.8223602471653664e-7	1.8159832584255463e-6	3.7435743526213085e-15	-4.380873499602053e-12
1.5529142810176766e8	1.830127018922193e-7	-1.0185652251806884e-19	-2.107083681479111e-28	-4.387457894537952e-12
1.5570553857670572e8	1.8223602471653648e-7	-1.8159832584257498e-6	-3.743574352621724e-15	-4.380873499602051e-12
1.5611964905164376e8	1.799244925085429e-7	-3.6265169333742393e-6	-7.39823120477326e-15	-4.361147478163076e-12
1.5653375952658182e8	1.76132552651325e-7	-5.426173914482272e-6	-1.0880082013848448e-14	-4.328361145372381e-12
1.5694787000151986e8	1.7094755861655162e-7	-7.209571892922306e-6	-1.4114773592567723e-14	-4.282649444815216e-12
1.573619804764579e8	1.6448504770442721e-7	-8.971395401693774e-6	-1.7041035125136165e-14	-4.224200081300662e-12
1.5777609095139596e8	1.5688280091785653e-7	-0.000010706417426840429	-1.9612980257696016e-14	-4.153252317295715e-12
1.58190201426334e8	1.482942282115376e-7	-0.000012409520452358686	-2.180106153396279e-14	-4.070095443409471e-12
1.5860431190127206e8	1.3888162748427267e-7	-0.000014075716806462536	-2.3591751212692353e-14	-3.975066936132709e-12
1.590184223762101e8	1.2880980442460754e-7	-0.0000157001681828851	-2.498616214405596e-14	-3.8685503187106254e-12
1.5943253285114813e8	1.1824043227621175e-7	-0.000017278204218013525	-2.5997906969830467e-14	-3.7509727435443764e-12
1.598466433260862e8	1.0732739968981425e-7	-0.000018805340012748937	-2.665052033516888e-14	-3.6228023168586134e-12
1.6026075380102423e8	9.621326363501902e-8	-0.000020277292497032653	-2.6974746046847825e-14	-3.4845451885123424e-12
1.606748642759623e8	8.502681006418532e-8	-0.000021689995544851826	-2.7005935123411037e-14	-3.3367424317510147e-12
1.6108897475090033e8	7.388163776550515e-8	-0.000023039613758166663	-2.6781728945976822e-14	-3.1799667393789343e-12
1.6150308522583836e8	6.287562389964628e-8	-0.000024322554849470106	-2.634012919994068e-14	-3.0148189642578207e-12
1.6191719570077643e8	5.209110109480418e-8	-0.000025535480564497195	-2.5717993318246903e-14	-2.8419245331959283e-12
1.6233130617571446e8	4.1595570460692464e-8	-0.00002667531609882654	-2.4949946034109106e-14	-2.661929764172477e-12
1.6274541665065253e8	3.144278594358034e-8	-0.0000277392579746551	-2.4067665621129658e-14	-2.4754981174348576e-12
1.6315952712559056e8	2.1674066684454086e-8	-0.000028724780356738448	-2.309948584771392e-14	-2.2833064113090726e-12
1.635736376005286e8	1.2319720064186311e-8	-0.000029629639799279007	-2.2070248563714197e-14	-2.0860410335709548e-12
1.6398774807546666e8	3.400484894676876e-9	-0.00003045187842826598	-2.1001343747495154e-14	-1.884394178941681e-12
1.644018585504047e8	-5.071070911538847e-9	-0.00003118982557631854	-1.9910880639422945e-14	-1.6790601426972562e-12
1.6481596902534276e8	-1.3089242369689947e-8	-0.00003184209789933863	-1.8813942768223778e-14	-1.4707316995242965e-12
1.652300795002808e8	-2.0653995808535286e-8	-0.00003240759801611337	-1.7722889448227248e-14	-1.2600965956261449e-12
1.6564418997521883e8	-2.7769906718028314e-8	-0.000032885511723330906	-1.6647675547338302e-14	-1.0478341806907158e-12
1.660583004501569e8	-3.4445230198877495e-8	-0.00003327530384915708	-1.559616937598884e-14	-8.34612204695861e-13
1.6647241092509493e8	-4.0691100232917704e-8	-0.00003357671281848849	-1.4574455177353325e-14	-6.210838026598506e-13
1.66886521400033e8	-4.6520849519325547e-8	-0.00003378974401214087	-1.358711190161235e-14	-4.078846883687748e-13
1.6730063187497103e8	-5.19494390278658e-8	-0.00003391466201047928	-1.2637463853286115e-14	-1.956305758469046e-13
1.677147423499091e8	-5.699298520901222e-8	-0.000033951981819269854	-1.1727801606675261e-14	1.5085155094481448e-14
1.6812885282484713e8	-6.166837256041279e-8	-0.000033902459181769175	-1.08595735029451e-14	2.236935354654098e-13
1.6854296329978517e8	-6.599293965460525e-8	-0.00003376708008621516	-1.003354927456213e-14	4.2965181478357176e-13
1.6895707377472323e8	-6.998422753727283e-8	-0.00003354704958189962	-9.249958064123833e-15	6.324449915319552e-13
1.6937118424966127e8	-7.36597804281555e-8	-0.0000332437800198583	-8.508603459843656e-15	8.315870609115185e-13
1.6978529472459933e8	-7.70369897710956e-8	-0.00003285887883588915	-7.80895827336297e-15	1.0266219772746421e-12
1.7019940519953737e8	-8.013297380014975e-8	-0.00003239413599410092	-7.15024172424707e-15	1.2171243314859192e-12
1.706135156744754e8	-8.296448586112677e-8	-0.000031851511208501004	-6.531481533629628e-15	1.4026997462930748e-12
1.7102762614941347e8	-8.554784572058293e-8	-0.00003123312105828041	-5.951563212792251e-15	1.5829849955675273e-12
1.714417366243515e8	-8.789888899159545e-8	-0.00003054122610946288	-5.4092685924886415e-15	1.7576478559697654e-12
1.7185584709928957e8	-9.003293060243031e-8	-0.000029778218151505092	-4.9033053963519084e-15	1.9263867021771995e-12
1.722699575742276e8	-9.19647389324439e-8	-0.000028946607652311444	-4.432329429698689e-15	2.088929859258653e-12
1.7268406804916564e8	-9.370851784521622e-8	-0.000028049011529019166	-3.994960740842152e-15	2.2450347280655904e-12
1.730981785241037e8	-9.527789437019915e-8	-0.000027088141324900952	-3.589794919180897e-15	2.3944867016105642e-12
1.7351228899904174e8	-9.668591023023307e-8	-0.000026066791874885005	-3.215410523791293e-15	2.5370978923013737e-12
1.739263994739798e8	-9.794501579223788e-8	-0.000024987830533613823	-2.8703734873556853e-15	2.6727056915723945e-12
1.7434050994891784e8	-9.906706534089695e-8	-0.000023854187030735313	-2.553239211354726e-15	2.8011711848891653e-12
1.7475462042385587e8	-1.0006331284805335e-7	-0.00002266884400835227	-2.2625529573920127e-15	2.9223774462831383e-12
1.7516873089879394e8	-1.0094440764073893e-7	-0.000021434828285352783	-1.9968490439531254e-15	3.0362277374900256e-12
1.7558284137373197e8	-1.0172038956418668e-7	-0.000020155202882820826	-1.7546492754976667e-15	3.1426436374083095e-12
1.7599695184867004e8	-1.0240068339782764e-7	-0.00001883305983398585	-1.5344609593507496e-15	3.2415631279597156e-12
1.7641106232360807e8	-1.0299409241626867e-7	-0.000017471513791351457	-1.3347748034424901e-15	3.332938662515782e-12
1.768251727985461e8	-1.035087910969716e-7	-0.0000160736964328288	-1.1540629328411907e-15	3.416735242857255e-12
1.7723928327348417e8	-1.0395231706451646e-7	-0.000014642751658047732	-9.90777213840565e-16	3.4929285301553088e-12
1.776533937484222e8	-1.0433156243016412e-7	-0.00001318183155559978	-8.433480299705597e-16	3.561503014714696e-12
1.7806750422336027e8	-1.046527647367189e-7	-0.000011694093111929185	-7.101836138724657e-16	3.622450268204782e-12
1.784816146982983e8	-1.0492149775395527e-7	-0.000010182695623013866	-5.896700019269734e-16	3.675767300838065e-12
1.7889572517323637e8	-1.0514266239042564e-7	-8.650798760982099e-6	-4.801716444989004e-16	3.721455044450233e-12
1.793098356481744e8	-1.053204779945277e-7	-7.101561239483519e-6	-3.8003267351084044e-16	3.759516980707701e-12
1.7972394612311244e8	-1.054584743124636e-7	-5.538140014065125e-6	-2.875788007880214e-16	3.789957931736432e-12
1.801380565980505e8	-1.0555948435438921e-7	-3.963689947072386e-6	-2.0111979536071305e-16	3.812783028350418e-12
1.8055216707298854e8	-1.0562563839391842e-7	-2.3813638607795252e-6	-1.1895246588561616e-16	3.8279968687819105e-12
1.809662775479266e8	-1.056583592916086e-7	-7.943128975984503e-7	-3.9364055815821814e-17	3.835602878402815e-12
1.8138038802286464e8	-1.0565835929160857e-7	7.943128975987329e-7	3.936405581583583e-17	3.835602878402814e-12
1.8179449849780267e8	-1.0562563839391841e-7	2.3813638607796955e-6	1.1895246588562534e-16	3.82799686878191e-12
1.8220860897274074e8	-1.0555948435438918e-7	3.963689947072778e-6	2.011197953607337e-16	3.8127830283504134e-12
1.8262271944767877e8	-1.0545847431246359e-7	5.5381400140652944e-6	2.8757880078803137e-16	3.7899579317364294e-12
1.8303682992261684e8	-1.0532047799452766e-7	7.101561239483906e-6	3.800326735108645e-16	3.759516980707692e-12
1.8345094039755487e8	-1.051426623904256e-7	8.650798760982374e-6	4.801716444989179e-16	3.721455044450226e-12
1.838650508724929e8	-1.0492149775395523e-7	0.000010182695623014139	5.896700019269945e-16	3.675767300838056e-12
1.8427916134743097e8	-1.0465276473671887e-7	0.00001169409311192945	7.101836138724882e-16	3.6224502682047718e-12
1.84693271822369e8	-1.0433156243016405e-7	0.000013181831555600045	8.433480299705843e-16	3.561503014714684e-12
1.8510738229730707e8	-1.039523170645164e-7	0.00001464275165804799	9.90777213840594e-16	3.4929285301552962e-12
1.855214927722451e8	-1.0350879109697153e-7	0.00001607369643282905	1.15406293284122e-15	3.416735242857241e-12
1.8593560324718314e8	-1.0299409241626864e-7	0.000017471513791351606	1.3347748034425094e-15	3.3329386625157727e-12
1.863497137221212e8	-1.0240068339782747e-7	0.000018833059833986186	1.5344609593508025e-15	3.241563127959692e-12
1.8676382419705924e8	-1.0172038956418662e-7	0.00002015520288282097	1.7546492754976927e-15	3.142643637408298e-12
1.871779346719973e8	-1.0094440764073871e-7	0.000021434828285353094	1.996849043953186e-15	3.0362277374899985e-12
1.8759204514693534e8	-1.0006331284805319e-7	0.000022668844008352398	2.262552957392045e-15	2.922377446283126e-12
1.8800615562187338e8	-9.906706534089678e-8	0.00002385418703073552	2.5532392113547824e-15	2.8011711848891435e-12
1.8842026609681144e8	-9.794501579223767e-8	0.00002498783053361402	2.8703734873557397e-15	2.6727056915723707e-12
1.8883437657174948e8	-9.668591023023282e-8	0.000026066791874885194	3.2154105237913576e-15	2.537097892301349e-12
1.8924848704668754e8	-9.52778943701989e-8	0.000027088141324901128	3.589794919180968e-15	2.3944867016105384e-12
1.8966259752162558e8	-9.370851784521607e-8	0.000028049011529019264	3.994960740842199e-15	2.245034728065574e-12
1.900767079965636e8	-9.196473893244373e-8	0.000028946607652311536	4.432329429698737e-15	2.0889298592586362e-12
1.9049081847150168e8	-9.003293060242998e-8	0.00002977821815150523	4.903305396351992e-15	1.92638670217717e-12
1.909049289464397e8	-8.78988889915952e-8	0.00003054122610946296	5.4092685924886975e-15	1.7576478559697472e-12
1.9131903942137778e8	-8.55478457205825e-8	0.000031233121058280524	5.951563212792348e-15	1.582984995567496e-12
1.917331498963158e8	-8.296448586112632e-8	0.000031851511208501105	6.531481533629732e-15	1.4026997462930421e-12
1.9214726037125385e8	-8.013297380014942e-8	0.00003239413599410097	7.15024172424714e-15	1.2171243314858992e-12
1.925613708461919e8	-7.703698977109479e-8	0.00003285887883588926	7.808958273363137e-15	1.0266219772745943e-12
1.9297548132112995e8	-7.365978042815513e-8	0.000033243780019858335	8.508603459843735e-15	8.315870609114972e-13
1.93389591796068e8	-6.998422753727188e-8	0.000033547049581899685	9.249958064124021e-15	6.324449915319052e-13
1.9380370227100605e8	-6.599293965460481e-8	0.00003376708008621518	1.0033549274562212e-14	4.296518147835498e-13
1.942178127459441e8	-6.166837256041168e-8	0.000033902459181769195	1.0859573502945313e-14	2.236935354653582e-13
1.9463192322088215e8	-5.699298520901136e-8	0.00003395198181926986	1.1727801606675419e-14	1.5085155094444065e-14
1.9504603369582018e8	-5.194943902786488e-8	0.000033914662010479266	1.2637463853286282e-14	-1.9563057584694227e-13
1.9546014417075825e8	-4.652084951932454e-8	0.000033789744012140835	1.3587111901612517e-14	-4.0788468836881273e-13
1.9587425464569628e8	-4.069110023291663e-8	0.00003357671281848845	1.4574455177353508e-14	-6.210838026598886e-13
1.9628836512063435e8	-3.4445230198876344e-8	0.00003327530384915702	1.5596169375989024e-14	-8.346122046958991e-13
1.9670247559557238e8	-2.7769906718027086e-8	0.00003288551172333083	1.6647675547338488e-14	-1.0478341806907536e-12
1.9711658607051042e8	-2.0653995808534498e-8	0.00003240759801611332	1.772288944822736e-14	-1.2600965956261673e-12
1.9753069654544848e8	-1.3089242369688011e-8	0.00003184209789933848	1.8813942768224046e-14	-1.4707316995243486e-12
1.9794480702038652e8	-5.0710709115379575e-9	0.000031189825576318465	1.9910880639423068e-14	-1.6790601426972786e-12
1.9835891749532458e8	3.4004848946790178e-9	0.000030451878428265786	2.1001343747495415e-14	-1.884394178941732e-12
1.9877302797026262e8	1.2319720064187292e-8	0.000029629639799278915	2.207024856371432e-14	-2.0860410335709754e-12
1.9918713844520065e8	2.1674066684455115e-8	0.000028724780356738346	2.309948584771402e-14	-2.2833064113090936e-12
1.9960124892013872e8	3.144278594358209e-8	0.00002773925797465492	2.4067665621129822e-14	-2.4754981174348915e-12
2.0001535939507675e8	4.1595570460693576e-8	0.00002667531609882642	2.4949946034109198e-14	-2.6619297641724966e-12
2.0042946987001482e8	5.209110109480679e-8	0.000025535480564496907	2.571799331824708e-14	-2.8419245331959723e-12
2.0084358034495285e8	6.287562389964744e-8	0.000024322554849469974	2.634012919994074e-14	-3.014818964257839e-12
2.012576908198909e8	7.388163776550713e-8	0.000023039613758166426	2.678172894597689e-14	-3.1799667393789633e-12
2.0167180129482895e8	8.502681006418729e-8	0.000021689995544851575	2.7005935123411056e-14	-3.336742431751042e-12
2.02085911769767e8	9.621326363502104e-8	0.000020277292497032396	2.6974746046847784e-14	-3.4845451885123683e-12
2.0250002224470505e8	1.0732739968981618e-7	0.000018805340012748673	2.6650520335168785e-14	-3.622802316858637e-12
2.029141327196431e8	1.1824043227621371e-7	0.000017278204218013247	2.5997906969830322e-14	-3.750972743544398e-12
2.0332824319458112e8	1.2880980442460865e-7	0.00001570016818288493	2.4986162144055833e-14	-3.8685503187106375e-12
2.037423536695192e8	1.3888162748427508e-7	0.000014075716806462128	2.3591751212691962e-14	-3.975066936132734e-12
2.0415646414445722e8	1.4829422821153861e-7	0.000012409520452358505	2.1801061533962596e-14	-4.070095443409481e-12
2.045705746193953e8	1.5688280091785849e-7	0.00001070641742684	1.9612980257695435e-14	-4.153252317295734e-12
2.0498468509433332e8	1.644850477044279e-7	8.971395401693588e-6	1.7041035125135865e-14	-4.224200081300669e-12
2.053987955692714e8	1.7094755861655305e-7	7.2095718929218646e-6	1.4114773592566956e-14	-4.282649444815229e-12
2.0581290604420942e8	1.7613255265132577e-7	5.426173914481953e-6	1.0880082013847848e-14	-4.328361145372387e-12
2.0622701651914746e8	1.7992449250854347e-7	3.6265169333739183e-6	7.398231204772628e-15	-4.3611474781630805e-12
2.0664112699408552e8	1.8223602471653672e-7	1.8159832584254268e-6	3.743574352621062e-15	-4.380873499602054e-12
2.0705523746902356e8	1.830127018922193e-7	-2.2141944073437534e-19	-4.580455711619939e-28	-4.387457894537952e-12