0.	-1.0250536641525391e-7	0.00005269833608065355	3.358119800938444e-15	-6.403224294724499e-12
1.e6	-9.926676961642405e-8	0.00004609670583616666	3.108974332605044e-15	-6.788338345072152e-12
2.e6	-9.630613911695552e-8	0.00003914573800981404	2.8037223528574645e-15	-7.101280160259428e-12
3.e6	-9.367470360229467e-8	0.0000319191455253702	2.4523806766518938e-15	-7.339284268489974e-12
4.e6	-9.141295296158691e-8	0.0000244924702297291	2.0663451361901973e-15	-7.501444128989304e-12
5.e6	-8.954946973697099e-8	0.00001694128059683991	1.6579551392727277e-15	-7.588585333081173e-12
6.e6	-8.810023341430547e-8	9.339533575556358e-6	1.2399898653961333e-15	-7.603067475851704e-12
7.e6	-8.70684453095215e-8	1.7581613724716047e-6	8.25138427329866e-16	-7.548536142401841e-12
8.e6	-8.644487712165727e-8	-5.736078153166488e-6	4.2549002836482755e-16	-7.429647372695533e-12
9.e6	-8.620870094233962e-8	-0.000013081470653728453	5.208760406031177e-17	-7.251785600280263e-12
1.e7	-8.632871876319392e-8	-0.000020221936763284776	-2.8541990816568637e-16	-7.020792994145838e-12
1.1e7	-8.676488039292455e-8	-0.00002710736456823367	-5.790040745608388e-16	-6.742724060627638e-12
1.2e7	-8.746996325378783e-8	-0.00003369371342517223	-8.223540573433358e-16	-6.423634944481154e-12
1.3e7	-8.839128638187098e-8	-0.000039942926765831644	-1.0108498971481803e-15	-6.069412645260046e-12
1.4e7	-8.947234240782571e-8	-0.000045822694859577954	-1.141428709127234e-15	-5.6856457109234e-12
1.5e7	-9.065425197099358e-8	-0.000051306108555893874	-1.2123677124333973e-15	-5.2775350876138595e-12
1.6e7	-9.18769707543376e-8	-0.00005637124261149485	-1.223010949999134e-15	-4.849841746668866e-12
1.7e7	-9.308020603413875e-8	-0.00006100070312353813	-1.1734656917571134e-15	-4.406866420533165e-12
1.8e7	-9.42040239748665e-8	-0.00006518116855158298	-1.0642908274459708e-15	-3.952456132830898e-12
1.9e7	-9.518914862983839e-8	-0.00006890294838227024	-8.96194228932772e-16	-3.49003204738102e-12
2.e7	-9.597696766980963e-8	-0.00007215957807752637	-6.697502235324881e-16	-3.0226333268104632e-12
2.1e7	-9.650926821723546e-8	-0.00007494746380255886	-3.8514287417044305e-16	-2.5529720412350203e-12
2.2e7	-9.672772954215294e-8	-0.00007726558567840994	-4.193633435251819e-17	-2.0834945875134403e-12
2.3e7	-9.657319899914159e-8	-0.00007911526397275089	3.611294902011192e-16	-1.6164454899920135e-12
2.4e7	-9.598477495949564e-8	-0.00008049998869694501	8.263211756530672e-16	-1.1539298094707196e-12
2.5e7	-9.489871730109998e-8	-0.00008142530945408988	1.357074780162486e-15	-6.97970676638491e-13
2.6e7	-9.324720414006584e-8	-0.00008189877902230009	1.9581401289472114e-15	-2.5055870780980066e-13
2.7e7	-9.09569551600144e-8	-0.00008192994103201945	2.6357020448542625e-15	1.863097017272663e-13
2.8e7	-8.794775002726474e-8	-0.00008153034923173663	3.3974659308982332e-15	6.106079151359459e-13
2.9e7	-8.41308890531208e-8	-0.00008071360332815852	4.252681974871999e-15	1.0202707022397079e-12
3.e7	-7.940767843867667e-8	-0.00007949538440329354	5.212061911789212e-15	1.4132036463931708e-12
3.1e7	-7.366808290498439e-8	-0.00007789347168543117	6.287511364658077e-15	1.7873110668164556e-12
3.2e7	-6.67897870462876e-8	-0.00007592772225696954	7.491554704017253e-15	2.14054204149247e-12
3.3e7	-5.863806122327415e-8	-0.00007361999639067582	8.83626260689361e-15	2.470952691738811e-12
3.4e7	-4.9067061600806195e-8	-0.00007099401382980513	1.0331399976810739e-14	2.776781303703654e-12
3.5e7	-3.7923533794644736e-8	-0.00006807513055600835	1.1981392866876e-14	3.056531269492791e-12
3.6e7	-2.5054357376053266e-8	-0.00006489003132796008	1.3780580254721197e-14	3.309055440276379e-12
3.7e7	-1.0319959338700584e-8	-0.00006146634020395413	1.5706114823407714e-14	3.5336345308498863e-12
3.8e7	6.383740409532253e-9	-0.00005783215883253153	1.7707916627732952e-14	3.730041919837387e-12
3.9e7	2.5091751234734013e-8	-0.00005401554976369196	1.9695488896530863e-14	3.8985877076639695e-12
4.e7	4.57220044094442e-8	-0.00005004398855266657	2.1522557445010828e-14	4.040136271117652e-12
4.1e7	6.801215523055173e-8	-0.00004594381317443507	2.2972892456848294e-14	4.156093695399266e-12
4.2e7	9.14456435748572e-8	-0.000041739701580513684	2.375462334399382e-14	4.248364138885921e-12
4.3e7	1.1518118011911983e-7	-0.000037454207741508184	2.351514847984362e-14	4.3192770511946246e-12
4.4e7	1.3801358915426233e-7	-0.0000331073832322802	2.189124710386058e-14	4.3714898318839625e-12
4.5e7	1.584065341056546e-7	-0.000028716505717142615	1.860290036165946e-14	4.407872621379205e-12
4.6e7	1.7463692439840583e-7	-0.00002429592828725556	1.3578089191657087e-14	4.431383189410427e-12
4.7e7	1.8506174278649173e-7	-0.00001985705539705513	7.0623695114217424e-15	4.444940205411987e-12
4.8e7	1.884580283069167e-7	-0.000015408443091104334	-3.559107325171109e-16	4.451302574897045e-12
4.9e7	1.843235680041963e-7	-0.000010956014149716265	-7.852494985035351e-15	4.452961179888456e-12
5.e7	1.730111902317613e-7	-6.50337332850006e-6	-1.4581832779788047e-14	4.452047536904583e-12
5.1e7	1.556335531397968e-7	-2.052204352180902e-6	-1.9901929144062932e-14	4.450261883636494e-12
5.2e7	1.3378363154550964e-7	2.3972712189325438e-6	-2.3504523024233035e-14	4.4488213044184026e-12
5.3e7	1.0919238112472201e-7	6.845792916498519e-6	-2.5411254301414248e-14	4.448426921130766e-12
5.4e7	8.344361769004235e-8	0.000011294536171645308	-2.587383137696842e-14	4.4492480429256036e-12
5.5e7	5.7807622926280135e-8	0.000015744578622773905	-2.5247592890226043e-14	4.450920533233014e-12
5.6e7	3.31914052492041e-8	0.00002019637068564551	-2.389044791419354e-14	4.452556493337245e-12
5.7e7	1.0168528744232627e-8	0.0000246492203397014	-2.2105306195432996e-14	4.452762606860058e-12
5.8e7	-1.0953306910849993e-8	0.00002910079968353346	-2.0120027638082893e-14	4.449665041105027e-12
5.9e7	-3.0057435021317555e-8	0.00003354667907261688	-1.8090516406910728e-14	4.440939554834219e-12
6.e7	-4.715251631864517e-8	0.00003797989372572957	-1.611410935177934e-14	4.4238463191913575e-12
6.1e7	-6.2321778738427e-8	0.00004239054763226582	-1.4245114107970523e-14	4.395269833081034e-12
6.2e7	-7.568709193073012e-8	0.00004676546039084445	-1.2508552732597199e-14	4.351765133315258e-12
6.3e7	-8.738528239938674e-8	0.000051087864172351646	-1.0910830060855542e-14	4.289612199912189e-12
6.4e7	-9.755357161751319e-8	0.00005533716017934062	-9.447380318222772e-15	4.204880979238607e-12
6.5e7	-1.0632137473913057e-7	0.00005948874656127449	-8.107849688234422e-15	4.093509732737094e-12
6.6e7	-1.1380631924972723e-7	0.0000635139324728375	-6.879455820648058e-15	3.951399403344867e-12
6.7e7	-1.2011294747986159e-7	0.00006737995549637964	-5.74907743489935e-15	3.774526308189199e-12
6.8e7	-1.253330546101675e-7	0.00007105012158811676	-4.704494903412019e-15	3.559074648667574e-12
6.9e7	-1.2954697130444123e-7	0.00007448408758829824	-3.735079594619513e-15	3.30158902326094e-12
7.e7	-1.3282534696467236e-7	0.00007763830565365944	-2.8321325774039657e-15	2.9991453083074495e-12
7.1e7	-1.3523115291472978e-7	0.00008046664621844067	-1.9890028489584926e-15	2.649535961149666e-12
7.2e7	-1.3682172918499295e-7	0.00008292121081890452	-1.2010668512343241e-15	2.25146309583009e-12
7.3e7	-1.3765076319704255e-7	0.00008495333801974156	-4.656190599816717e-16	1.8047297761836159e-12
7.4e7	-1.3777012742023997e-7	0.00008651479469865114	2.182970162467308e-16	1.3104171643208188e-12
7.5e7	-1.3723152556286072e-7	0.00008755913136923577	8.501007337981726e-16	7.710328554051805e-13
7.6e7	-1.3608790946119206e-7	0.00008804316478405687	1.427919915473957e-15	1.9061439421748737e-13
7.7e7	-1.3439463572438044e-7	0.00008792853497408999	1.9488651135711435e-15	-4.252279136828171e-13
7.8e7	-1.32210335115792e-7	0.00008718326881179456	2.4093294287259243e-15	-1.0693428131042764e-12
7.9e7	-1.2959747045586377e-7	0.00008578327011200563	2.8053111571533173e-15	-1.7331544137448493e-12
8.e7	-1.2662256189072852e-7	0.00008371364926267432	3.132755684764438e-15	-2.4068668646286245e-12
8.1e7	-1.2335606283888102e-7	0.00008096980520906294	3.387911098208645e-15	-3.0797536653723626e-12
8.2e7	-1.1987187685529314e-7	0.00007755818048675437	3.5676890320048336e-15	-3.740519549721341e-12
8.3e7	-1.1624651596175752e-7	0.00007349662615421596	3.670018502803077e-15	-4.377714845317966e-12
8.4e7	-1.1255791532370047e-7	0.00006881433701250352	3.694176294701601e-15	-4.980175678206769e-12
8.5e7	-1.0888393761030376e-7	0.00006355134636367772	3.6410735340394285e-15	-5.537459430216724e-12
8.6e7	-1.0530062224036848e-7	0.000057757600767067776	3.5134753744780483e-15	-6.0402442160540075e-12
8.7e7	-1.0188025824448253e-7	0.000051491665320467175	3.316130286368984e-15	-6.48066405818256e-12
8.8e7	-9.868938186364828e-8	0.0000448191354951171	3.0557882864968196e-15	-6.8525575532188625e-12
8.9e7	-9.578681765795035e-8	0.00003781084968277722	2.7410941164506176e-15	-7.151616271242767e-12
9.e7	-9.322189099316225e-8	0.000030541005630009254	2.382351726874922e-15	-7.375428686333437e-12
9.1e7	-9.10329370752775e-8	0.000023085283396202566	1.991169412361497e-15	-7.52342477407071e-12
9.2e7	-8.924621544832251e-8	0.000015519068210531785	1.5800087005508133e-15	-7.596734346338658e-12
9.3e7	-8.787530945237254e-8	7.915850476794216e-6	1.1616722563353121e-15	-7.597977884342695e-12
9.4e7	-8.692105035711868e-8	3.458596647390233e-7	7.487742756396131e-16	-7.53101168070312e-12
9.5e7	-8.637196061634432e-8	-7.125033416098641e-6	3.5323940271358503e-16	-7.400649557125256e-12
9.6e7	-8.620516599228806e-8	-0.000014436133021242996	-1.4127495880645943e-17	-7.212381687501903e-12
9.7e7	-8.638768820260304e-8	-0.000021532459594011974	-3.439676512758665e-16	-6.972107748534482e-12
9.8e7	-8.687800301478262e-8	-0.000028365036819805767	-6.285708428520774e-16	-6.68589743526232e-12
9.9e7	-8.762773597745766e-8	-0.000034890956649786894	-8.619484918942355e-16	-6.3597869611304076e-12
1.e8	-8.858336938293474e-8	-0.000041073260841530116	-1.0397853380786357e-15	-5.999616022605977e-12
1.01e8	-8.968784752862825e-8	-0.00004688068022287191	-1.1592880913331186e-15	-5.610906188112408e-12
1.02e8	-9.088198929454423e-8	-0.00005228727241154003	-1.2189558487980694e-15	-5.198778942410548e-12
1.03e8	-9.210564326650001e-8	-0.00005727199593407661	-1.2182992370526358e-15	-4.767909710566212e-12
1.04e8	-9.32985471214817e-8	-0.00006181825437525354	-1.1575337623763263e-15	-4.3225130276541124e-12
1.05e8	-9.440087659939994e-8	-0.00006591343903905788	-1.037268766286712e-15	-3.866353477328748e-12
1.06e8	-9.535348810090001e-8	-0.00006954849315050851	-8.582078807530331e-16	-3.4027769348897755e-12
1.07e8	-9.609787191954758e-8	-0.00007271751524971349	-6.208710519691507e-16	-2.93475686088246e-12
1.08e8	-9.657584046615241e-8	-0.00007541741435257734	-3.253429073914203e-16	-2.464950761917948e-12
1.09e8	-9.672897841397157e-8	-0.00007764762478008808	2.8951948534137693e-17	-1.995762358651786e-12
1.1e8	-9.649788077514658e-8	-0.00007940988430318723	4.434488734781158e-16	-1.5294054034320422e-12
1.11e8	-9.582120205441116e-8	-0.00008070807537006106	9.20621641371511e-16	-1.0679654334567387e-12
1.12e8	-9.463453652968252e-8	-0.0000815481256125333	1.4641420056965798e-15	-6.134560235825937e-13
1.13e8	-9.286914831046614e-8	-0.00008193796051257471	2.0790201918761206e-15	-1.678663397317709e-13
1.14e8	-9.045057245816793e-8	-0.00008188749802945636	2.7717207270366695e-15	2.668029628970344e-13
1.15e8	-8.729711820302311e-8	-0.00008140867218089951	3.550238981612022e-15	6.885181372736482e-13
1.16e8	-8.331832653158448e-8	-0.00008051547014654858	4.424109517960123e-15	1.0952072167385267e-12
1.17e8	-7.841347355799687e-8	-0.00007922396560108026	5.4042953179868095e-15	1.4847728638568995e-12
1.18e8	-7.247027757784765e-8	-0.0000775523299305869	6.50287359054476e-15	1.8551237545347128e-12
1.19e8	-6.53640751883591e-8	-0.00007552080301611538	7.732384340962917e-15	2.2042238331450143e-12
1.2e8	-5.6957899260666605e-8	-0.00007315160664732316	9.104636631286052e-15	2.5301573112374722e-12
1.21e8	-4.710414314857262e-8	-0.00007046878655158903	1.0628669795121202e-14	2.8312056816158575e-12
1.22e8	-3.564885807112803e-8	-0.00006749797354889467	1.230744366316063e-14	3.1059314477345364e-12
1.23e8	-2.24402231964506e-8	-0.00006426606033637112	1.4132700056366228e-14	3.3532619418605384e-12
1.24e8	-7.343336479176488e-9	-0.00006080079750524164	1.6077351501611914e-14	3.572565760247739e-12
1.25e8	9.735902462915651e-9	-0.0000571303200056834	1.8084839958868937e-14	3.763714191519214e-12
1.26e8	2.8814694543749917e-8	-0.00005328262263151713	2.0055419613695742e-14	3.927120693711965e-12
1.27e8	4.978244238573851e-8	-0.000049285009343629345	2.1830664408061995e-14	4.063753006992443e-12
1.28e8	7.233497603361475e-8	-0.00004516354558451027	2.3180181401020023e-14	4.1751147524492086e-12
1.29e8	9.589980398158729e-8	-0.00004094254454250331	2.379872635384638e-14	4.26319610585649e-12
1.3e8	1.1956889901871134e-7	-0.00003664411730009188	2.3326615241145802e-14	4.330395993386042e-12
1.31e8	1.4206966699966628e-7	-0.0000322878130216534	2.1407783104450156e-14	4.379420843314493e-12
1.32e8	1.6181597350696365e-7	-0.000027890369255417603	1.7791290362574394e-14	4.413166892994075e-12
1.33e8	1.7707611359454476e-7	-0.000023465584796792608	1.2457824751162305e-14	4.434594149900855e-12
1.34e8	1.86259229803484e-7	-0.000019024319311949548	5.718875783448195e-15	4.4466002451710094e-12
1.35e8	1.8825791595889373e-7	-0.000014574615992330765	-1.7807762308356404e-15	4.451901661166591e-12
1.36e8	1.8272655971177662e-7	-0.000010121936710441709	-9.19462061636434e-15	4.452928356864402e-12
1.37e8	1.7017437069718574e-7	-5.66949404127696e-6	-1.569977855881079e-14	4.451735934035099e-12
1.38e8	1.518290205844989e-7	-1.2186613742255824e-6	-2.0710887403303953e-14	4.449937484000359e-12
1.39e8	1.293350461867707e-7	3.2305588497354374e-6	-2.3985537822805914e-14	4.448655399108802e-12
1.4e8	1.0441437747272041e-7	7.679028236321368e-6	-2.5597809944026014e-14	4.448491926482506e-12
1.41e8	7.860091676546349e-8	0.000012127944548062108	-2.5828189500414035e-14	4.44951620039905e-12
1.42e8	5.309768568159627e-8	0.000016578307926802915	-2.50389354618949e-14	4.4512649473700566e-12
1.43e8	2.8745300540065037e-8	0.000021030393448697376	-2.358073509425237e-14	4.452753981053161e-12
1.44e8	6.061837105416981e-9	0.000025483239475833874	-2.1743064689100755e-14	4.452497914476472e-12
1.45e8	-1.4686354706656282e-8	0.000029934158975271717	-1.973961115879358e-14	4.448536114418971e-12
1.46e8	-3.3410665903565325e-8	0.00003437827938016019	-1.7714142537604573e-14	4.4384637029691646e-12
1.47e8	-5.013711697399714e-8	0.00003880811580240256	-1.575477383048781e-14	4.419467277833917e-12
1.48e8	-6.495849710114575e-8	0.00004321318251548068	-1.3909367378218327e-14	4.388365892356811e-12
1.49e8	-7.800096351883993e-8	0.000047579648576037636	-1.219874254349568e-14	4.341658637539515e-12
1.5e8	-8.940229922156727e-8	0.00005189004514400664	-1.062675037092403e-14	4.2755808395701115e-12
1.51e8	-9.929873523117602e-8	0.00005612303433400491	-9.187409877369869e-15	4.1861713688466774e-12
1.52e8	-1.078176832701218e-7	0.000060253252066877964	-7.869701699686419e-15	4.069353790181734e-12
1.53e8	-1.1507435752008535e-7	0.00006425124010917503	-6.660651482315164e-15	3.921034004510348e-12
1.54e8	-1.2117085079473838e-7	0.00006808348494320043	-5.547232419166622e-15	3.737216572474607e-12
1.55e8	-1.2619669327842666e-7	0.00007171258288753471	-4.5174832326121815e-15	3.5141410048641233e-12
1.56e8	-1.3023025682489312e-7	0.00007509755151498275	-3.561119036447517e-15	3.2484379035919505e-12
1.57e8	-1.3334059695330924e-7	0.00007819430638312116	-2.6698205606677084e-15	2.937302921162042e-12
1.58e8	-1.3558947522703446e-7	0.00008095631889985165	-1.8373213293614698e-15	2.578684112070594e-12
1.59e8	-1.3703340033117885e-7	0.00008333546536318566	-1.0593674789077516e-15	2.1714754898955366e-12
1.6e8	-1.3772558503814894e-7	0.00008528306857286268	-3.335954210886633e-16	1.7157066908748737e-12
1.61e8	-1.3771775135542883e-7	0.00008675112190898398	3.406461801082723e-16	1.2127158982597707e-12
1.62e8	-1.3706173638021248e-7	0.00008769367177784582	9.625151565363476e-16	6.652910194234891e-13
1.63e8	-1.358108626517094e-7	0.00008806831865862603	1.5299271062776024e-15	7.776300885122782e-14
1.64e8	-1.3402104295486617e-7	0.00008783778095076378	2.0398346499121933e-15	-5.439643317824351e-13
1.65e8	-1.317515931206867e-7	0.00008697145115720765	2.4885317429886014e-15	-1.1924613967934167e-12
1.66e8	-1.2906572912508998e-7	0.00008544686265809084	2.8719802452215643e-15	-1.8589055589488256e-12
1.67e8	-1.26030728027463e-7	0.0000832509794673414	3.1861548806854766e-15	-2.5333022271593863e-12
1.68e8	-1.2271773714138677e-7	0.00008038122263645266	3.427400579120552e-15	-3.2047889226214396e-12
1.69e8	-1.1920122332610373e-7	0.00007684615640721781	3.592793065427241e-15	-3.862008745505326e-12
1.7e8	-1.1555806531364102e-7	0.00007266577485783852	3.6804896795341406e-15	-4.493531762756272e-12
1.71e8	-1.1186630710372308e-7	0.00006787135451026739	3.6900532100577575e-15	-5.088296719447662e-12
1.72e8	-1.0820360963719685e-7	0.00006250486791863511	3.622727747299756e-15	-5.636042094314644e-12
1.73e8	-1.046454603015339e-7	0.000056617984524140005	3.4816431894476157e-15	-6.127695543732817e-12
1.74e8	-1.0126322337944433e-7	0.000050270714523866044	3.2719251549727827e-15	-6.555694333716299e-12
1.75e8	-9.812213634432068e-8	0.00004352977580837108	3.0006905888980116e-15	-6.914215991879402e-12
1.76e8	-9.527937324179328e-8	0.00003646678054047859	2.676916748588847e-15	-7.199307166577865e-12
1.77e8	-9.278230349568096e-8	0.000029156345168210193	2.3111822042939094e-15	-7.408908296253037e-12
1.78e8	-9.066706931612645e-8	0.000021674225393485895	1.915291784954533e-15	-7.542780848630278e-12
1.79e8	-8.895758606509268e-8	0.000014095566904784095	1.5018110465394461e-15	-7.602351455089108e-12
1.8e8	-8.766503829101259e-8	6.493345534411414e-6	1.0835474260204163e-15	-7.590492477713746e-12
1.81e8	-8.678790291305767e-8	-1.0629505335318806e-6	6.730225006017121e-16	-7.51126109470631e-12
1.82e8	-8.631248539490714e-8	-8.508366163981426e-6	2.8198116648224113e-16	-7.369618995619235e-12
1.83e8	-8.621391085145414e-8	-0.000015783243139196257	-7.902128442570934e-17	-7.171152695522591e-12
1.84e8	-8.645747575751326e-8	-0.00002283371169091565	-4.0092336976321033e-16	-6.921810952404616e-12
1.85e8	-8.700024169465709e-8	-0.000029611933274673212	-6.763356229443895e-16	-6.627671497893212e-12
1.86e8	-8.779274254781943e-8	-0.00003607612816267421	-8.995899754518815e-16	-6.294744891684374e-12
1.87e8	-8.878068044376326e-8	-0.000042190427174733385	-1.0666704844537311e-15	-5.9288192657835e-12
1.88e8	-8.99065010891864e-8	-0.000047924588879084165	-1.1750453223737299e-15	-5.535346344349428e-12
1.89e8	-9.111076223867833e-8	-0.000053253622624640945	-1.2234255376800536e-15	-5.119366551577251e-12
1.9e8	-9.233323557162659e-8	-0.000058157354633976406	-1.2114775210225507e-15	-4.685469261284352e-12
1.91e8	-9.351370841259034e-8	-0.00006261996986897878	-1.1395140572054312e-15	-4.2377832104766055e-12
1.92e8	-9.459247453825242e-8	-0.00006662955713857109	-1.0081844019199584e-15	-3.77999165387003e-12
1.93e8	-9.551052098523067e-8	-0.00007017767945606338	-8.181781815036279e-16	-3.3153668162324405e-12
1.94e8	-9.620942965408544e-8	-0.00007325898631905616	-5.699521314764121e-16	-2.8468184495065457e-12
1.95e8	-9.663101887842053e-8	-0.00007587087957889705	-2.6348356687508277e-16	-2.3769516893614686e-12
1.96e8	-9.671675193751736e-8	-0.00007801323997358926	1.0194946178253772e-16	-1.908129829719747e-12
1.97e8	-9.640693808504589e-8	-0.00007968821721768684	5.279638284724181e-16	-1.442538027193417e-12
1.98e8	-9.56397486230919e-8	-0.00008090008272567129	1.017246102661718e-15	-9.822442780132927e-13
1.99e8	-9.435006761671924e-8	-0.00008165514052628645	1.5737086767402326e-15	-5.292542779621569e-13
2.e8	-9.246819600627581e-8	-0.00008196168865368712	2.2026262795359608e-15	-8.555700954880559e-14
2.01e8	-8.991843157590857e-8	-0.0000818300202670479	2.9107459066125356e-15	3.468418479708367e-13
2.02e8	-8.661755875686637e-8	-0.00008127245100416834	3.7063533282506364e-15	7.659012531279073e-13
2.03e8	-8.247330627180882e-8	-0.00008030335673927227	4.599263826825215e-15	1.1695429518936507e-12
2.04e8	-7.73828740587145e-8	-0.00007893920418540651	5.600680977194136e-15	1.5556677889241466e-12
2.05e8	-7.123170389242076e-8	-0.00007719855590978312	6.722831287279477e-15	1.922190530855096e-12
2.06e8	-6.389278521968841e-8	-0.00007510203159439518	7.978229358979947e-15	2.267092279430241e-12
2.07e8	-5.522696890684907e-8	-0.0000726722090307755	9.37835230575308e-15	2.588488053483366e-12
2.08e8	-4.5085031973408446e-8	-0.00006993345156092511	1.0931399355339755e-14	2.8847055089631913e-12
2.09e8	-3.331262236736526e-8	-0.00006691165349330378	1.2638685707544925e-14	3.1543692227428983e-12
2.1e8	-1.975972988466266e-8	-0.00006363390125817606	1.4489090707428274e-14	3.3964837117104507e-12
2.11e8	-4.29695225089332e-9	-0.00006012805531308326	1.645091381344746e-14	3.6105076286877476e-12
2.12e8	1.3158572730116736e-8	-0.000056422265436675064	1.846063446690427e-14	3.79641157288618e-12
2.13e8	3.260445326074194e-8	-0.000052544439263110576	2.040870367108509e-14	3.9547127939934625e-12
2.14e8	5.389924084701483e-8	-0.000048521689855177084	2.2124054559433456e-14	4.086481751161711e-12
2.15e8	7.669427280825989e-8	-0.000044379792013151924	2.3361992513708615e-14	4.193317863768138e-12
2.16e8	1.0035868101370343e-7	-0.000040142678304664494	2.3804571582638813e-14	4.277294580809858e-12
2.17e8	1.23916557836869e-7	-0.0000358320042429778	2.3087039414581307e-14	4.340876732677422e-12
2.18e8	1.4602956463328235e-7	-0.00003146680778607746	2.0864095147683893e-14	4.38681562393458e-12
2.19e8	1.650676452080886e-7	-0.000027063281893849404	1.6918469860013294e-14	4.418029143247583e-12
2.2e8	1.793007052193533e-7	-0.000022634671063700214	1.1287253840896115e-14	4.437475088664827e-12
2.21e8	1.8720243041761377e-7	-0.000018191294507178426	4.34808426252566e-15	4.448025868785474e-12
2.22e8	1.8779111036385864e-7	-0.000013740690857818924	-3.2025596406753255e-15	4.452351834060702e-12
2.23e8	1.8088113549485142e-7	-9.287872782874125e-6	-1.0504149512105601e-14	4.4528189328276394e-12
2.24e8	1.6713311151584653e-7	-4.835675122310619e-6	-1.6764284603623353e-14	4.451404460312405e-12
2.25e8	1.4787874883284333e-7	-3.851774134885604e-7	-2.145799756560645e-14	4.449632674418494e-12
2.26e8	1.2480190118735132e-7	4.063819187329168e-6	-2.4407642823575773e-14	4.448530248974409e-12
2.27e8	9.960602715576414e-8	8.512279796388806e-6	-2.573566562240737e-14	4.448600109472017e-12
2.28e8	7.377014898200189e-8	0.000012961405745817634	-2.5746824362781863e-14	4.4498112483304974e-12
2.29e8	4.8429046014162184e-8	0.000017412101149175978	-2.48069943287569e-14	4.451601665802248e-12
2.3e8	2.435845978470088e-8	0.00002186444777205789	-2.325792992564584e-14	4.452891585154041e-12
2.31e8	2.023540540567379e-9	0.000026317197198599988	-2.1375206810048098e-14	4.452104462822483e-12
2.32e8	-1.8348078009926665e-8	0.00003076728710729341	-1.9358579477218447e-14	4.4471939536667224e-12
2.33e8	-3.6693619752469566e-8	0.000035209387021731274	-1.734020036315461e-14	4.435675794783144e-12
2.34e8	-5.3054789155686644e-8	0.00003963547829968757	-1.539951169248731e-14	4.414664444374645e-12
2.35e8	-6.753277331473072e-8	0.000044034473395239566	-1.3578396165051669e-14	4.380915173870342e-12
2.36e8	-8.025726320013153e-8	0.000048391880526891226	-1.1893823092910707e-14	4.330873092996526e-12
2.37e8	-9.136654350352735e-8	0.00005268952169872017	-1.0347338298358577e-14	4.2607312278054716e-12
2.38e8	-1.0099560550024735e-7	0.00005690531438097228	-8.931711943577532e-15	4.166500212231769e-12
2.39e8	-1.0926974295415864e-7	0.000061013129831485474	-7.635365797109663e-15	4.044092333833949e-12
2.4e8	-1.1630172702368975e-7	0.00006498274373720127	-6.445199137145458e-15	3.889422528901931e-12
2.41e8	-1.221912223662774e-7	0.00006877989721639603	-5.348318083939643e-15	3.698528383424169e-12
2.42e8	-1.2702554456086372e-7	0.00007236648782154116	-4.333040628378885e-15	3.467710201278827e-12
2.43e8	-1.3088117198266656e-7	0.00007570091053829474	-3.389435447405446e-15	3.193690703458807e-12
2.44e8	-1.338256376651739e-7	0.00007873856737663476	-2.5095657857147934e-15	2.8737919119963822e-12
2.45e8	-1.3591956530309353e-7	0.00008143256050133099	-1.6875481609338471e-15	2.5061242979656392e-12
2.46e8	-1.372187010812981e-7	0.00008373457754424295	-9.194940396863954e-16	2.0897804652080486e-12
2.47e8	-1.3777584658665685e-7	0.0000855959685538295	-2.033754834231078e-16	1.6250227320863707e-12
2.48e8	-1.3764262980590409e-7	0.00008696900202720459	4.611613851498257e-16	1.1134513021563334e-12
2.49e8	-1.3687106938729445e-7	0.0000878082730849245	1.073021701174974e-15	5.581377141312927e-13
2.5e8	-1.3551489740892504e-7	0.00008807222099982713	1.6299186433478256e-15	-3.629258390340601e-14
2.51e8	-1.3363061141537803e-7	0.00008772469737056851	2.1286575846806078e-15	-6.636439188091243e-13
2.52e8	-1.312782298041433e-7	0.00008673651204163856	2.565444803695577e-15	-1.3162129853210835e-12
2.53e8	-1.285217273981142e-7	0.00008508687345576188	2.93621784298721e-15	-1.9849381895992366e-12
2.54e8	-1.254291314989767e-7	0.00008276463548390149	3.23699332744432e-15	-2.6596369074757655e-12
2.55e8	-1.2207226398733597e-7	0.0000797692655270695	3.4642257176334878e-15	-3.329323845879803e-12
2.56e8	-1.185261231320416e-7	0.00007611145968941204	3.615167185929949e-15	-3.98259533454163e-12
2.57e8	-1.148679105349574e-7	0.00007181334991236456	3.6882148168673726e-15	-4.608056765684528e-12
2.58e8	-1.1117572454016267e-7	0.00006690827378991145	3.683227148635061e-15	-5.19476471551412e-12
2.59e8	-1.0752696130626936e-7	0.00006144010791438782	3.601788477405242e-15	-5.732652501644884e-12
2.6e8	-1.0399648749217345e-7	0.00005546219680069256	3.4473973592247695e-15	-6.212908623757124e-12
2.61e8	-1.0065467198797127e-7	0.00004903593817383358	3.2255564426533977e-15	-6.6282817179657e-12
2.62e8	-9.75653851871904e-8	0.000042229108424058724	2.9437450091430587e-15	-6.973292770435966e-12
2.63e8	-9.47840891791396e-8	0.00003511402688616294	2.611263711438585e-15	-7.244344353627842e-12
2.64e8	-9.235614723525595e-8	0.000027765663017097217	2.238952507824931e-15	-7.439726276240369e-12
2.65e8	-9.031547328920633e-8	0.000020259786579669776	1.8387963220885993e-15	-7.559525973519908e-12
2.66e8	-8.868362074894174e-8	0.000012671248846261076	1.4234464074380763e-15	-7.605459134344501e-12
2.67e8	-8.74693762252788e-8	5.072464758296526e-6	1.0056963256877215e-15	-7.580640784474763e-12
2.68e8	-8.66688812650416e-8	-2.467855487943935e-6	5.97957697389204e-16	-7.489319096319254e-12
2.69e8	-8.62662593851601e-8	-9.885699204434509e-6	2.11781095193418e-16	-7.336593767826828e-12
2.7e8	-8.623468281730651e-8	-0.000017122462877204234	-1.425384856516328e-16	-7.128138408149706e-12
2.71e8	-8.653777907754085e-8	-0.000024125394947723035	-4.56243108979113e-16	-6.869942650507806e-12
2.72e8	-8.713125581404443e-8	-0.000030847795497414616	-7.222657648416254e-16	-6.568085371057543e-12
2.73e8	-8.796461506078081e-8	-0.00003724900779984326	-9.352564067316779e-16	-6.22854602787723e-12
2.74e8	-8.898283429376076e-8	-0.00004329424170049375	-1.0914924411646368e-15	-5.857057196040629e-12
2.75e8	-9.012790880942058e-8	-0.000048954270176687696	-1.1886949619681193e-15	-5.458998139288044e-12
2.76e8	-9.134017398923976e-8	-0.000054205038992516654	-1.2257768098348257e-15	-5.039326840883081e-12
2.77e8	-9.255935276259276e-8	-0.00005902722591554722	-1.2025492420618125e-15	-4.6025463025155236e-12
2.78e8	-9.372529929966547e-8	-0.00006340578126303046	-1.1194114066531757e-15	-4.152700010268189e-12
2.79e8	-9.477843191287779e-8	-0.0000673294762280694	-9.770420597379032e-16	-3.693391113365656e-12
2.8e8	-9.565986474990418e-8	-0.00007079047997649738	-7.761072242192412e-16	-3.2278199032200726e-12
2.81e8	-9.631125866556565e-8	-0.00007378398122076398	-5.169917762344329e-16	-2.7588344653940368e-12
2.82e8	-9.667441709138711e-8	-0.00007630786504514386	-1.9955801293291917e-16	-2.288989778260746e-12
2.83e8	-9.669065381754005e-8	-0.00007836245124275469	1.770694237769283e-16	-1.8206109543486448e-12
2.84e8	-9.62999577640277e-8	-0.00007995029631724172	6.146950488257225e-16	-1.3558567034341962e-12
2.85e8	-9.543997665677215e-8	-0.00008107605754569207	1.1162237066159243e-15	-8.967794144294659e-13
2.86e8	-9.404483882173068e-8	-0.00008174641402961817	1.6858132362282078e-15	-4.453785116772104e-13
2.87e8	-9.204383211750345e-8	-0.00008197003643285835	2.3290067722163664e-15	-3.643973753771978e-15
2.88e8	-8.935996390969969e-8	-0.00008175759411906243	3.0528362002115824e-15	4.264128352294939e-13
2.89e8	-8.590843944219568e-8	-0.0000811217857206824	3.865877519417744e-15	8.427435105439279e-13
2.9e8	-8.15951230155017e-8	-0.00008007737693261752	4.7782220313029255e-15	1.243264081970174e-12
2.91e8	-7.631509446029847e-8	-0.0000786412277340241	5.801301486660022e-15	1.6258748005307747e-12
2.92e8	-6.995149337570771e-8	-0.00007683229056125076	6.9474665247733815e-15	1.9884983692704403e-12
2.93e8	-6.237497101301532e-8	-0.00007467156146176905	8.229160740821595e-15	2.3291354297852105e-12
2.94e8	-5.344426553989003e-8	-0.00007218196819925865	9.657451965154474e-15	2.6459345858879082e-12
2.95e8	-4.300870652824954e-8	-0.00006938818280505781	1.1239574454151021e-14	2.937272633199354e-12
2.96e8	-3.09138645415041e-8	-0.00006631635117388432	1.297500588685429e-14	3.20183915630399e-12
2.97e8	-1.7012102481847278e-8	-0.00006299373876464349	1.4849478995392428e-14	3.4387184815035444e-12
2.98e8	-1.1804185138806483e-9	-0.000059448298838980096	1.6826285792967866e-14	3.64746136572873e-12
2.99e8	1.6651460422600575e-8	-0.00005570817728419052	1.883444049063777e-14	3.828138950840765e-12
3.e8	3.645966151616114e-8	-0.00005180117510831121	2.0754034952723827e-14	3.9813725159708045e-12
3.01e8	5.80694745565965e-8	-0.00004775419531233418	2.240091113703722e-14	4.108334388142209e-12
3.02e8	8.10850609424734e-8	-0.00004359270428867534	2.3516046249749765e-14	4.2107178493094294e-12
3.03e8	1.0481487615926122e-7	-0.000039340238656849355	2.3769677348104937e-14	4.2906767063513385e-12
3.04e8	1.2821439454129877e-7	-0.00003501798636117094	2.2794294537405228e-14	4.350737992376768e-12
3.05e8	1.4988190809832848e-7	-0.00003064446614251563	2.0259236040911657e-14	4.393693658443181e-12
3.06e8	1.6815017721580177e-7	-0.00002623532273509724	1.59855074406192e-14	4.4224787768427585e-12
3.07e8	1.813015939663047e-7	-0.000021803247166362553	1.0069839076204212e-14	4.4400445194210645e-12
3.08e8	1.8788672861807927e-7	-0.000017358023303738204	2.955343751389924e-15	4.44923396276057e-12
3.09e8	1.8705873879782564e-7	-0.000012906694202764868	-4.615398886676913e-15	4.452667724048781e-12
3.1e8	1.7879385085533016e-7	-8.45383559449641e-6	-1.177633471016601e-14	4.4526447801406034e-12
3.11e8	1.6389766825343937e-7	-4.001919464995933e-6	-1.7772801786218887e-14	4.451061861050785e-12
3.12e8	1.4379434890763362e-7	4.482517131528912e-7	-2.214304451437995e-14	4.449352832646441e-12
3.13e8	1.2019509392579136e-7	4.897060052374651e-6	-2.477234030253249e-14	4.448447739241014e-12
3.14e8	9.477623407290071e-8	9.345555541427157e-6	-2.5827162723619807e-14	4.448749835591222e-12
3.15e8	6.895777629814838e-8	0.000013794924333809726	-2.5632179335704737e-14	4.450128083621339e-12
3.16e8	4.380586642358641e-8	0.000018245956065666067	-2.455387735927412e-14	4.4519222280683e-12
3.17e8	2.003318333817084e-8	0.00002269852135594097	-2.2923638765972617e-14	4.4529576441924016e-12
3.18e8	-1.94541437325946e-9	0.000027151068024724425	-2.100284384664425e-14	4.451567580853771e-12
3.19e8	-2.193842840445451e-8	0.00003160014251166726	-1.8977634915048094e-14	4.4456211000795665e-12
3.2e8	-3.9906790148423016e-8	0.00003603994168099086	-1.6969088834767624e-14	4.432555837434788e-12
3.21e8	-5.590631420709405e-8	0.00004046189976126511	-1.5048513788098505e-14	4.4094155841772024e-12
3.22e8	-7.004550755912664e-8	0.00004485431559995762	-1.3252257929633719e-14	4.3728935437923286e-12
3.23e8	-8.245690516145017e-8	0.000049202026655357745	-1.159377234872678e-14	4.319382875056148e-12
3.24e8	-9.32788835456977e-8	0.00005348613807942423	-1.007252902261942e-14	4.2450367411340035e-12
3.25e8	-1.0264497489314762e-7	0.00005768381768293775	-8.680202805202566e-15	4.145840480741793e-12
3.26e8	-1.106782596147183e-7	0.00006176817027782863	-7.404754314845759e-15	4.017698641586299e-12
3.27e8	-1.1748904785093282e-7	0.00006570820755580322	-6.233016094575223e-15	3.856539402317027e-12
3.28e8	-1.2317460429495237e-7	0.00006946893191530608	-5.1522617347038935e-15	3.658438289544137e-12
3.29e8	-1.2782008399307381e-7	0.000073011554053215	-4.151106925146326e-15	3.4197620099445256e-12
3.3e8	-1.315001388639079e-7	0.00007629386420368432	-3.219982160256047e-15	3.137331623247674e-12
3.31e8	-1.3428085129370836e-7	0.00007927077512183838	-2.3513350721488186e-15	2.8086021789583428e-12
3.32e8	-1.362217786538561e-7	0.0000818950507906233	-1.5396630137103494e-15	2.43185339014185e-12
3.33e8	-1.3737797261729192e-7	0.00008411822799461518	-7.814380031922446e-16	2.00638306993153e-12
3.34e8	-1.3780188584367474e-7	0.00008589172817382757	-7.496117105542237e-17	1.5326921626413558e-12
3.35e8	-1.3754510727694517e-7	0.00008716814446832474	5.79831826127476e-16	1.0126476203589697e-12
3.36e8	-1.3665988360695062e-7	0.00008790267412110535	1.1816024468972334e-15	4.4960755436458426e-13
3.37e8	-1.3520039343391152e-7	0.00008805465042450547	1.727871427289445e-15	-1.5150748474589886e-13
3.38e8	-1.3322374563011139e-7	0.00008758911265163236	2.2153077315549574e-15	-7.842121255755526e-13
3.39e8	-1.3079067649769177e-7	0.0000864783387736693	2.6400415631123256e-15	-1.440534599151656e-12
3.4e8	-1.2796592311830086e-7	0.00008470325628400885	2.9979983685493303e-15	-2.1111826882006755e-12
3.41e8	-1.2481825400687327e-7	0.00008225464308855233	3.2852492877019693e-15	-2.78579694814865e-12
3.42e8	-1.2142014390832385e-7	0.00007913403467899758	3.498370976916404e-15	-3.4532828193882848e-12
3.43e8	-1.1784708830319969e-7	0.00007535426637332434	3.634804288372415e-15	-4.10220493918441e-12
3.44e8	-1.1417656570687073e-7	0.00007093959989827608	3.69319721841781e-15	-4.7212196261813405e-12
3.45e8	-1.1048667252992367e-7	0.00006592541043921497	3.673713395326295e-15	-5.2995163057682324e-12
3.46e8	-1.068544757905892e-7	0.00006035744087472875	3.578284000522998e-15	-5.8272364874004206e-12
3.47e8	-1.0335415205482373e-7	0.00005429066091922322	3.410779453688677e-15	-6.2958402683167164e-12
3.48e8	-1.0005500427352303e-7	0.00004778779679293506	3.1770785010320902e-15	-6.698395129273607e-12
3.49e8	-9.701946838848096e-8	0.00004091761868305786	2.8850173111269795e-15	-7.029769348944997e-12
3.5e8	-9.430123487589464e-8	0.00003375308640189814	2.5442099949266383e-15	-7.286721597947523e-12
3.51e8	-9.194361318732767e-8	0.000026369457264676408	2.1657439835978885e-15	-7.467887866657657e-12
3.52e8	-8.9978256822891e-8	0.00001884245459321311	1.7617673914326137e-15	-7.573675557394423e-12
3.53e8	-8.842434291623363e-8	0.00001124658185391657	1.3449986540930736e-15	-7.606081321306384e-12
3.54e8	-8.728826447668301e-8	3.653648522104644e-6	9.28198934753036e-16	-7.568453446279064e-12
3.55e8	-8.656384986631571e-8	-3.868448038642114e-6	5.23652974854959e-16	-7.465221163031079e-12
3.56e8	-8.623307836829111e-8	-0.000011256662519842632	1.4270310014247784e-16	-7.301612393337272e-12
3.57e8	-8.626721902842169e-8	-0.000018453461571690097	-2.0462590772720408e-16	-7.083378760459398e-12
3.58e8	-8.662828777993815e-8	-0.000025407218751021348	-5.098850570234187e-16	-6.8165427967009945e-12
3.59e8	-8.727069883157027e-8	-0.000032072372354674614	-7.66330671936266e-16	-6.507177895240915e-12
3.6e8	-8.81429816457046e-8	-0.000038409382343201415	-9.689275258320473e-16	-6.161227239551215e-12
3.61e8	-8.918944339207775e-8	-0.000044384526828323344	-1.1142398520837656e-15	-5.78436412135282e-12
3.62e8	-9.035167550185466e-8	-0.000049969579398005494	-1.2002327498750135e-15	-5.3818929713848595e-12
3.63e8	-9.156982781348492e-8	-0.00005514140667696159	-1.2260104916779879e-15	-4.958688164187962e-12
3.64e8	-9.278360061626296e-8	-0.00005988152178332437	-1.191518251556943e-15	-4.519166185783449e-12
3.65e8	-9.393293008493262e-8	-0.00006417562448375986	-1.097230686122661e-15	-4.0672859595687985e-12
3.66e8	-9.495836362849583e-8	-0.0000680131534739834	-9.438457730323574e-16	-3.6065718587215415e-12
3.67e8	-9.58011371991042e-8	-0.00007138687076517861	-7.319965064338389e-16	-3.1401540317422736e-12
3.68e8	-9.640297635004126e-8	-0.00007429249292867218	-4.619874348618552e-16	-2.6708209833931007e-12
3.69e8	-9.670564735837512e-8	-0.00007672837909537796	-1.3355830018529337e-16	-2.2010797645851664e-12
3.7e8	-9.665028515980964e-8	-0.00007869528117146082	2.5432637320712816e-16	-1.733219543171956e-12
3.71e8	-9.617652263004665e-8	-0.0000801961576947554	7.03664740767308e-16	-1.2693746994686174e-12
3.72e8	-9.52214425301173e-8	-0.00008123604905856277	1.2175852822044215e-15	-8.11583895843002e-13
3.73e8	-9.371837103339549e-8	-0.0000818220084073835	1.8004959474366343e-15	-3.6184182011564676e-13
3.74e8	-9.15955322935274e-8	-0.00008196307932472101	2.458211958541739e-15	7.785946427892633e-14
3.75e8	-8.877458969774085e-8	-0.00008167030849716212	3.198052132112367e-15	5.055023535185501e-13
3.76e8	-8.516911500783687e-8	-0.00008095677892833095	4.028881855202483e-15	9.190311279305305e-13
3.77e8	-8.068305693095811e-8	-0.00007983764714144074	4.9610625909710236e-15	1.3163567948363614e-12
3.78e8	-7.520933376379106e-8	-0.00007833016636889119	6.006239911686324e-15	1.6953803562076326e-12
3.79e8	-6.862876227938319e-8	-0.00007645367724824408	7.176860272516303e-15	2.0540344058571884e-12
3.8e8	-6.08096734884804e-8	-0.00007422954830253851	8.485245699990047e-15	2.390341594242724e-12
3.81e8	-5.16087773502674e-8	-0.00007168105071244333	9.941969852625055e-15	2.7024869415757026e-12
3.82e8	-4.0874149287848256e-8	-0.0000688331557146037	1.1553166096872575e-14	2.9888993712035148e-12
3.83e8	-2.8451645917684913e-8	-0.00006571224834149641	1.331626638711286e-14	3.248336372486151e-12
3.84e8	-1.4196620766408296e-8	-0.00006234575789264105	1.521355317676123e-14	3.4799646177200875e-12
3.85e8	2.0065510103239847e-9	-0.000058761713000656524	1.7202895169763505e-14	3.6834288794727045e-12
3.86e8	2.0214106647318138e-8	-0.00005498823672716757	1.9205322134326264e-14	3.8589018994442376e-12
3.87e8	4.037870012555229e-8	-0.000051053003961731144	2.1090014419378402e-14	4.00710902439264e-12
3.88e8	6.22898690296839e-8	-0.000046982688658626115	2.265932210680786e-14	4.129323391522521e-12
3.89e8	8.550192252705034e-8	-0.00004280243141760276	2.3639997228422896e-14	4.2273300152595625e-12
3.9e8	1.0926052710961336e-7	-0.000038535358144229276	2.369157656321186e-14	4.303359980713896e-12
3.91e8	1.3245226262637184e-7	-0.000034202177918850844	2.244640688536908e-14	4.359998702186727e-12
3.92e8	1.536151755622637e-7	-0.000029820883053238885	1.9592579047259774e-14	4.400074480360219e-12
3.93e8	1.710524389031772e-7	-0.00002540656725671284	1.4993913752928458e-14	4.4265350916106416e-12
3.94e8	1.830703629687106e-7	-0.000020971369738547057	8.809465159205484e-15	4.442320704265365e-12
3.95e8	1.883085316500718e-7	-0.000016524544894728262	1.5462226036366178e-15	4.450241035252241e-12
3.96e8	1.8606301891896172e-7	-0.000012072649846858456	-6.013523266861897e-15	4.4528634791997285e-12
3.97e8	1.7647211765855046e-7	-7.619836201397001e-6	-1.3006785340532518e-14	4.452417209531974e-12
3.98e8	1.6047873133617154e-7	-3.168228382235128e-6	-1.8723236138114912e-14	4.450716265401657e-12
3.99e8	1.3958743581548373e-7	1.281631135509784e-6	-2.276619668536904e-14	4.449102688563536e-12
4.e8	1.1552521892410741e-7	5.730289556864394e-6	-2.508135641973007e-14	4.448409095302172e-12
4.01e8	8.99334568994279e-8	0.00001017886304856823	-2.587470953619904e-14	4.448938814697017e-12
4.02e8	6.416980642271682e-8	0.000014628503865183053	-2.5486658956911227e-14	4.450460964304826e-12
4.03e8	3.923192274953771e-8	0.00001907986880986203	-2.428160446887419e-14	4.452217561070573e-12
4.04e8	1.5771479741908502e-8	0.00002353259966191491	-2.2579371258504323e-14	4.452939917484254e-12
4.05e8	-5.844281260952383e-9	0.000027984823672222216	-2.0627002729752444e-14	4.45087205756817e-12
4.06e8	-2.545748289658573e-8	0.000032432680303779636	-1.8597414985566757e-14	4.443799599889841e-12
4.07e8	-4.305074107027568e-8	0.000036869879255066727	-1.6601161235055867e-14	4.429083394598513e-12
4.08e8	-5.8692506369034616e-8	0.000041287294529958426	-1.4701940955469304e-14	4.403698079041023e-12
4.09e8	-7.24976090243368e-8	0.00004567259990806719	-1.2930991718802378e-14	4.364276555703525e-12
4.1e8	-8.460079847306193e-8	0.000050009952552101956	-1.1298557914925856e-14	4.307162131730158e-12
4.11e8	-9.514017502265078e-8	0.00005427973353025187	-9.80225268316066e-15	4.228470631640669e-12
4.12e8	-1.0424762003505203e-7	0.000058458356539443086	-8.432797088880191e-15	4.124165145189086e-12
4.13e8	-1.1204392268707016e-7	0.00006251815883664687	-7.17777998129155e-15	3.990146138281132e-12
4.14e8	-1.1863692474907078e-7	0.00006642739100296662	-6.02402124511914e-15	3.82235936998557e-12
4.15e8	-1.2412152527075506e-7	0.00007015032429435714	-4.958992888240301e-15	3.616923355819889e-12
4.16e8	-1.2858077607390178e-7	0.00007364749552494308	-3.971624447796038e-15	3.370276938067112e-12
4.17e8	-1.3208757105242522e-7	0.00007687610918729302	-3.0527150574671725e-15	3.0793458328714966e-12
4.18e8	-1.347066140490921e-7	0.00007979061432683027	-2.1950977097033316e-15	2.7417248302470806e-12
4.19e8	-1.3649646719831443e-7	0.000082343469083984	-1.3936478579753988e-15	2.3558697035147845e-12
4.2e8	-1.375115547177294e-7	0.00008448609844672125	-6.451929071802915e-16	1.921290005914918e-12
4.21e8	-1.3780404133916777e-7	0.00008617004048575209	5.164380251793528e-17	1.4387310665698844e-12
4.22e8	-1.3742553043664177e-7	0.00008734826336871847	6.966452252055056e-16	9.103310231796618e-13
4.23e8	-1.3642854152493272e-7	0.0000879766203832564	1.2882383505735862e-15	3.397371035831635e-13
4.24e8	-1.3486773482508868e-7	0.00008801539413535333	1.823761616934343e-15	-2.678349211808905e-13
4.25e8	-1.3280085506073046e-7	0.0000874308655885735	2.2997585698820053e-15	-9.056127132540427e-13
4.26e8	-1.3028936959152162e-7	0.00008619683059028776	2.7122950685707107e-15	-1.5653618624911064e-12
4.27e8	-1.273987788715998e-7	0.00008429597805686647	3.057296778590807e-15	-2.2375684359090288e-12
4.28e8	-1.2419858123345957e-7	0.00008172104196091593	3.330902008408914e-15	-2.911707868013954e-12
4.29e8	-1.2076188021480466e-7	0.00007847564505466329	3.5298222353854676e-15	-3.5765902355381242e-12
4.3e8	-1.171646320321569e-7	0.00007457476637981095	3.651699076828063e-15	-4.220763740466608e-12
4.31e8	-1.1348454409223757e-7	0.00007004478644989193	3.695442327112465e-15	-4.832951205006447e-12
4.32e8	-1.0979965288491975e-7	0.00006492309176914197	3.661529611020006e-15	-5.402489689410609e-12
4.33e8	-1.0618663073374059e-7	0.00005925725128834369	3.5522450832175224e-15	-5.919741825868897e-12
4.34e8	-1.0271889421501239e-7	0.00005310380808601257	3.371833501517169e-15	-6.376449491963588e-12
4.35e8	-9.946461004585478e-8	0.00004652675650694486	3.1265479492891782e-15	-6.766005822902615e-12
4.36e8	-9.648471344542982e-8	0.00003959579517942174	2.8245751762235066e-15	-7.0836295296262155e-12
4.37e8	-9.383106555648057e-8	0.00003238445772830567	2.4758320154275633e-15	-7.32643489379747e-12
4.38e8	-9.154487701095046e-8	0.000024968224827828838	2.0916388071543776e-15	-7.49340032399007e-12
4.39e8	-8.965551192438689e-8	0.00001742271402346827	1.6842895358809694e-15	-7.585246738755904e-12
4.4e8	-8.817976031660738e-8	9.822029131133752e-6	1.2665511780610422e-15	-7.60424335096943e-12
4.41e8	-8.712162938513557e-8	2.2373313609288343e-6	8.511341556113154e-16	-7.553962152024339e-12
4.42e8	-8.647265962183159e-8	-5.264327737780595e-6	4.50179873453701e-16	-7.439003474718673e-12
4.43e8	-8.621272633315097e-8	-0.000012620893344373178	7.48091748447751e-17	-7.264713774434131e-12
4.44e8	-8.631124685710258e-8	-0.00001977591604959407	-2.6523246597591844e-16	-7.036913789697415e-12
4.45e8	-8.672868385045922e-8	-0.000026678899959482727	-5.618095386444123e-16	-6.761651214198163e-12
4.46e8	-8.741821866474371e-8	-0.00003328541995949325	-8.085017697233426e-16	-6.44498759882713e-12
4.47e8	-8.832746680560718e-8	-0.000039557045439564886	-1.0005848634446117e-15	-6.092824953979268e-12
4.48e8	-8.940011820991907e-8	-0.00004546111134489526	-1.1349028361387107e-15	-5.710773824314899e-12
4.49e8	-9.05774052860188e-8	-0.00005097037765364198	-1.209655534975756e-15	-5.304061673260756e-12
4.5e8	-9.179932720231146e-8	-0.0000560626160972548	-1.2241281326313577e-15	-4.877478305028115e-12
4.51e8	-9.30055856639144e-8	-0.00006072015893920121	-1.1783887417173662e-15	-4.43535371697549e-12
4.52e8	-9.413621198291127e-8	-0.00006492943963121417	-1.0729767504353228e-15	-3.9815630924348796e-12
4.53e8	-9.513188531379183e-8	-0.00006868054974850327	-9.085992235547644e-16	-3.5195534576454707e-12
4.54e8	-9.593395635759497e-8	-0.00007196683118220478	-6.85846877131139e-16	-3.052386676087309e-12
4.55e8	-9.648419954091987e-8	-0.00007478451740084375	-4.049356432911726e-16	-2.582793795369847e-12
4.56e8	-9.672432033762843e-8	-0.00007713243281449112	-6.547533554713834e-17	-2.113236180151721e-12
4.57e8	-9.659524422027264e-8	-0.00007901175491809838	3.33736206734458e-16	-1.6459692772885548e-12
4.58e8	-9.60362111973465e-8	-0.0000804258399221157	7.948966566884018e-16	-1.1831052193712103e-12
4.59e8	-9.498369668349089e-8	-0.0000813801089367024	1.3213633689544797e-15	-7.266707662881058e-13
4.6e8	-9.337017742657215e-8	-0.00008188198839998203	1.917798915154994e-15	-2.786573280114309e-13
4.61e8	-9.112276258483182e-8	-0.00008194089530031002	2.5902940436417328e-15	1.5893995216341539e-13
4.62e8	-8.81617176639465e-8	-0.00008156825485948638	3.3464561194449814e-15	5.840967842442731e-13
4.63e8	-8.439892687493286e-8	-0.00008077753580868804	4.195438332624247e-15	9.947503005773155e-13
4.64e8	-7.973637337510609e-8	-0.00007958428636564045	5.147865173816104e-15	1.3888073025283014e-12
4.65e8	-7.406477538528284e-8	-0.00007800615274010935	6.21557955554387e-15	1.7641710064886874e-12
4.66e8	-6.726261182292115e-8	-0.0000760628617269578	7.411091997752325e-15	2.1187859567498695e-12
4.67e8	-5.9195921380911604e-8	-0.00007377614996472273	8.746547016508404e-15	2.4506993628178002e-12
4.68e8	-4.971948695348396e-8	-0.0000711696249610869	1.0231931069932073e-14	2.7581355391944093e-12
4.69e8	-3.8680349666113514e-8	-0.00006826854711388625	1.1872128910892927e-14	3.0395785277906673e-12
4.7e8	-2.592505612379431e-8	-0.00006509952760643738	1.3662302416374167e-14	3.293856573046481e-12
4.71e8	-1.1312626754552929e-8	-0.00006169014392472008	1.5580959927796072e-14	3.520221132252602e-12
4.72e8	5.264129849866095e-9	-0.00005806848229452798	1.7580109699502962e-14	3.718412760998437e-12
4.73e8	2.3845869786554896e-8	-0.000054262623836309504	1.957226364991323e-14	3.888706677295963e-12
4.74e8	4.4359678990757847e-8	-0.00005030009784055211	2.1415148131816475e-14	4.031932131370491e-12
4.75e8	6.655678290259312e-8	-0.000046207330447299284	2.2897282649102854e-14	4.149461807167915e-12
4.76e8	8.993899499587972e-8	-0.000042009119495690656	2.3731444923665757e-14	4.243170131437571e-12
4.77e8	1.1368731249407364e-7	-0.000037728166003182367	2.3567838451359173e-14	4.3153622309218005e-12
4.78e8	1.3661966259193831e-7	-0.00003338468961744165	2.2041586281105735e-14	4.368677969008582e-12
4.79e8	1.5721776010843213e-7	-0.000028996149819455878	1.8863847123586013e-14	4.405977642426144e-12
4.8e8	1.737636247893561e-7	-0.000024577087333805842	1.394565104353277e-14	4.430217250320183e-12
4.81e8	1.84599360663961e-7	-0.0000201390920189099	7.510414305432374e-15	4.444321628386983e-12
4.82e8	1.8846530612537717e-7	-0.00001569089541822658	1.2645459368693146e-16	4.451063194753522e-12
4.83e8	1.8480723619222953e-7	-0.000011238579006222907	-7.391311373769565e-15	4.452952748426893e-12
4.84e8	1.739241342425721e-7	-6.7858835946121135e-6	-1.4191499636089598e-14	4.452146958038676e-12
4.85e8	1.5688734090390505e-7	-2.334601722573503e-6	-1.9613946681392608e-14	4.4503751787567715e-12
4.86e8	1.352695591225156e-7	2.1149668083740277e-6	-2.3327979785606035e-14	4.4488863205344e-12
4.87e8	1.1080252889512953e-7	6.563515980493898e-6	-2.533660944952189e-14	4.448414882387211e-12
4.88e8	8.508569886712765e-8	0.000011012209404754166	-2.5880756902061835e-14	4.449164103297557e-12
4.89e8	5.941180135407357e-8	0.00001546214675806039	-2.5312615754388675e-14	4.4508035138208955e-12
4.9e8	3.47106210508581e-8	0.000019913833758952874	-2.399210352365916e-14	4.452477984838987e-12
4.91e8	1.157508373541479e-8	0.000024366665805047346	-2.2226541551305527e-14	4.452825592039914e-12
4.92e8	-9.672498465820726e-9	0.000028818432960005305	-2.02486294548424e-14	4.450002149982428e-12
4.93e8	-2.8905432128578128e-8	0.000033264852190467504	-1.821849615093958e-14	4.441711013437872e-12
4.94e8	-4.6126098646600114e-8	0.000037699131772465883	-1.6236728416731056e-14	4.425237596978171e-12
4.95e8	-6.141420739221268e-8	0.00004211157267703819	-1.4359926495110068e-14	4.3974889395634496e-12
4.96e8	-7.488999262747318e-8	0.000046489212490842184	-1.2614619919493593e-14	4.355039465371755e-12
4.97e8	-8.66898452593222e-8	0.00005081551894557563	-1.1008138211102186e-14	4.294184801501097e-12
4.98e8	-9.695126011123823e-8	0.000055070142275234264	-9.53643513912126e-15	4.2110060484993554e-12
4.99e8	-1.0580430144132993e-7	0.000059228738189178325	-8.189408229378543e-15	4.101447201617622e-12
5.e8	-1.1336740531850771e-7	0.00006326287597704163	-6.954356196242883e-15	3.9614084260996555e-12