0.	-1.3164756558537425e-7	9.874364718519831e-20	0.	-0.00006565412543563628
1.e6	-1.3190508079475967e-7	-65.45904737215436	-5.11717941209457e-16	-0.00006506952245031361
2.e6	-1.3265787393967803e-7	-129.75516823690597	-9.841334094756259e-16	-0.00006333451404962099
3.e6	-1.3384788223127005e-7	-191.76266214069082	-1.380299749716925e-15	-0.00006050438053616729
4.e6	-1.3538212003059732e-7	-250.4280755696694	-1.66759627241094e-15	-0.000056667629956182506
5.e6	-1.3713771234303427e-7	-304.80103088768124	-1.819010296606765e-15	-0.000051940934489275906
6.e6	-1.3896779200196434e-7	-354.0592801213242	-1.8135684968628843e-15	-0.00004646273324597155
7.e6	-1.407073934788621e-7	-397.5269298016538	-1.635909489307469e-15	-0.00004038606982026223
8.e6	-1.421785360100593e-7	-434.68536497202484	-1.2751181622188869e-15	-0.000033871247607844325
9.e6	-1.431938525423449e-7	-465.17696148354815	-7.230192083253112e-16	-0.00002707883159881247
1.e7	-1.4355833297181234e-7	-488.80215483794194	2.7852513894154823e-17	-0.000020163419440105576
1.1e7	-1.4306895857882868e-7	-505.5107907593542	9.864112051071153e-16	-0.00001326847006608149
1.2e7	-1.415121762383796e-7	-515.3889006703047	2.1651604754746104e-15	-6.522338516556047e-6
1.3e7	-1.3865928820966952e-7	-518.6421293339076	3.582205523030915e-15	-3.554018604193503e-8
1.4e7	-1.3425993609460158e-7	-515.5770135228014	5.2630326318054464e-15	6.100830276731678e-6
1.5e7	-1.280339860862089e-7	-506.5812005871269	7.241888934180374e-15	0.000011815664921257536
1.6e7	-1.1966236590250286e-7	-492.10353782069734	9.562418819147218e-15	0.000017057564548393225
1.7e7	-1.0877791027935663e-7	-472.6347883728784	1.227684770522976e-14	0.000021793891830855235
1.8e7	-9.495828670311238e-8	-448.6895614738952	1.5442328090283558e-14	0.000026009313811067726
1.9e7	-7.772499000872405e-8	-420.7899000098376	1.91119012513372e-14	0.00002970396368974318
2.e7	-5.6555797179260195e-8	-389.45085452753665	2.3315692171411938e-14	0.000032891319960558076
2.1e7	-3.092366606261823e-8	-355.1682893938588	2.8025453497615996e-14	0.0000355958726281637
2.2e7	-3.8319804427191884e-10	-318.4091077980586	3.3093266972649845e-14	0.00003785062660497949
2.3e7	3.526507283305801e-8	-279.60403724003913	3.8156388028107075e-14	0.000039694484332316565
2.4e7	7.569930194246503e-8	-239.14307404072957	4.251331242834437e-14	0.00004116955372403798
2.5e7	1.19678726304619e-7	-197.37363289379283	4.501612060441127e-14	0.000042318441792355436
2.6e7	1.645936233398233e-7	-154.60137720225148	4.410151770424511e-14	0.000043181614743980505
2.7e7	2.061975096684401e-7	-111.09361444412812	3.8159016613490044e-14	0.000043794926338540144
2.8e7	2.3893757045669107e-7	-67.0850306020428	2.6355541837455253e-14	0.000044187431700971366
2.9e7	2.572371738998606e-7	-22.785417249670804	9.611745789111021e-15	0.00004437960804825514
3.e7	2.57485069745894e-7	21.611072648726942	-9.124989783139055e-15	0.00004438209333337059
3.1e7	2.396298242616657e-7	65.9157034682032	-2.596721060491662e-14	0.000044195027954289104
3.2e7	2.072041029531904e-7	109.93460013233812	-3.7922680419930376e-14	0.00004380804605090734
3.3e7	1.6575944366344468e-7	153.45850964632405	-4.401531006814886e-14	0.00004320091701444939
3.4e7	1.208702472441483e-7	196.25351211959097	-4.504345974010715e-14	0.00004234479183656229
3.5e7	7.682550602984429e-8	238.05324676199294	-4.260954185870424e-14	0.00004120397002657756
3.6e7	3.6276413967830224e-8	278.55311972809744	-3.8284793598910025e-14	0.000039738076584295944
3.7e7	4.942728318178032e-10	317.406843429541	-3.322953934756907e-14	0.00003790452764499662
3.8e7	-3.0180369305316425e-8	354.22553638523004	-2.8155970745533872e-14	0.000035661167327525096
3.9e7	-5.5937283712350474e-8	388.5795020653994	-2.3434121939651605e-14	0.00003296897348693741
4.e7	-7.721789824369188e-8	420.00271313134084	-1.921621198799142e-14	0.00002979475100816332
4.1e7	-9.45484780521557e-8	447.99995665507015	-1.5532729401571214e-14	0.000026113751798003007
4.2e7	-1.0845203016396055e-7	472.0565430059125	-1.2354544641594931e-14	0.000021912175117872317
4.3e7	-1.1940845919979956e-7	491.650437873114	-9.628924603729018e-15	0.0000171895062571792
4.4e7	-1.278416104952182e-7	506.2666320565472	-7.298677601622883e-15	0.000011960643821768844
4.5e7	-1.3412003380722928e-7	515.4135051374561	-5.311383879803976e-15	6.257746549589744e-6
4.6e7	-1.385639595345698e-7	518.6408565330315	-3.6231527560793195e-15	1.3170242022007603e-7
4.7e7	-1.4145443092305446e-7	515.5591643249618	-2.1994922104442373e-15	-6.346909022452669e-6
4.8e7	-1.4304248361361157e-7	505.8594882747887	-1.014699606156638e-15	-0.000013087518805978279
4.9e7	-1.43557296716817e-7	489.33326590562143	-5.049605409303035e-17	-0.000019980109874562314
5.e7	-1.432127558361345e-7	465.89107528786	7.057451395200083e-16	-0.00002689676932238766
5.1e7	-1.4221211645956246e-7	435.5792793648173	1.2630059370945956e-15	-0.00003369439226859952
5.2e7	-1.4075058635656728e-7	398.5933549648492	1.6287618145609495e-15	-0.00004021861430738237
5.3e7	-1.3901574829366123e-7	355.28667866251106	1.811142189079841e-15	-0.00004630895227694739
5.4e7	-1.371858705773531e-7	306.17362242823805	1.8209658039684414e-15	-0.00005180500830269896
5.5e7	-1.3542632341292935e-7	251.92602630581996	1.6734585236986945e-15	-0.00005655345254289989
5.6e7	-1.3388452684804426e-7	193.36246871398143	1.3894360643263667e-15	-0.000060415365139008564
5.7e7	-1.3268406855760296e-7	131.43023129013045	9.957529592731794e-16	-0.00006327341089363948
5.8e7	-1.3191879555427541e-7	67.18041474781653	5.248944859782871e-16	-0.0000650382642712306
5.9e7	-1.3164774704943295e-7	1.7372444814516754	1.3715727234336724e-17	-0.0000656537150127433
6.e7	-1.3189171506214715e-7	-63.736863569526236	-4.985137378052184e-16	-0.00006509997301335498
6.1e7	-1.3263198749328303e-7	-128.07849852439608	-9.724602150355932e-16	-0.00006339484848698119
6.2e7	-1.3381148038108478e-7	-190.16050950812232	-1.3710868746065668e-15	-0.000060592689483878295
6.3e7	-1.353380730314612e-7	-248.92711188518498	-1.6616385221443211e-15	-0.000056781182987165063
6.4e7	-1.3708960731078488e-7	-303.4248496242729	-1.8169446314300067e-15	-0.000052076333645840584
6.5e7	-1.389197731080084e-7	-352.82781798501446	-1.8158739609215648e-15	-0.00004661609477298205
6.6e7	-1.406640131682756e-7	-396.45607771603585	-1.6429287792102109e-15	-0.0000405532185411231
6.7e7	-1.4214463683672393e-7	-433.7867734396064	-1.287096398317299e-15	-0.00003404790894229468
6.8e7	-1.4317449400668516e-7	-464.4580313251419	-7.401541883255143e-16	-0.000027260808416776497
6.9e7	-1.4355877198647544e-7	-488.2661930807131	5.3541782980635915e-18	-0.000020346744223279386
7.e7	-1.4309468705171417e-7	-505.15730376614647	9.582766451821654e-16	-0.000013449526572253843
7.1e7	-1.4156901531767657e-7	-515.2139926229922	2.1309951533158756e-15	-6.697950726667928e-6
7.2e7	-1.387535358339643e-7	-518.6389735287052	3.5414424644731476e-15	-2.030293211192823e-7
7.3e7	-1.3439856173349563e-7	-515.7363658854878	5.214889494653869e-15	5.943617705437288e-6
7.4e7	-1.2822486217464626e-7	-506.8919284905909	7.185338973229004e-15	0.00001167035379090549
7.5e7	-1.1991451646848804e-7	-492.5531418127317	9.49618850152648e-15	0.000016925267844286767
7.6e7	-1.0910173866939877e-7	-473.2098990545126	1.2199466745842896e-14	0.000021675242920872164
7.7e7	-9.536570796794462e-8	-449.3763979659179	1.5352280936732227e-14	0.00002590451041861881
7.8e7	-7.822932663974936e-8	-421.57467989368627	1.90079677574799e-14	0.000029612820539411055
7.9e7	-5.717118169529934e-8	-390.32014775234694	2.3197623366930175e-14	0.000032813327895159794
8.e7	-3.166351272379015e-8	-356.10931049529256	2.78951992009808e-14	0.000035530262651582396
8.1e7	-1.2570632682271994e-9	-319.4099421051722	3.2957011089277655e-14	0.00003779643768324777
8.2e7	3.425713560963015e-8	-280.65379785961983	3.802751498177144e-14	0.0000396506338394848
8.3e7	7.457566102106172e-8	-240.2319876250097	4.241581168816295e-14	0.000041134909167254356
8.4e7	1.184879604123447e-7	-198.4930537882831	4.498639556910019e-14	0.000042291891971914683
8.5e7	1.63425569117312e-7	-155.7437317004401	4.4184161778088545e-14	0.00004316213792921324
8.6e7	2.0518471850981254e-7	-112.25227956263706	3.8391141378867064e-14	0.00004378165252984675
8.7e7	2.3823508858258848e-7	-68.25415488698103	2.6740283263163314e-14	0.00004417969576295653
8.8e7	2.569764173194886e-7	-23.959694339671113	1.009704426397089e-14	0.0000443769905655057
8.9e7	2.577200672399926e-7	20.43666403354132	-8.636848105776539e-15	0.00004438444651966572
9.e7	2.40311755510209e-7	64.74617717774045	-2.557532763371782e-14	0.000044202484813220875
9.1e7	2.08204386888519e-7	108.77524069859531	-3.7682130035305853e-14	0.00004382101213080741
9.2e7	1.6692293543217884e-7	152.31513364312548	-4.392551157138965e-14	0.00004322004534951884
9.3e7	1.2206245967281087e-7	195.13269674238094	-4.50683807846955e-14	0.000042370942821285015
9.4e7	7.795423930121068e-8	236.96251181820702	-4.270447406394197e-14	0.000041238158855830034
9.5e7	3.729114642137829e-8	277.50105214646385	-3.841271480965193e-14	0.00003978141139276095
9.6e7	1.3753496734176423e-9	316.4031566070609	-3.336581888928067e-14	0.000037958141567083934
9.7e7	-2.943361555012198e-8	353.28105980285756	-2.8286746688130777e-14	0.00003572614742956291
9.8e7	-5.531563176037597e-8	387.706099316668	-2.355291136785443e-14	0.00003304628902086657
9.9e7	-7.670804135964632e-8	419.2131286689054	-1.932090018466799e-14	0.00002988518286031884
1.e8	-9.4136272632154e-8	447.30759317647124	-1.5623485752678987e-14	0.00002621782451916592
1.01e8	-1.0812408994799393e-7	471.47517262992784	-1.2432558633570199e-14	0.000022030092654175725
1.02e8	-1.1915278905759629e-7	491.1938513691226	-9.695706895717871e-15	0.000017321092538284648
1.03e8	-1.2764772907347537e-7	505.94823170003286	-7.355705874216117e-15	0.000012105289724318442
1.04e8	-1.339788493550803e-7	515.2458485846267	-5.3599439619286105e-15	6.4143653970579545e-6
1.05e8	-1.3846754492802519e-7	518.63516166923	-3.664284713952112e-15	2.986969995823982e-7
1.06e8	-1.413957749630586e-7	515.724788446461	-2.2339907563025483e-15	-6.171664111939368e-6
1.07e8	-1.4301525808168783e-7	506.20339912671045	-1.0431421243541146e-15	-0.000012906675010137286
1.08e8	-1.4355565937678297e-7	489.85952671991515	-7.328498846816037e-17	-0.000019796818056284048
1.09e8	-1.4323120020580228e-7	466.6003705135899	6.883318399096e-16	-0.000026714624366964264
1.1e8	-1.422453746380175e-7	436.468511523455	1.25075958812056e-15	-0.00003351734586914207
1.11e8	-1.4079358840203392e-7	399.65534512745506	1.621485587690118e-15	-0.00004005085500583932
1.12e8	-1.3906363878238087e-7	356.5100025487493	1.80859480215965e-15	-0.00004615475480404323
1.13e8	-1.3723407909450952e-7	307.5426103366208	1.8228108222123056e-15	-0.000051668557823999896
1.14e8	-1.3547068064562967e-7	253.42094760383824	1.6792248330738393e-15	-0.00005643865314789695
1.15e8	-1.3392141219821972e-7	194.95991056048433	1.398495263383499e-15	-0.000060325645227129554
1.16e8	-1.3271056991896817e-7	133.10366736127523	1.0073182133023365e-15	-0.00006321154037891223
1.17e8	-1.3193285859935303e-7	68.90094433580427	5.380426559792805e-16	-0.00006500619918173749
1.18e8	-1.316482914318258e-7	3.4744672429070134	2.7430714978399627e-17	-0.00006565248375337435
1.19e8	-1.3187869907881497e-7	-62.01388471907913	-4.852825930856516e-16	-0.00006512961527278332
1.2e8	-1.326064106292491e-7	-126.4002425111873	-9.607340292580623e-16	-0.00006345441286228362
1.21e8	-1.3377532331595089e-7	-188.55602953481832	-1.3617979968676658e-15	-0.000060680290061330784
1.22e8	-1.3529418493658873e-7	-247.42315180554488	-1.6555857188652947e-15	-0.00005689410924600069
1.23e8	-1.3704155839103364e-7	-302.04509261969184	-1.8147691425534207e-15	-0.00005221120304167631
1.24e8	-1.3887169480625258e-7	-351.5923033910887	-1.8180588188926835e-15	-0.000046769033923375094
1.25e8	-1.4062044881972014e-7	-395.3808068656463	-1.6498198529187203e-15	-0.00004072005746667254
1.26e8	-1.4211042248319954e-7	-432.8835099400551	-1.2989407805716232e-15	-0.00003422437332435502
1.27e8	-1.4315468390765867e-7	-463.7342871107775	-7.571502208080307e-16	-0.00002744269699125675
1.28e8	-1.4355861760051966e-7	-487.7253802648191	-1.699914049847542e-17	-0.000020530081686942734
1.29e8	-1.4311967309937695e-7	-504.7990245397356	9.302956531226883e-16	-0.000013630686097461567
1.3e8	-1.4162495255910332e-7	-515.0344353730492	2.0969958495389884e-15	-6.873743775602811e-6
1.31e8	-1.3884670727359095e-7	-518.6313826140611	3.500863034422733e-15	-3.7076347706071805e-7
1.32e8	-1.3453591622113399e-7	-515.8915544002937	5.166953749786301e-15	5.786109972376584e-6
1.33e8	-1.2841424506500852e-7	-507.19880698620045	7.129026824531566e-15	0.000011524711208072824
1.34e8	-1.2016491817304485e-7	-492.99924046164494	9.430232613249786e-15	0.00001679261658573351
1.35e8	-1.0942352368074542e-7	-473.78186537799786	1.2122400683547443e-14	0.000021556228523275524
1.36e8	-9.577075120610247e-8	-450.0604564605143	1.526258704891841e-14	0.00002579934148747488
1.37e8	-7.873091811567487e-8	-422.357043362596	1.8904411262684324e-14	0.000029521321196930836
1.38e8	-5.778344682842264e-8	-391.18737277470706	2.307991677424338e-14	0.00003273499674835803
1.39e8	-3.239991630186612e-8	-357.04859133816916	2.776521200978978e-14	0.00003546433672078231
1.4e8	-2.1273233979586803e-9	-320.4093387233113	3.282078085596744e-14	0.00003774196011759009
1.41e8	3.325261444636931e-8	-281.70239474310466	3.789819111575357e-14	0.00003960652430870235
1.42e8	7.345461656495071e-8	-241.31998146475024	4.231706532193551e-14	0.00004110003557420684
1.43e8	1.1729801227450239e-7	-199.61176950735194	4.4954316758997345e-14	0.000042265141656205296
1.44e8	1.6225537492480801e-7	-156.8855685142217	4.4263269945929943e-14	0.00004314248595788262
1.45e8	2.0416584086757186e-7	-113.41059140419685	3.8619058396706616e-14	0.00004376822415671969
1.46e8	2.3752247411905027e-7	-69.42307262296606	2.712139794198618e-14	0.00004417181984505985
1.47e8	2.5670283951674223e-7	-25.133900419319943	1.0580813887639139e-14	0.000044374240781108036
1.48e8	2.579421306728717e-7	19.262194898293334	-8.14739313084646e-15	0.00004438666770075051
1.49e8	2.4098327073720314e-7	63.57645541533377	-2.5179932115597553e-14	0.000044209802563191865
1.5e8	2.0919824993805907e-7	107.61554020201977	-3.743736362731201e-14	0.00004383382503783185
1.51e8	1.680840032725911e-7	151.17125378710446	-4.383209528784166e-14	0.00004323900035469564
1.52e8	1.2325529917988592e-7	194.01119201994368	-4.5090851487752166e-14	0.00004239689546095907
1.53e8	7.90854670857937e-8	235.87087521815982	-4.279808289887742e-14	0.00004127212099165591
1.54e8	3.830925715131942e-8	276.4478412966844	-3.8540134545907574e-14	0.000039824489555254106
1.55e8	2.260032544945316e-9	315.39805491779424	-3.350209610497155e-14	0.00003801146913656355
1.56e8	-2.8683398009275428e-8	352.3348679621548	-2.841777696486715e-14	0.00003579081361703657
1.57e8	-5.469083182438864e-8	386.8306552175215	-2.3672059095474687e-14	0.00003312326711306561
1.58e8	-7.619540936618918e-8	418.4211560234869	-1.9425966031494984e-14	0.000029975259617237336
1.59e8	-9.372166103697874e-8	446.61248070132996	-1.571459801545714e-14	0.000026321532120827593
1.6e8	-1.0779408122771735e-7	470.8906869245355	-1.2510890758373461e-14	0.000022147644319596558
1.61e8	-1.1889534814554206e-7	490.73378771918306	-9.762766738319817e-15	0.000017452322967841125
1.62e8	-1.274523354689446e-7	505.62600833898955	-7.412974655020317e-15	0.000012249601870007803
1.63e8	-1.3383637720265512e-7	515.0740517491581	-5.408713606177413e-15	6.5706857018898625e-6
1.64e8	-1.3837003949477497e-7	518.62505132515	-3.7056019513487476e-15	4.654420638289935e-7
1.65e8	-1.4133620393916685e-7	515.885777943623	-2.268656514797413e-15	-5.996605642980682e-6
1.66e8	-1.4298727790134116e-7	506.5425261879236	-1.0717390385121937e-15	-0.000012725940887883507
1.67e8	-1.4355341710196407e-7	490.38093778378925	-9.621950839049798e-17	-0.000019613546507356452
1.68e8	-1.4324918196532963e-7	467.3048450096807	6.707791667531586e-16	-0.00002653239950638413
1.69e8	-1.4227830699464564e-7	437.353056431315	1.2383789808030454e-15	-0.00003334011135096491
1.7e8	-1.4083639621149614e-7	400.71289229076655	1.6140806427583278e-15	-0.00003988279491896602
1.71e8	-1.3911146026120514e-7	357.7292407980072	1.80592610289397e-15	-0.000046000143768826366
1.72e8	-1.3728233496654121e-7	308.9079807760313	1.8245450228369084e-15	-0.000051531585798146284
1.73e8	-1.3551518918419002e-7	254.91282303760266	1.6848947606348648e-15	-0.000056323234182396676
1.74e8	-1.339585362339601e-7	196.55496906404838	1.4074767946692649e-15	-0.00006023522274909818
1.75e8	-1.327373765784846e-7	134.77545616371233	1.0188285226382046e-15	-0.00006314890388169818
1.76e8	-1.3194726916971767e-7	70.62061479429134	5.511617362971885e-16	-0.00006497332790549668
1.77e8	-1.3164919870320145e-7	5.211646564864175	4.114422377424281e-17	-0.00006565043168545835
1.78e8	-1.318660335481429e-7	-60.29013221793492	-4.720252255287825e-16	-0.00006515844855911706
1.79e8	-1.32581144741092e-7	-124.72042059116157	-9.489555076047161e-16	-0.00006351320584858732
1.8e8	-1.3373941303953234e-7	-186.94924098991774	-1.3524336771819832e-15	-0.000060767180361707736
1.81e8	-1.3525045825520676e-7	-245.91621194703256	-1.649438311573159e-15	-0.000057006406353666715
1.82e8	-1.3699356848533083e-7	-300.66177392777155	-1.8124841669158085e-15	-0.000052345539953336045
1.83e8	-1.3882356028483848e-7	-350.3527475546978	-1.820123310656718e-15	-0.00004692154776617053
1.84e8	-1.405767038236287e-7	-394.3011254875915	-1.6565828804768718e-15	-0.00004088658359376836
1.85e8	-1.420758964895479e-7	-431.9755797238448	-1.310651444549633e-15	-0.00003440063780349162
1.86e8	-1.4313442592003977e-7	-463.0057312123054	-7.740074463761976e-16	-0.000027624494531729127
1.87e8	-1.4355787364871269e-7	-487.1797160883981	-3.920762855574639e-17	-0.000020713429286492235
1.88e8	-1.4314392078173068e-7	-504.4359503837549	9.024679584088116e-16	-0.000013811946405857634
1.89e8	-1.4167999235042879e-7	-514.8502241603247	2.0631621733421593e-15	-7.049715776584591e-6
1.9e8	-1.38938807380295e-7	-518.6193501266349	3.4604666912320195e-15	-5.38741136049046e-7
1.91e8	-1.346720050357871e-7	-516.0425712722028	5.119224683353026e-15	5.628308223944172e-6
1.92e8	-1.2860214103817073e-7	-507.5018273139154	7.072951598294024e-15	0.000011378737959374749
1.93e8	-1.2041357826404406e-7	-493.4418243916441	9.364550119596706e-15	0.000016659611222143093
1.94e8	-1.0974327363146595e-7	-474.3506776741664	1.2045648437356433e-14	0.00002143684878104828
1.95e8	-9.617342575330387e-8	-450.7417272836307	1.5173245525241885e-14	0.00002569380689104262
1.96e8	-7.922977440861363e-8	-423.136980986783	1.880123149728442e-14	0.000029429465307509105
1.97e8	-5.839260217888194e-8	-392.0525206151715	2.2962573586612296e-14	0.00003265632598198502
1.98e8	-3.3132883918467116e-8	-357.9861235531975	2.763549597724177e-14	0.000035398094161696515
1.99e8	-2.9939792315377574e-9	-321.4072900046534	3.268458526681129e-14	0.000037687193147402606
2.e8	3.2251521054384974e-8	-282.74982102562217	3.776843285848274e-14	0.00003956215494314524
2.01e8	7.233620119691718e-8	-242.40704948914217	4.2217098780383056e-14	0.00004106493216184601
2.02e8	1.1610894374919477e-7	-200.72977473621495	4.491991622471443e-14	0.00004223819012393916
2.03e8	1.610831339548298e-7	-158.02688300075252	4.4338870207537e-14	0.00004312265821438311
2.04e8	2.0314098802259356e-7	-114.56854587268398	3.884277225235916e-14	0.000043754640746824225
2.05e8	2.3679982350825613e-7	-70.5917801020863	2.7498850065918967e-14	0.000044163803647236415
2.06e8	2.564164818833403e-7	-26.308031986417035	1.106298390484438e-14	0.000044371358585853054
2.07e8	2.5815122625681686e-7	18.087668734729593	-7.656697720382913e-15	0.00004438875696502626
2.08e8	2.416442775293745e-7	62.40654185816216	-2.4781064360696814e-14	0.000044216981484729066
2.09e8	2.1018558052941146e-7	106.45550268963451	-3.718838030678382e-14	0.00004384648522728414
2.1e8	1.6924255110384819e-7	150.026874656643	-4.373503467822182e-14	0.00004325778263206749
2.11e8	1.2444870050058877e-7	192.88900319118866	-4.511083954785278e-14	0.00004242265046767363
2.12e8	8.021915401798627e-8	234.77834294993954	-4.289034199021633e-14	0.00004130585721278505
2.13e8	3.933073265935858e-8	275.39349395924927	-3.866703546217604e-14	0.00003986731186948746
2.14e8	3.1483212573893836e-9	314.39154592869704	-3.363836133195067e-14	0.00003806451112025992
2.15e8	-2.7929710011795506e-8	351.38696916039765	-2.854905710975999e-14	0.000035855166575532916
2.16e8	-5.406287444220404e-8	385.95317868961047	-2.379156370420873e-14	0.00003319990831837121
2.17e8	-7.567999226825753e-8	417.62680458616205	-1.9531409690906067e-14	0.000030064981655294177
2.18e8	-9.330463383757235e-8	445.9146288889068	-1.5806067051197697e-14	0.00002642487475576035
2.19e8	-1.0746199557090794e-7	470.30309557236234	-1.2589542091647145e-14	0.000022264830001517506
2.2e8	-1.1863612910564772e-7	490.2702563448269	-9.830105177429931e-15	0.000017583197130450094
2.21e8	-1.272554233056361e-7	505.2999708147388	-7.470484851473942e-15	0.000012393579509144153
2.22e8	-1.336926117951289e-7	514.8981225453573	-5.45769354526966e-15	6.726706356537385e-6
2.23e8	-1.3827143832482314e-7	518.6105321226864	-3.747105027348826e-15	6.319361346117331e-7
2.24e8	-1.4127571342147567e-7	516.0421377742414	-2.3034898913679703e-15	-5.82173546391201e-6
2.25e8	-1.4295853898344098e-7	506.8768723895722	-1.1004906302579182e-15	-0.00001254531863964709
2.26e8	-1.4355056603752602e-7	490.89749966688095	-1.1929980705596572e-16	-0.000019430297742272777
2.27e8	-1.4326669742491121e-7	468.0044966984837	6.530869765403233e-16	-0.000026350097508809614
2.28e8	-1.423109099751139e-7	438.23290914951247	1.225863980950391e-15	-0.00003316269165239857
2.29e8	-1.4087900637681507e-7	401.76598853559284	1.606546815147619e-15	-0.00003971443704998347
2.3e8	-1.3915920951707484e-7	358.9443825060901	1.8031358602590066e-15	-0.00004584512211620303
2.31e8	-1.373306352568317e-7	310.269719982425	1.8261680801306427e-15	-0.00005139409497708548
2.32e8	-1.355598464725027e-7	256.40163624488065	1.6904678695117987e-15	-0.000056207198068173746
2.33e8	-1.339958968928538e-7	198.14762566028506	1.416380108807896e-15	-0.000060144099667244874
2.34e8	-1.3276448707372128e-7	136.44557744748047	1.030283240578658e-15	-0.00006308550279458343
2.35e8	-1.319620264861939e-7	72.33940480088086	5.642510132634606e-16	-0.00006493965118417079
2.36e8	-1.3165046881464402e-7	6.948760728801244	5.4855514228596987e-17	-0.00006564755885554239
2.37e8	-1.318537191544855e-7	-58.56562748063053	-4.587423547407145e-16	-0.00006518647222099185
2.38e8	-1.3255619120495523e-7	-123.03905319310714	-9.371253076715246e-16	-0.00006357122613550009
2.39e8	-1.3370375154062027e-7	-185.34016269288858	-1.3429944790286451e-15	-0.00006085335849226198
2.4e8	-1.3520689548462105e-7	-244.4063089887135	-1.6431967522997614e-15	-0.00005711807194205439
2.41e8	-1.3694564048627368e-7	-299.2749076743278	-1.8100900442900924e-15	-0.00005247934166474027
2.42e8	-1.3877537272553062e-7	-349.1091617684491	-1.8220676783569767e-15	-0.00004707363337410802
2.43e8	-1.405327815659138e-7	-393.2170418984189	-1.6632180333477263e-15	-0.000041052793919508104
2.44e8	-1.4204106239223743e-7	-431.0629881196049	-1.3222285262328362e-15	-0.00003457669942630689
2.45e8	-1.431137237148909e-7	-462.27236607555596	-7.907260049777105e-16	-0.000027806198242229152
2.46e8	-1.4355654396092047e-7	-486.62920031695796	-6.127147021860063e-17	-0.00002089678446990588
2.47e8	-1.4316743415156759e-7	-504.06807866105754	8.747932932345903e-16	-0.000013993305252810364
2.48e8	-1.4173413906912892e-7	-514.6613542747118	2.0294937375292146e-15	-7.225864833260345e-6
2.49e8	-1.39029840991548e-7	-518.602869643332	3.4202528975731087e-15	-7.069607704034197e-7
2.5e8	-1.3480683363690043e-7	-516.1894087366869	5.0717015862136724e-15	5.470213616267566e-6
2.51e8	-1.2878855635152215e-7	-507.80098073459146	7.017112409185149e-15	0.000011232434840696793
2.52e8	-1.2066050396201669e-7	-493.8808842389246	9.299139988808999e-15	0.00001652625221148226
2.53e8	-1.1006099681101296e-7	-474.9163262777465	1.1969208925335349e-14	0.000021317103844829728
2.54e8	-9.65737409212877e-8	-451.4202007579143	1.5084255454808653e-14	0.000025587906509346196
2.55e8	-7.972590548320783e-8	-423.91448332715623	1.8698428166253443e-14	0.000029337252521826716
2.56e8	-5.899865737778722e-8	-392.9155822801381	2.284559494349107e-14	0.000032577315062124905
2.57e8	-3.3862422801141236e-8	-358.9218987533027	2.7506055057042063e-14	0.000035331534303224844
2.58e8	-3.8570318028697175e-9	-322.4037882813558	3.254843315329406e-14	0.000037632136013725485
2.59e8	3.125386671307497e-8	-283.79606982123596	3.763825641226064e-14	0.00003951752494629938
2.6e8	7.122044686940613e-8	-243.49318560668584	4.211593727975884e-14	0.000041029598146127006
2.61e8	1.1492081584750938e-7	-201.8470641409986	4.488322593530226e-14	0.00004221103665160557
2.62e8	1.599089386546215e-7	-159.16767050075927	4.44109908919984e-14	0.00004310265407979628
2.63e8	2.021102711225965e-7	-115.72613885946049	3.906228842259561e-14	0.00004374090182361908
2.64e8	2.3606723412487354e-7	-71.7602736084399	2.7872604962327954e-14	0.00004415564686459413
2.65e8	2.5611738767548426e-7	-27.482085535784936	1.1543484149904778e-14	0.00004436834386534072
2.66e8	2.5834732213825913e-7	16.91308903234423	-7.164835198401743e-15	0.00004439071439568233
2.67e8	2.422946845548148e-7	61.23644017605746	-2.4378765791772462e-14	0.00004422402185344891
2.68e8	2.1116626707925956e-7	105.29513219646074	-3.693518013999219e-14	0.000043858993150160675
2.69e8	1.7039848214815574e-7	148.882000814374	-4.363430360475788e-14	0.00004327639278027837
2.7e8	1.2564259751483722e-7	191.76613547622756	-4.512831262070068e-14	0.00004244820855114173
2.71e8	8.135526403132656e-8	233.68492098115811	-4.298122473843704e-14	0.00004133936829678436
2.72e8	4.035555898515705e-8	274.3380168934898	-3.8793399980743215e-14	0.00003990987913330733
2.73e8	4.040215363789744e-9	313.38363718635566	-3.377460473582938e-14	0.00003811726828646443
2.74e8	-2.717254500628014e-8	350.43737167674226	-2.8680582549865434e-14	0.000035919206993432946
2.75e8	-5.343175018994336e-8	385.0736786397185	-2.3911423716976235e-14	0.00003327621319570469
2.76e8	-7.516178006686264e-8	416.8300837379886	-1.9637231297034854e-14	0.000030154349356181286
2.77e8	-9.288518158222948e-8	445.21404739437503	-1.5897893710304538e-14	0.00002652785258320765
2.78e8	-1.0712782451690387e-7	469.712408259018	-1.2668513707293501e-14	0.000022381649594848257
2.79e8	-1.18375124552214e-7	489.8032666785669	-9.897723261559873e-15	0.000017713714619160276
2.8e8	-1.2705698618349095e-7	504.9701279883845	-7.52823737537038e-15	0.000012537221901224916
2.81e8	-1.3354754755822608e-7	514.7180689167069	-5.506884516647502e-15	6.882426263141745e-6
2.82e8	-1.381717364933221e-7	518.5916107227697	-3.7887945054269195e-15	7.981777434524248e-7
2.83e8	-1.4121429896930348e-7	516.1938729449724	-2.338491295165978e-15	-5.647055413425818e-6
2.84e8	-1.4292903723136646e-7	507.2064407209675	-1.1293971840573728e-15	-0.000012364810456937039
2.85e8	-1.4354710232349827e-7	491.4092130052651	-1.4252607951245136e-16	-0.000019247074267892543
2.86e8	-1.4328374289093294e-7	468.6993235754109	6.352551249630379e-16	-0.00002616772113666603
2.87e8	-1.4234318002154112e-7	439.10806481693237	1.213214454644999e-15	-0.0000329850897085366
2.88e8	-1.409214154855128e-7	402.8146260221418	1.5988839415330046e-15	-0.00003954578440191616
2.89e8	-1.3920688333084547e-7	360.15541684686167	1.8002238453955175e-15	-0.00004568969279432448
2.9e8	-1.3737897702018212e-7	311.6278142645958	1.827679671159992e-15	-0.00005125608811964929
2.91e8	-1.3560464994293936e-7	257.88737092771987	1.6959437258652347e-15	-0.000056090547237463616
2.92e8	-1.340334920979911e-7	199.7378618369506	1.425204659277674e-15	-0.000060052277957585314
2.93e8	-1.3279189992516442e-7	138.11401099968757	1.0416817226659064e-15	-0.00006302133852642306
2.94e8	-1.3197712975073865e-7	74.05729305299668	5.773097744853768e-16	-0.00006490516977739156
2.95e8	-1.3165210169767323e-7	8.68578801765258	6.856384704515085e-17	-0.00006564386532878924
2.96e8	-1.3184175656314103e-7	-56.84039193876536	-4.4543470142572e-16	-0.00006521368562518865
2.97e8	-1.3253155137955435e-7	-121.356160780341	-9.252440891658487e-16	-0.00006362847242923451
2.98e8	-1.3366834079305857e-7	-183.72881351305702	-1.333480968672074e-15	-0.00006093882257439069
2.99e8	-1.3516349911013643e-7	-242.89345967217315	-1.6368614961091253e-15	-0.00005722910365405892
3.e8	-1.3689777727743127e-7	-297.8845080569284	-1.807587117293821e-15	-0.00005261260546727176
3.01e8	-1.3872713530365616e-7	-347.8615574024408	-1.8238921664188272e-15	-0.00004722528782374257
3.02e8	-1.4048868542793362e-7	-392.1285644941318	-1.6697254844383964e-15	-0.00004121868544131523
3.03e8	-1.4200592372413333e-7	-430.14574053418136	-1.3336721620442303e-15	-0.0000347525552366158
3.04e8	-1.4309258095957952e-7	-461.53419422035705	-8.073060359329146e-16	-0.000027987805321412307
3.05e8	-1.4355463236215527e-7	-486.073832783694	-8.319084814379095e-17	-0.00002108014467778684
3.06e8	-1.4319021725462882e-7	-503.6954067941362	8.472713924827531e-16	-0.000014174760384931874
3.07e8	-1.4178739708248135e-7	-514.4678210564199	1.9959901584879358e-15	-7.402189039713993e-6
3.08e8	-1.3911981293066014e-7	-518.581934781756	3.3802211204226584e-15	-8.754208425799511e-7
3.09e8	-1.3494040746521615e-7	-516.3320590598897	5.024383753933598e-15	5.311827315215906e-6
3.1e8	-1.2897349723908466e-7	-508.09625853036613	6.961508376355985e-15	0.00001108580265721236
3.11e8	-1.2090570246023275e-7	-494.31641065190365	9.234001192154548e-15	0.00001639254002029602
3.12e8	-1.1037670148019989e-7	-475.4788015275994	1.1893081064751193e-14	0.000021196993872941427
3.13e8	-9.697170599756896e-8	-452.0958672029816	1.499561591773412e-14	0.000025481640229056526
3.14e8	-8.021932129596175e-8	-424.6895409355198	1.8596000949765942e-14	0.000029244682496070337
3.15e8	-5.960162208570198e-8	-393.77654876194083	2.2728981931482538e-14	0.00003249796345914507
3.16e8	-3.458854028075489e-8	-359.8559085337168	2.7376893104855928e-14	0.00003526465647726861
3.17e8	-4.7164823774148936e-9	-323.3988258655462	3.241233318610592e-14	0.000037576787959277505
3.18e8	3.025966227609352e-8	-284.84113422300936	3.7507677754590987e-14	0.000039472633521995874
3.19e8	7.010738487074226e-8	-244.57838370508097	4.201360580054561e-14	0.00004099403274204341
3.2e8	1.1373368873576418e-7	-202.96363236868	4.484427777109228e-14	0.00004218368051350182
3.21e8	1.5873288071761805e-7	-160.30792633867284	4.4479660643658467e-14	0.000043082472931916575
3.22e8	2.010738011587382e-7	-116.88336624319477	3.927761326210326e-14	0.0000437270069063755
3.23e8	2.3532480424597803e-7	-72.92854941799074	2.8242629096667525e-14	0.000044147349187406206
3.24e8	2.558056019979305e-7	-28.656057559124964	1.2022245071109369e-14	0.000044365196499985594
3.25e8	2.585303884096466e-7	15.738459278494615	-6.67187932434668e-15	0.00004439254007069216
3.26e8	2.429344015923364e-7	60.06615403164723	-2.3973078937785666e-14	0.00004423092394004474
3.27e8	2.121401980188155e-7	104.13443274561993	-3.667776416065892e-14	0.00004387134925313059
3.28e8	1.7155169894156885e-7	147.7366368069885	-4.352987634595901e-14	0.000043294831394501816
3.29e8	1.268369232462253e-7	190.64259407631312	-4.514323832745124e-14	0.000042473570418670345
3.3e8	8.249376035254499e-8	232.59061525880819	-4.307070431980309e-14	0.000041372655020023115
3.31e8	4.138372170017374e-8	273.2814168376051	-3.89192102905875e-14	0.0000399521921446594
3.32e8	4.935714154669825e-9	312.37433621704565	-3.391081630870241e-14	0.00003816974140490001
3.33e8	-2.641189656376625e-8	349.48608377208035	-2.8812348603745145e-14	0.000035982935561875565
3.34e8	-5.279744968359824e-8	384.1921639598715	-2.4031637596889113e-14	0.00003335218230803765
3.35e8	-7.464076275984738e-8	416.0310028497576	-1.9743430955100404e-14	0.000030243363106875898
3.36e8	-9.24632947968918e-8	444.5107458685569	-1.5990078831957574e-14	0.000026630465768855387
3.37e8	-1.0679155957664958e-7	469.11863467272536	-1.2747806677306541e-14	0.000022498103001998177
3.38e8	-1.1811232707176188e-7	489.3328281634454	-9.965622041763917e-15	0.00001784387503544614
3.39e8	-1.2685701767826705e-7	504.63648874043844	-7.586233142833226e-15	0.000012680528314919326
3.4e8	-1.3340117889809538e-7	514.5338988355111	-5.556287262477284e-15	7.037844333523327e-6
3.41e8	-1.3807092906045579e-7	518.5682938249828	-3.830670953466562e-15	9.641654317409216e-7
3.42e8	-1.4115195613109335e-7	516.340988510897	-2.3736611390764693e-15	-5.472567320561031e-6
3.43e8	-1.428987685409324e-7	507.53123422923625	-1.1584589872408009e-15	-0.000012184418522314236
3.44e8	-1.4354302209472428e-7	491.916078501202	-1.6589852268701285e-16	-0.0000190638785833992
3.45e8	-1.4330031466595167e-7	469.3893237090331	6.172834668870839e-16	-0.00002598527314658217
3.46e8	-1.4237511357250678e-7	439.9785186500508	1.2004302682153347e-15	-0.00003280730845116297
3.47e8	-1.4096362012080669e-7	403.85879699010843	1.591091859857299e-15	-0.00003937683997750449
3.48e8	-1.3925447847734563e-7	361.36233307220294	1.79718983158848e-15	-0.00004553385875449044
3.49e8	-1.3742735730288514e-7	312.98225000455534	1.829079475757517e-15	-0.00005111756799145588
3.5e8	-1.3564959701643294e-7	259.37001085267053	1.7013218988848761e-15	-0.00005597328413287113
3.51e8	-1.3407131975803777e-7	201.32565913414538	1.4339499024212839e-15	-0.00005995975960974174
3.52e8	-1.3281961363627786e-7	139.78073664490552	1.0530233267077175e-15	-0.00006295641250228392
3.53e8	-1.3199257814647597e-7	75.774258268505	5.903373088752858e-16	-0.000064869884462728
3.54e8	-1.316540972642483e-7	10.422706716421274	8.226848305687516e-17	-0.00006563935118897517
3.55e8	-1.3183014642032296e-7	-55.11444704042511	-4.3210298735607747e-16	-0.00006524008815666017
3.56e8	-1.3250722660612053e-7	-119.67176385008729	-9.133125138836587e-16	-0.00006368494345265924
3.57e8	-1.3363318275567114e-7	-182.11521236919899	-1.32389371514928e-15	-0.00006102357074371159
3.58e8	-1.3512027160497649e-7	-241.377680801204	-1.630433001096557e-15	-0.00005733949914366864
3.59e8	-1.3684998173326916e-7	-296.4905893446937	-1.804975731399354e-15	-0.00005274532865987294
3.6e8	-1.3867885118804413e-7	-346.6099459039764	-1.8255970215685892e-15	-0.000047376508195539126
3.61e8	-1.4044441878645116e-7	-391.0357017502522	-1.6761054081249068e-15	-0.0000413842551570288
3.62e8	-1.4197048401448432e-7	-429.2238424526146	-1.3449824888763045e-15	-0.000034928202275523075
3.63e8	-1.430710013177951e-7	-460.79121824075685	-8.237476779633867e-16	-0.00002816931296261368
3.64e8	-1.4355214267261658e-7	-485.51361338959765	-1.0496594332758479e-16	-0.0000212635073434095
3.65e8	-1.432122741296757e-7	-503.31793226500474	8.199019936994209e-16	-0.000014356309540106484
3.66e8	-1.418397707476608e-7	-514.2696198961156	1.9626510561679554e-15	-7.578686480482788e-6
3.67e8	-1.392087280068938e-7	-518.5565392000774	3.3403708310458534e-15	-1.0441198051744143e-6
3.68e8	-1.3507273194289906e-7	-516.4705145389498	4.977270486779268e-15	5.153150496407198e-6
3.69e8	-1.2915696991163318e-7	-508.3876520046357	6.906138623457476e-15	0.000010938842223395659
3.7e8	-1.2114918092478267e-7	-494.7483942915378	9.169132703989966e-15	0.0000162584751237297
3.71e8	-1.1069039587117991e-7	-476.03809376681437	1.1817263772219257e-14	0.000021076519031413717
3.72e8	-9.73673302452075e-8	-452.7687169354821	1.490732598543986e-14	0.000025375007943519388
3.73e8	-8.071003179459637e-8	-425.4621443545045	1.849394950375039e-14	0.000029151754891963178
3.74e8	-6.020150599124869e-8	-394.6354110388683	2.261273558528441e-14	0.0000324182706477303
3.75e8	-3.531124378891576e-8	-360.78814447204223	2.7248013879750428e-14	0.00003519746001876482
3.76e8	-5.572332447956782e-9	-324.39239504920045	3.227629387695226e-14	0.00003752114822849162
3.77e8	2.9268918177274383e-8	-285.8850073028194	3.737671263954086e-14	0.00003942747987444518
3.78e8	6.899704583137874e-8	-245.66263765120377	4.1910129086263363e-14	0.00004095823516366001
3.79e8	1.1254762173797338e-7	-204.07947404692806	4.4803103516731306e-14	0.00004215612098176484
3.8e8	1.5755505107528824e-7	-161.44764582223817	4.454490840818901e-14	0.00004306211414527812
3.81e8	2.0003168894255985e-7	-118.04022388972548	3.948875398977887e-14	0.000043712955510199484
3.82e8	2.3457263302090193e-7	-74.09660379837335	2.860889007460052e-14	0.00004413891030112565
3.83e8	2.5548117178743075e-7	-29.829944545008107	1.2499197754671921e-14	0.000044361916365021784
3.84e8	2.5870039712061264e-7	14.563782958478447	-6.1779042662472235e-15	0.00004439423406280961
3.85e8	2.4356333956065474e-7	58.89568708040018	-2.3564047426861837e-14	0.00004423768801027625
3.86e8	2.131072618195775e-7	102.9734083485743	-3.6416134381681955e-14	0.00004388355397851674
3.87e8	1.7270210334520657e-7	146.5907871656076	-4.342172761148256e-14	0.00004331309906641582
3.88e8	1.2803160986121543e-7	189.51838417422465	-4.515558426323256e-14	0.000042498736775128976
3.89e8	8.363460549565422e-8	231.4954317092224	-4.315875368850035e-14	0.00004140571815764052
3.9e8	4.241520590148746e-8	272.2237005087443	-3.904444834633149e-14	0.00003999425170155447
3.91e8	5.834816653425731e-9	311.3636505266094	-3.4046985867330595e-14	0.000038221931246685985
3.92e8	-2.5647758380614935e-8	348.5331136888845	-2.894435047992295e-14	0.000036046352974724224
3.93e8	-5.215996358063402e-8	383.3086435271243	-2.415220374620626e-14	0.00003342781622235841
3.94e8	-7.411693034266019e-8	415.22957128210714	-1.9850008740782692e-14	0.00003033202329960798
3.95e8	-9.20389639854444e-8	443.80473395790165	-1.6082623243772194e-14	0.000026732714484803065
3.96e8	-1.0645319223275525e-7	468.52178450412987	-1.2827422071599592e-14	0.000022614190132848865
3.97e8	-1.1784772922297185e-7	488.8589502529572	-1.0033802571561592e-14	0.00001797367798918386
3.98e8	-1.266555113414225e-7	504.2990619706842	-7.644473074291532e-15	0.00001282349802805309
3.99e8	-1.332535002011843e-7	514.3456203030089	-5.605902529650689e-15	7.19295948917337e-6
4.e8	-1.379690110713233e-7	518.5405881673798	-3.872734943774304e-15	1.1298977507366068e-6
4.01e8	-1.4108868044431355e-7	516.483489575466	-2.4089998397387884e-15	-5.298273004691335e-6
4.02e8	-1.4286772880031267e-7	507.85125601910283	-1.1876763300269393e-15	-0.000012004145009367316
4.03e8	-1.4353832148081147e-7	492.4180969230334	-1.8941733541334496e-16	-0.000018880713180257772
4.04e8	-1.4331640904867312e-7	470.07449524058046	5.991718563238487e-16	-0.000025802756289334348
4.05e8	-1.424067070630561e-7	440.84426594280296	1.1875112882078216e-15	-0.00003262935080867693
4.06e8	-1.4100561686164283e-7	404.898493758598	1.5831704093051894e-15	-0.00003920760677911923
4.07e8	-1.3930199172543293e-7	362.56512051200764	1.7940335942467004e-15	-0.000045377622951057264
4.08e8	-1.3747577314279843e-7	314.3330136574827	1.8303671765097302e-15	-0.00005097853736481361
4.09e8	-1.3569468510255663e-7	260.8495398509397	1.706601960788002e-15	-0.000055855411207278765
4.1e8	-1.3410937776731324e-7	202.91099914491295	1.4426152974559725e-15	-0.00005986654662686399
4.11e8	-1.3284762669356293e-7	141.4457342455965	1.064307412798484e-15	-0.0000628907261633853
4.12e8	-1.3200837083773172e-7	77.490279185805	6.033329066794728e-16	-0.00006483379603565327
4.13e8	-1.3165645540677204e-7	12.159495112415042	9.596868325835546e-17	-0.00006563401653848635
4.14e8	-1.3181888935313308e-7	-53.387814249728116	-4.187479353418616e-16	-0.00006526567921855677
4.15e8	-1.3248321820834576e-7	-117.98588293312346	-9.01331245686005e-16	-0.00006374063794535434
4.16e8	-1.3359827937218787e-7	-180.49937822945873	-1.3142332902571447e-15	-0.00006110760115013658
4.17e8	-1.3507721543020269e-7	-239.85898924168762	-1.6239117283875792e-15	-0.0000574492560760545
4.18e8	-1.368022567190731e-7	-295.0931658782606	-1.802256234943703e-15	-0.0000528775085491422
4.19e8	-1.3863052354096398e-7	-345.35433879759194	-1.8271824928521706e-15	-0.000047527291573970006
4.2e8	-1.4039998501359568e-7	-389.9384622216941	-1.68235798027674e-15	-0.0000415495000649899
4.21e8	-1.419347467889108e-7	-428.2972994383479	-1.356159644118468e-15	-0.00003510363758149702
4.22e8	-1.4304898844956357e-7	-460.0434408051417	-8.400510692204744e-16	-0.000028350718353913132
4.23e8	-1.4354907870773724e-7	-484.9485421036198	-1.2659693513325794e-16	-0.000021446869892764224
4.24e8	-1.4323360880855987e-7	-502.935652615906	7.926848370688239e-16	-0.000014537950447519705
4.25e8	-1.41891264411832e-7	-514.0667462354847	1.9294760540594e-15	-7.755355230567729e-6
4.26e8	-1.392965910155784e-7	-518.5266765978961	3.3007015049801695e-15	-1.2130561009256934e-6
4.27e8	-1.3520381247366162e-7	-516.6047675022999	4.930361089713198e-15	4.994184345215337e-6
4.28e8	-1.2933898055681121e-7	-508.67515248271764	6.851002278658662e-15	0.000010791554363040824
4.29e8	-1.213909464946575e-7	-495.1768258313322	9.104533501821985e-15	0.000016124058005550758
4.3e8	-1.1100208818743401e-7	-476.594193342963	1.1741755963845527e-14	0.0000209556794940095
4.31e8	-9.77606229025811e-8	-453.438740269289	1.4819384720946132e-14	0.00002526800955278485
4.32e8	-8.119804691741087e-8	-426.2322841180308	1.839227346043449e-14	0.000029058469376797546
4.33e8	-6.079831880975508e-8	-395.4921600755173	2.2496856888620356e-14	0.0000323382361069161
4.34e8	-3.603054085543907e-8	-361.7185981283064	2.7119421045621763e-14	0.00003512994426572067
4.35e8	-6.424583730424391e-9	-325.38448810446005	3.2140323580358715e-14	0.000037465216067549785
4.36e8	2.8281644436538557e-8	-286.9276821115927	3.724537659913758e-14	0.00003938206320827359
4.37e8	6.788945973019689e-8	-246.74594129117068	4.1805531642385096e-14	0.00004092220462414852
4.38e8	1.113626733384241e-7	-205.19458378418528	4.4759734854402714e-14	0.00004212835732640159
4.39e8	1.5637553988934546e-7	-162.58682424279561	4.460676341880284e-14	0.00004304157709118186
4.4e8	1.9898404508331176e-7	-119.19670765216135	3.96957186748275e-14	0.00004369874714605253
4.41e8	2.338108204410587e-7	-75.26443300898364	2.897135664351189e-14	0.000044130329886398444
4.42e8	2.551441457955357e-7	-31.003742978466754	1.297427394826705e-14	0.00004435850333050847
4.43e8	2.5885732228842933e-7	13.389063555905791	-5.682984573568522e-15	0.00004439579643956662
4.44e8	2.441814105473664e-7	57.725042970807564	-2.315171597863107e-14	0.00004424431432495656
4.45e8	2.1406734701937931e-7	101.81206300493625	-3.615029380656065e-14	0.000043895607764276405
4.46e8	1.7384959655686347e-7	145.44445640559195	-4.330983255709011e-14	0.000043331196384177125
4.47e8	1.2922658866857582e-7	188.39351093399597	-4.51653180058648e-14	0.00004252370832292041
4.48e8	8.477776125610801e-8	230.3993762385996	-4.324534557890643e-14	0.00004143855848351167
4.49e8	4.3449996205559664e-8	271.16487460290654	-3.916909586723643e-14	0.00004003605860203206
4.5e8	6.7375216116525655e-9	310.35158760053764	-3.418310305132309e-14	0.00003827383858430209
4.51e8	-2.4880124281443953e-8	347.5784696514716	-2.907658327532821e-14	0.00003610945992853104
4.52e8	-5.151928258160499e-8	382.4231262034518	-2.4273120505277562e-14	0.000033503115509639045
4.53e8	-7.359027280914804e-8	414.4257983851229	-1.9956964699588538e-14	0.00003042033033182839
4.54e8	-9.161217963003469e-8	443.09602130402203	-1.6175527761450088e-14	0.00002683459890953172
4.55e8	-1.061127139395457e-7	467.921867446363	-1.2907360957831993e-14	0.000022729910904730095
4.56e8	-1.1758132353661074e-7	488.3816424110043	-1.0102265906861826e-14	0.000018103123098631897
4.57e8	-1.2645246070000613e-7	503.9578565978415	-7.702958094452685e-15	0.000012966130327589247
4.58e8	-1.331045058341162e-7	514.1532413484942	-5.655731069784218e-15	7.347770661241317e-6
4.59e8	-1.3786597755582124e-7	518.5085005263318	-3.914987053093818e-15	1.2953732615675176e-6
4.6e8	-1.4102446743535774e-7	516.6213812901012	-2.4445078175674413e-15	-5.124174275512264e-6
4.61e8	-1.4283591388996288e-7	508.1665092527987	-1.2170495055480765e-15	-0.000011823992082685754
4.62e8	-1.435329966060806e-7	492.9152691048375	-2.1308271845820176e-16	-0.00001869758054217725
4.63e8	-1.4333202233392813e-7	470.75483638423304	5.809201464016478e-16	-0.000025620173309786537
4.64e8	-1.4243795692470502e-7	441.70530206675596	1.1744573813586264e-15	-0.000032451219706022586
4.65e8	-1.4104740228272743e-7	405.9337087262528	1.575119430277643e-15	-0.000039038087808676476
4.66e8	-1.3934941983805013e-7	363.7637685745543	1.790754910882322e-15	-0.00004522098834134066
4.67e8	-1.3752422156941672e-7	315.68009175202417	1.8315424587444266e-15	-0.00005083899901862413
4.68e8	-1.357399115996042e-7	262.3259418190082	1.7117834868174753e-15	-0.000055736930923754434
4.69e8	-1.3414766400586466e-7	204.49386351544857	1.4512003064831774e-15	-0.00005977264102555138
4.7e8	-1.3287593756661847e-7	143.10898370265758	1.0755333433397998e-15	-0.00006282428096704116
4.71e8	-1.3202450697006893e-7	79.2053345649812	6.1629585950709765e-16	-0.0000647969053095116
4.72e8	-1.316591759980953e-7	13.89613149600841	1.0966370883805042e-16	-0.000065627861498314
4.73e8	-1.3180798596953327e-7	-51.66051504636261	-4.0537026920064677e-16	-0.00006529045823225164
4.74e8	-1.3245952749232968e-7	-116.29853859352622	-8.893009504758726e-16	-0.00006379555466366082
4.75e8	-1.335636325711724e-7	-178.88133011045034	-1.304500268539194e-15	-0.0000611909119579466
4.76e8	-1.3503433303463526e-7	-238.33740192078707	-1.6172981421364533e-15	-0.00005755837212765932
4.77e8	-1.3675460509087473e-7	-293.6922520691649	-1.799428979138239e-15	-0.0000530091424494283
4.78e8	-1.3858215551806517e-7	-344.0947476849109	-1.828648831653729e-15	-0.00004767763504760799
4.79e8	-1.403553874768224e-7	-388.83685454269096	-1.6884833782815178e-15	-0.000041714417164134834
4.8e8	-1.4189871556938988e-7	-427.36611713296463	-1.3672037656849077e-15	-0.000035278858190449995
4.81e8	-1.4302654601126289e-7	-459.29086465629945	-8.562163473134371e-16	-0.00002853201867819213
4.82e8	-1.4354544427822491e-7	-484.3786189631065	-1.480840013185156e-16	-0.000021630229744601132
4.83e8	-1.4325422531629265e-7	-502.54856544902145	7.656196653874403e-16	-0.000014719680827690158
4.84e8	-1.4194188241224443e-7	-513.8591955670425	1.896464779169782e-15	-7.932193355455126e-6
4.85e8	-1.3938340673822086e-7	-518.4923407157509	3.261212622019646e-15	-1.3822281627157828e-6
4.86e8	-1.3533365444288555e-7	-516.7348103097662	4.883654872389438e-15	4.834930056780119e-6
4.87e8	-1.2951953533925575e-7	-508.95875131154224	6.796098474662187e-15	0.000010643939909273138
4.88e8	-1.2163100628183696e-7	-495.6016959578756	9.040202566365732e-15	0.000015989289158168068
4.89e8	-1.1131178660375729e-7	-477.14709060844405	1.1666556555367808e-14	0.000020834475442251226
4.9e8	-9.815159318316408e-8	-454.105927516007	1.473179117915968e-14	0.000025160644963636517
4.91e8	-8.168337659267026e-8	-426.99995075116334	1.8290972428880067e-14	0.000028964825623463994
4.92e8	-6.139207028191472e-8	-396.34678682263853	2.2381346775160684e-14	0.00003225785932012051
4.93e8	-3.6746439105840666e-8	-362.6472610450251	2.6991118172611527e-14	0.000035062108559248726
4.94e8	-7.273238159743597e-9	-326.3750972835412	3.200443049547541e-14	0.0000374089907244194
4.95e8	2.7297850665731708e-8	-287.9691516791693	3.7113684944791435e-14	0.00003933638272855736
4.96e8	6.678465590079732e-8	-247.8282884504109	4.169983773535493e-14	0.00004088594033581952
4.97e8	1.1017890118452607e-7	-206.30895616958608	4.471420335723935e-14	0.00004210038881532151
4.98e8	1.5519443654432926e-7	-163.72545687495423	4.466525518261235e-14	0.00004302086113772224
4.99e8	1.9793097996562926e-7	-120.352813370491	3.989851622268377e-14	0.00004368438132077201
5.e8	2.3303946730969928e-7	-76.43203330056156	2.932999869344964e-14	0.00004412160761907738