0.	0.00001830127018922193	0.	0.	-1.7549831578151808e-13
4141.107495615674	0.00001822360247165366	-7.263937850887755e-10	-3.743571870016121e-11	-1.7523493998408204e-13
8282.214991231349	0.000017992449250854314	-1.4506077353410993e-9	-7.398226298529201e-11	-1.7444589912652308e-13
12423.322486847024	0.00001761325526513253	-2.170471005172024e-9	-1.0880074798564757e-10	-1.731344458148953e-13
16564.429982462698	0.000017094755861655217	-2.883830669622789e-9	-1.4114764232151626e-10	-1.7130597779260883e-13
20705.53747807837	0.00001644850477044274	-3.588560540483206e-9	-1.7041023824127698e-10	-1.6896800325202654e-13
24846.64497369405	0.000015688280091785736	-4.282569810784078e-9	-1.961296725106485e-10	-1.6613009269182892e-13
28987.752469309722	0.000014829422821153798	-4.963811472766664e-9	-2.1801047076274095e-10	-1.62803817736379e-13
33128.859964925396	0.000013888162748427387	-5.63029045639331e-9	-2.359173556748184e-10	-1.5900267744530885e-13
37269.96746054107	0.00001288098044246082	-6.280071437874014e-9	-2.498614557412185e-10	-1.5474201274842528e-13
41411.07495615674	0.000011824043227621255	-6.911286270524608e-9	-2.5997889728943183e-10	-1.500389097417754e-13
45552.182451772416	0.000010732739968981512	-7.522140993515893e-9	-2.6650502661491635e-10	-1.4491209267434495e-13
49693.2899473881	9.621326363501999e-6	-8.110922377688251e-9	-2.697472815815564e-10	-1.393818075404942e-13
53834.39744300377	8.502681006418635e-6	-8.676003971557931e-9	-2.700591721403539e-10	-1.3346969727004116e-13
57975.504938619444	7.388163776550631e-6	-9.215851614891619e-9	-2.678171118528679e-10	-1.2719866957515802e-13
62116.61243423512	6.287562389964673e-6	-9.729028391733617e-9	-2.634011173210387e-10	-1.205927585703131e-13
66257.71992985079	5.209110109480544e-6	-1.0214198999492308e-8	-2.571797626298854e-10	-1.1367698132783797e-13
70398.82742546647	4.1595570460693044e-6	-1.0670133515583631e-8	-2.4949929488192346e-10	-1.0647719056689947e-13
74539.93492108214	3.1442785943581003e-6	-1.1095710548142606e-8	-2.40676496603099e-10	-9.901992469739481e-14
78681.04241669782	2.1674066684454786e-6	-1.1489919762401471e-8	-2.3099470528956563e-10	-9.133225645236347e-14
82822.14991231349	1.2319720064186428e-6	-1.185186377944612e-8	-2.2070233927510345e-10	-8.344164134283826e-14
86963.25740792917	3.4004848946776617e-7	-1.2180759449152795e-8	-2.1001329820151033e-10	-7.537576715766799e-14
91104.36490354483	-5.071070911538604e-7	-1.247593850412609e-8	-1.9910867435235117e-10	-6.71624057078905e-14
95245.47239916051	-1.3089242369689097e-6	-1.2736847606359745e-8	-1.8813930291486213e-10	-5.882926798097277e-14
99386.5798947762	-2.065399580853497e-6	-1.2963047803077582e-8	-1.7722877695037366e-10	-5.040386382504615e-14
103527.68739039186	-2.776990671802793e-6	-1.315421341273883e-8	-1.664766450719205e-10	-4.1913367227629103e-14
107668.79488600754	-3.444523019887711e-6	-1.3310130366467878e-8	-1.5596159033164087e-10	-3.338448818783495e-14
111809.90238162321	-4.069110023291726e-6	-1.3430694034153981e-8	-1.4574445512093104e-10	-2.4843352106394652e-14
115951.00987723889	-4.65208495193251e-6	-1.3515906568124853e-8	-1.3587102891123068e-10	-1.631538753475166e-14
120092.11737285455	-5.1949439027865356e-6	-1.3565873800596713e-8	-1.2637455472569654e-10	-7.825223033876923e-15
124233.22486847024	-5.699298520901176e-6	-1.358080173401262e-8	-1.1727793829214447e-10	6.0340620377845e-16
128374.3323640859	-6.166837256041234e-6	-1.3560992665875682e-8	-1.0859566301262291e-10	8.94774141861552e-15
132515.43985970158	-6.599293965460509e-6	-1.350684099174261e-8	-1.0033542620669149e-10	1.7186072591342517e-14
136656.54735531725	-6.998422753727237e-6	-1.3418828731649806e-8	-9.249951929880737e-11	2.529779966127722e-14
140797.65485093294	-7.365978042815532e-6	-1.3297520826386185e-8	-8.508597817240512e-11	3.3263482436460286e-14
144938.7623465486	-7.703698977109517e-6	-1.3143560250697363e-8	-7.808953094739677e-11	4.106487909098463e-14
149079.86984216428	-8.013297380014952e-6	-1.2957662990701611e-8	-7.150236982461124e-11	4.868497325943618e-14
153220.97733777994	-8.296448586112654e-6	-1.2740612932521771e-8	-6.531477202183433e-11	5.610798985172234e-14
157362.08483339564	-8.554784572058271e-6	-1.2493256708395687e-8	-5.95155926592726e-11	6.331939982270044e-14
161503.1923290113	-8.78988889915954e-6	-1.2216498545332489e-8	-5.40926500525412e-11	7.03059142387904e-14
165644.29982462697	-9.003293060243011e-6	-1.191129515974937e-8	-4.9033021446542187e-11	7.705546808708724e-14
169785.40732024267	-9.196473893244383e-6	-1.1578650739473944e-8	-4.4323264903354744e-11	8.355719437034582e-14
173926.51481585833	-9.370851784521616e-6	-1.1219612052055349e-8	-3.994958091526306e-11	8.980138912262327e-14
178067.622311474	-9.527789437019909e-6	-1.0835263715521924e-8	-3.5897925385566116e-11	9.577946806442218e-14
182208.72980708966	-9.6685910230233e-6	-1.0426723664586318e-8	-3.2154083914454266e-11	1.0148391569205453e-13
186349.83730270536	-9.794501579223781e-6	-9.995138841866146e-9	-2.8703715838261024e-11	1.0690822766289536e-13
190490.94479832103	-9.906706534089687e-6	-9.541681139997729e-9	-2.553237518137321e-11	1.1204684739556618e-13
194632.0522939367	-0.00001000633128480533	-9.067543616613341e-9	-2.2625514569473726e-11	1.168950978513254e-13
198773.1597895524	-0.000010094440764073885	-8.573937000071231e-9	-1.996847719713888e-11	1.2144910949960059e-13
202914.26728516805	-0.000010172038956418666	-8.062086499617372e-9	-1.754648111876684e-11	1.257057454963322e-13
207055.37478078372	-0.000010240068339782757	-7.5332289293639e-9	-1.5344599417508458e-11	1.2966252511838812e-13
211196.4822763994	-0.000010299409241626864	-6.988610151138306e-9	-1.3347739182673259e-11	1.3331754650063105e-13
215337.58977201508	-0.00001035087910969716	-6.429482836935896e-9	-1.1540621675077106e-11	1.3666940971428998e-13
219478.69726763075	-0.000010395231706451643	-5.8571045474425505e-9	-9.907765567923684e-12	1.3971714120621214e-13
223619.80476324641	-0.000010433156243016409	-5.272736118931025e-9	-8.433474706921551e-12	1.4246012058858758e-13
227760.91225886208	-0.000010465276473671889	-4.677640346816441e-9	-7.101831429039669e-12	1.4489801072819102e-13
231902.01975447778	-0.000010492149775395527	-4.073080950328026e-9	-5.896696108788125e-12	1.4703069203352238e-13
236043.12725009344	-0.000010514266239042565	-3.4603217991552497e-9	-4.8017132606615576e-12	1.4885820177800913e-13
240184.2347457091	-0.000010532047799452767	-2.8406263795958627e-9	-3.800324214867004e-12	1.5038067922830785e-13
244325.3422413248	-0.000010545847431246363	-2.215257474706052e-9	-2.875786100759942e-12	1.515983172694572e-13
248466.44973694047	-0.00001055594843543892	-1.585477030261015e-9	-2.0111966198522965e-12	1.5251132113401665e-13
252607.55723255614	-0.000010562563839391841	-9.525461760066017e-10	-1.1895238700057765e-12	1.5311987475127638e-13
256748.6647281718	-0.00001056583592916086	-3.1772536974359717e-10	-3.93640297109867e-13	1.5342411513611255e-13
260889.7722237875	-0.00001056583592916086	3.1772536974359976e-10	3.936402971098693e-13	1.5342411513611255e-13
265030.87971940316	-0.000010562563839391844	9.52546176006604e-10	1.1895238700057789e-12	1.5311987475127638e-13
269171.98721501883	-0.00001055594843543892	1.5854770302610175e-9	2.011196619852298e-12	1.5251132113401665e-13
273313.0947106345	-0.000010545847431246361	2.215257474706055e-9	2.8757861007599427e-12	1.5159831726945716e-13
277454.20220625016	-0.000010532047799452771	2.8406263795958656e-9	3.800324214867006e-12	1.5038067922830783e-13
281595.3097018659	-0.000010514266239042563	3.460321799155258e-9	4.801713260661574e-12	1.4885820177800913e-13
285736.41719748155	-0.000010492149775395529	4.073080950328034e-9	5.896696108788162e-12	1.4703069203352233e-13
289877.5246930972	-0.00001046527647367189	4.677640346816443e-9	7.101831429039656e-12	1.4489801072819102e-13
294018.6321887129	-0.000010433156243016409	5.2727361189310215e-9	8.433474706921543e-12	1.4246012058858758e-13
298159.73968432855	-0.000010395231706451644	5.857104547442553e-9	9.907765567923697e-12	1.3971714120621212e-13
302300.8471799442	-0.000010350879109697157	6.429482836935898e-9	1.1540621675077119e-11	1.3666940971428996e-13
306441.9546755599	-0.00001029940924162687	6.988610151138303e-9	1.3347739182673256e-11	1.3331754650063105e-13
310583.0621711756	-0.000010240068339782757	7.533228929363901e-9	1.5344599417508465e-11	1.296625251183881e-13
314724.1696667913	-0.000010172038956418668	8.062086499617377e-9	1.7546481118766884e-11	1.2570574549633215e-13
318865.27716240694	-0.000010094440764073885	8.573937000071238e-9	1.9968477197138895e-11	1.214491094996005e-13
323006.3846580226	-0.000010006331284805329	9.067543616613344e-9	2.2625514569473765e-11	1.1689509785132537e-13
327147.4921536383	-9.90670653408969e-6	9.54168113999773e-9	2.553237518137322e-11	1.1204684739556613e-13
331288.59964925394	-9.794501579223778e-6	9.995138841866148e-9	2.8703715838261053e-11	1.0690822766289531e-13
335429.7071448696	-9.668591023023299e-6	1.0426723664586316e-8	3.215408391445425e-11	1.0148391569205454e-13
339570.81464048533	-9.527789437019909e-6	1.0835263715521926e-8	3.5897925385566136e-11	9.577946806442216e-14
343711.922136101	-9.370851784521616e-6	1.1219612052055354e-8	3.9949580915263093e-11	8.980138912262319e-14
347853.02963171666	-9.19647389324438e-6	1.1578650739473946e-8	4.4323264903354795e-11	8.35571943703458e-14
351994.13712733233	-9.00329306024301e-6	1.1911295159749375e-8	4.903302144654225e-11	7.705546808708715e-14
356135.244622948	-8.78988889915954e-6	1.221649854533249e-8	5.409265005254123e-11	7.030591423879039e-14
360276.35211856366	-8.554784572058274e-6	1.2493256708395685e-8	5.951559265927256e-11	6.331939982270048e-14
364417.45961417933	-8.296448586112654e-6	1.2740612932521771e-8	6.531477202183433e-11	5.610798985172235e-14
368558.56710979505	-8.01329738001495e-6	1.2957662990701614e-8	7.150236982461129e-11	4.8684973259436114e-14
372699.6746054107	-7.703698977109515e-6	1.3143560250697364e-8	7.80895309473968e-11	4.1064879090984607e-14
376840.7821010264	-7.365978042815526e-6	1.3297520826386187e-8	8.508597817240523e-11	3.3263482436460185e-14
380981.88959664205	-6.998422753727237e-6	1.3418828731649806e-8	9.249951929880736e-11	2.5297799661277228e-14
385122.9970922577	-6.5992939654605035e-6	1.3506840991742612e-8	1.0033542620669156e-10	1.7186072591342448e-14
389264.1045878734	-6.166837256041234e-6	1.3560992665875682e-8	1.0859566301262291e-10	8.947741418615523e-15
393405.21208348905	-5.699298520901173e-6	1.358080173401262e-8	1.1727793829214457e-10	6.034062037783797e-16
397546.3195791048	-5.194943902786526e-6	1.3565873800596713e-8	1.263745547256967e-10	-7.825223033877068e-15
401687.42707472044	-4.652084951932505e-6	1.3515906568124853e-8	1.358710289112308e-10	-1.631538753475173e-14
405828.5345703361	-4.069110023291719e-6	1.343069403415398e-8	1.4574445512093117e-10	-2.484335210639476e-14
409969.6420659518	-3.4445230198877045e-6	1.3310130366467876e-8	1.5596159033164095e-10	-3.338448818783503e-14
414110.74956156744	-2.776990671802796e-6	1.3154213412738831e-8	1.6647664507192043e-10	-4.191336722762906e-14
418251.8570571831	-2.0653995808534906e-6	1.2963047803077582e-8	1.7722877695037374e-10	-5.0403863825046224e-14
422392.9645527988	-1.3089242369689126e-6	1.2736847606359746e-8	1.881393029148621e-10	-5.882926798097273e-14
426534.07204841444	-5.071070911538569e-7	1.2475938504126088e-8	1.9910867435235123e-10	-6.716240570789052e-14
430675.17954403016	3.40048489467778e-7	1.218075944915279e-8	2.1001329820151057e-10	-7.53757671576681e-14
434816.28703964583	1.2319720064186466e-6	1.1851863779446119e-8	2.2070233927510353e-10	-8.344164134283829e-14
438957.3945352615	2.167406668445491e-6	1.1489919762401468e-8	2.309947052895657e-10	-9.133225645236359e-14
443098.50203087716	3.1442785943581024e-6	1.1095710548142604e-8	2.40676496603099e-10	-9.901992469739484e-14
447239.60952649283	4.1595570460692985e-6	1.0670133515583635e-8	2.4949929488192336e-10	-1.0647719056689945e-13
451380.7170221085	5.209110109480549e-6	1.0214198999492308e-8	2.571797626298855e-10	-1.1367698132783799e-13
455521.82451772416	6.287562389964664e-6	9.72902839173362e-9	2.6340111732103865e-10	-1.2059275857031305e-13
459662.9320133399	7.388163776550654e-6	9.215851614891607e-9	2.67817111852868e-10	-1.2719866957515814e-13
463804.03950895555	8.502681006418648e-6	8.676003971557925e-9	2.7005917214035395e-10	-1.334696972700412e-13
467945.1470045712	9.621326363502004e-6	8.11092237768825e-9	2.697472815815564e-10	-1.393818075404942e-13
472086.2545001869	0.000010732739968981517	7.522140993515888e-9	2.665050266149164e-10	-1.4491209267434497e-13
476227.36199580255	0.000011824043227621255	6.911286270524608e-9	2.5997889728943183e-10	-1.500389097417754e-13
480368.4694914182	0.000012880980442460826	6.280071437874009e-9	2.498614557412183e-10	-1.547420127484253e-13
484509.5769870339	0.000013888162748427389	5.630290456393311e-9	2.359173556748185e-10	-1.5900267744530882e-13
488650.6844826496	0.000014829422821153811	4.963811472766659e-9	2.1801047076274095e-10	-1.6280381773637905e-13
492791.7919782653	0.000015688280091785753	4.2825698107840665e-9	1.961296725106481e-10	-1.6613009269182895e-13
496932.89947388094	0.000016448504770442742	3.5885605404832015e-9	1.7041023824127672e-10	-1.6896800325202654e-13
501074.0069694966	0.000017094755861655217	2.8838306696227914e-9	1.4114764232151641e-10	-1.7130597779260883e-13
505215.1144651123	0.00001761325526513254	2.1704710051720197e-9	1.088007479856474e-10	-1.7313444581489533e-13
509356.22196072794	0.00001799244925085431	1.4506077353411022e-9	7.398226298529214e-11	-1.7444589912652308e-13
513497.3294563436	0.00001822360247165366	7.263937850887724e-10	3.743571870016106e-11	-1.7523493998408204e-13
517638.43695195933	0.00001830127018922193	-9.300338634548798e-24	-4.809845578150001e-25	-1.7549831578151808e-13
521779.544447575	0.00001822360247165366	-7.263937850887782e-10	-3.7435718700161354e-11	-1.7523493998408204e-13
525920.6519431906	0.000017992449250854314	-1.450607735341095e-9	-7.398226298529182e-11	-1.7444589912652308e-13
530061.7594388063	0.00001761325526513253	-2.1704710051720255e-9	-1.0880074798564766e-10	-1.731344458148953e-13
534202.866934422	0.00001709475586165521	-2.8838306696227972e-9	-1.4114764232151665e-10	-1.7130597779260883e-13
538343.9744300377	0.00001644850477044274	-3.588560540483207e-9	-1.7041023824127703e-10	-1.6896800325202654e-13
542485.0819256534	0.00001568828009178573	-4.282569810784085e-9	-1.9612967251064862e-10	-1.661300926918289e-13
546626.189421269	0.000014829422821153798	-4.963811472766665e-9	-2.18010470762741e-10	-1.62803817736379e-13
550767.2969168847	0.000013888162748427387	-5.630290456393316e-9	-2.359173556748187e-10	-1.5900267744530882e-13
554908.4044125003	0.000012880980442460814	-6.280071437874015e-9	-2.498614557412184e-10	-1.5474201274842528e-13
559049.511908116	0.00001182404322762124	-6.9112862705246126e-9	-2.5997889728943194e-10	-1.5003890974177535e-13
563190.6194037318	0.000010732739968981492	-7.522140993515905e-9	-2.6650502661491645e-10	-1.4491209267434485e-13
567331.7268993474	9.621326363501994e-6	-8.110922377688255e-9	-2.697472815815564e-10	-1.3938180754049416e-13
571472.8343949631	8.502681006418618e-6	-8.67600397155794e-9	-2.7005917214035395e-10	-1.3346969727004106e-13
575613.9418905787	7.388163776550644e-6	-9.215851614891612e-9	-2.678171118528679e-10	-1.2719866957515807e-13
579755.0493861944	6.287562389964655e-6	-9.729028391733625e-9	-2.634011173210386e-10	-1.2059275857031298e-13
583896.15688181	5.2091101094805565e-6	-1.0214198999492303e-8	-2.571797626298855e-10	-1.1367698132783805e-13
588037.2643774258	4.1595570460693095e-6	-1.067013351558363e-8	-2.4949929488192346e-10	-1.0647719056689951e-13
592178.3718730415	3.1442785943580774e-6	-1.1095710548142614e-8	-2.406764966030988e-10	-9.901992469739463e-14
596319.4793686571	2.1674066684454837e-6	-1.1489919762401471e-8	-2.3099470528956568e-10	-9.133225645236351e-14
600460.5868642728	1.2319720064186214e-6	-1.1851863779446127e-8	-2.2070233927510322e-10	-8.344164134283809e-14
604601.6943598884	3.400484894677698e-7	-1.2180759449152794e-8	-2.1001329820151044e-10	-7.537576715766801e-14
608742.8018555042	-5.071070911538634e-7	-1.2475938504126092e-8	-1.9910867435235115e-10	-6.716240570789045e-14
612883.9093511198	-1.3089242369689056e-6	-1.2736847606359743e-8	-1.8813930291486218e-10	-5.882926798097282e-14
617025.0168467355	-2.065399580853497e-6	-1.2963047803077582e-8	-1.7722877695037366e-10	-5.040386382504615e-14
621166.1243423512	-2.776990671802802e-6	-1.3154213412738833e-8	-1.6647664507192038e-10	-4.191336722762899e-14
625307.2318379668	-3.44452301988771e-6	-1.3310130366467878e-8	-1.5596159033164087e-10	-3.338448818783496e-14
629448.3393335826	-4.0691100232917336e-6	-1.3430694034153983e-8	-1.457444551209309e-10	-2.4843352106394545e-14
633589.4468291982	-4.65208495193251e-6	-1.3515906568124853e-8	-1.358710289112307e-10	-1.6315387534751665e-14
637730.5543248139	-5.194943902786539e-6	-1.3565873800596713e-8	-1.2637455472569644e-10	-7.825223033876852e-15
641871.6618204295	-5.699298520901176e-6	-1.358080173401262e-8	-1.1727793829214447e-10	6.034062037784486e-16
646012.7693160452	-6.166837256041239e-6	-1.3560992665875682e-8	-1.0859566301262283e-10	8.94774141861559e-15
650153.876811661	-6.599293965460516e-6	-1.350684099174261e-8	-1.0033542620669136e-10	1.7186072591342656e-14
654294.9843072766	-6.998422753727239e-6	-1.3418828731649804e-8	-9.249951929880729e-11	2.529779966127729e-14
658436.0918028923	-7.365978042815536e-6	-1.3297520826386182e-8	-8.508597817240502e-11	3.326348243646039e-14
662577.1992985079	-7.70369897710952e-6	-1.3143560250697363e-8	-7.808953094739673e-11	4.1064879090984663e-14
666718.3067941236	-8.013297380014959e-6	-1.2957662990701608e-8	-7.150236982461113e-11	4.868497325943631e-14
670859.4142897392	-8.296448586112651e-6	-1.2740612932521774e-8	-6.531477202183438e-11	5.610798985172228e-14
675000.5217853549	-8.554784572058271e-6	-1.249325670839569e-8	-5.951559265927261e-11	6.33193998227004e-14
679141.6292809707	-8.78988889915954e-6	-1.2216498545332487e-8	-5.4092650052541196e-11	7.030591423879043e-14
683282.7367765863	-9.003293060243014e-6	-1.1911295159749368e-8	-4.903302144654213e-11	7.705546808708733e-14
687423.844272202	-9.196473893244385e-6	-1.1578650739473937e-8	-4.4323264903354634e-11	8.355719437034596e-14
691564.9517678176	-9.370851784521614e-6	-1.121961205205535e-8	-3.994958091526305e-11	8.980138912262324e-14
695706.0592634333	-9.52778943701991e-6	-1.083526371552192e-8	-3.5897925385566155e-11	9.577946806442221e-14
699847.1667590489	-9.668591023023295e-6	-1.0426723664586328e-8	-3.215408391445435e-11	1.014839156920544e-13
703988.2742546647	-9.794501579223778e-6	-9.995138841866138e-9	-2.8703715838260995e-11	1.0690822766289545e-13
708129.3817502804	-9.90670653408969e-6	-9.541681139997716e-9	-2.5532375181373113e-11	1.1204684739556632e-13
712270.489245896	-0.00001000633128480533	-9.06754361661334e-9	-2.2625514569473736e-11	1.1689509785132542e-13
716411.5967415117	-0.000010094440764073884	-8.57393700007123e-9	-1.9968477197138853e-11	1.2144910949960059e-13
720552.7042371273	-0.000010172038956418664	-8.062086499617382e-9	-1.7546481118766897e-11	1.257057454963321e-13
724693.811732743	-0.000010240068339782758	-7.533228929363882e-9	-1.5344599417508397e-11	1.2966252511838822e-13
728834.9192283587	-0.00001029940924162687	-6.988610151138303e-9	-1.3347739182673256e-11	1.3331754650063105e-13
732976.0267239744	-0.000010350879109697162	-6.4294828369358925e-9	-1.1540621675077113e-11	1.3666940971428998e-13
737117.1342195901	-0.000010395231706451648	-5.857104547442543e-9	-9.907765567923668e-12	1.3971714120621214e-13
741258.2417152057	-0.000010433156243016409	-5.272736118931027e-9	-8.433474706921533e-12	1.4246012058858758e-13
745399.3492108214	-0.000010465276473671887	-4.677640346816439e-9	-7.1018314290396495e-12	1.4489801072819102e-13
749540.456706437	-0.000010492149775395529	-4.073080950328024e-9	-5.896696108788121e-12	1.470306920335224e-13
753681.5642020528	-0.000010514266239042565	-3.4603217991552423e-9	-4.801713260661538e-12	1.4885820177800913e-13
757822.6716976684	-0.000010532047799452773	-2.8406263795958713e-9	-3.800324214867013e-12	1.5038067922830783e-13
761963.7791932841	-0.000010545847431246361	-2.215257474706055e-9	-2.875786100759953e-12	1.5159831726945716e-13
766104.8866888998	-0.00001055594843543892	-1.5854770302610127e-9	-2.0111966198522893e-12	1.5251132113401665e-13
770245.9941845154	-0.000010562563839391844	-9.525461760065934e-10	-1.1895238700057664e-12	1.531198747512764e-13
774387.1016801312	-0.00001056583592916086	-3.1772536974358347e-10	-3.936402971098489e-13	1.5342411513611257e-13
778528.2091757468	-0.00001056583592916086	3.1772536974359665e-10	3.9364029710986557e-13	1.5342411513611255e-13
782669.3166713625	-0.000010562563839391844	9.525461760066064e-10	1.1895238700057821e-12	1.5311987475127638e-13
786810.4241669781	-0.00001055594843543892	1.5854770302610255e-9	2.0111966198523087e-12	1.5251132113401665e-13
790951.5316625938	-0.00001054584743124636	2.215257474706068e-9	2.87578610075997e-12	1.515983172694572e-13
795092.6391582096	-0.00001053204779945277	2.8406263795958846e-9	3.800324214867041e-12	1.5038067922830783e-13
799233.7466538252	-0.000010514266239042565	3.460321799155255e-9	4.801713260661569e-12	1.4885820177800913e-13
803374.8541494409	-0.000010492149775395529	4.073080950328037e-9	5.896696108788144e-12	1.4703069203352235e-13
807515.9616450565	-0.00001046527647367189	4.677640346816429e-9	7.101831429039635e-12	1.4489801072819108e-13
811657.0691406722	-0.000010433156243016409	5.27273611893104e-9	8.433474706921572e-12	1.424601205885875e-13
815798.1766362878	-0.000010395231706451646	5.857104547442556e-9	9.907765567923697e-12	1.397171412062121e-13
819939.2841319036	-0.000010350879109697157	6.429482836935906e-9	1.1540621675077145e-11	1.3666940971428993e-13
824080.3916275192	-0.000010299409241626868	6.988610151138295e-9	1.3347739182673237e-11	1.333175465006311e-13
828221.4991231349	-0.00001024006833978276	7.533228929363893e-9	1.534459941750843e-11	1.2966252511838815e-13
832362.6066187506	-0.00001017203895641867	8.062086499617375e-9	1.754648111876687e-11	1.2570574549633218e-13
836503.7141143662	-0.000010094440764073882	8.573937000071241e-9	1.9968477197138898e-11	1.214491094996005e-13
840644.8216099819	-0.000010006331284805329	9.06754361661335e-9	2.262551456947381e-11	1.1689509785132531e-13
844785.9291055975	-9.906706534089689e-6	9.541681139997726e-9	2.5532375181373187e-11	1.120468473955662e-13
848927.0366012133	-9.794501579223781e-6	9.995138841866146e-9	2.8703715838261024e-11	1.0690822766289536e-13
853068.1440968289	-9.668591023023299e-6	1.042672366458632e-8	3.215408391445427e-11	1.0148391569205448e-13
857209.2515924446	-9.527789437019907e-6	1.083526371552193e-8	3.589792538556618e-11	9.577946806442208e-14
861350.3590880603	-9.370851784521609e-6	1.1219612052055359e-8	3.994958091526314e-11	8.98013891226231e-14
865491.4665836759	-9.196473893244383e-6	1.1578650739473942e-8	4.432326490335475e-11	8.355719437034582e-14
869632.5740792917	-9.00329306024301e-6	1.1911295159749373e-8	4.903302144654224e-11	7.705546808708719e-14
873773.6815749073	-8.789888899159537e-6	1.2216498545332492e-8	5.409265005254129e-11	7.03059142387903e-14
877914.789070523	-8.554784572058264e-6	1.2493256708395695e-8	5.951559265927274e-11	6.331939982270026e-14
882055.8965661386	-8.296448586112658e-6	1.274061293252177e-8	6.53147720218343e-11	5.610798985172239e-14
886197.0040617543	-8.013297380014952e-6	1.2957662990701611e-8	7.150236982461126e-11	4.868497325943616e-14
890338.11155737	-7.703698977109513e-6	1.3143560250697368e-8	7.80895309473969e-11	4.10648790909845e-14
894479.2190529857	-7.365978042815537e-6	1.3297520826386182e-8	8.508597817240506e-11	3.326348243646037e-14
898620.3265486014	-6.998422753727223e-6	1.3418828731649809e-8	9.249951929880755e-11	2.529779966127698e-14
902761.434044217	-6.599293965460508e-6	1.350684099174261e-8	1.0033542620669153e-10	1.7186072591342486e-14
906902.5415398327	-6.166837256041228e-6	1.3560992665875682e-8	1.0859566301262299e-10	8.947741418615417e-15
911043.6490354483	-5.699298520901183e-6	1.358080173401262e-8	1.1727793829214437e-10	6.034062037785677e-16
915184.756531064	-5.194943902786538e-6	1.3565873800596713e-8	1.263745547256965e-10	-7.825223033876879e-15
919325.8640266798	-4.652084951932488e-6	1.3515906568124852e-8	1.3587102891123107e-10	-1.631538753475199e-14
923466.9715222954	-4.069110023291721e-6	1.3430694034153981e-8	1.4574445512093112e-10	-2.4843352106394725e-14
927608.0790179111	-3.4445230198876956e-6	1.3310130366467876e-8	1.5596159033164105e-10	-3.338448818783514e-14
931749.1865135267	-2.7769906718027996e-6	1.3154213412738833e-8	1.664766450719204e-10	-4.191336722762902e-14
935890.2940091424	-2.065399580853494e-6	1.2963047803077582e-8	1.7722877695037374e-10	-5.040386382504618e-14
940031.401504758	-1.308924236968904e-6	1.2736847606359743e-8	1.8813930291486223e-10	-5.882926798097283e-14
944172.5090003738	-5.071070911538459e-7	1.2475938504126087e-8	1.9910867435235135e-10	-6.716240570789064e-14
948313.6164959895	3.40048489467788e-7	1.2180759449152787e-8	2.100132982015107e-10	-7.53757671576682e-14
952454.7239916051	1.2319720064186428e-6	1.185186377944612e-8	2.2070233927510345e-10	-8.344164134283825e-14
956595.8314872208	2.167406668445487e-6	1.1489919762401468e-8	2.3099470528956573e-10	-9.133225645236355e-14
960736.9389828364	3.1442785943581147e-6	1.1095710548142599e-8	2.406764966030991e-10	-9.901992469739494e-14
964878.0464784522	4.159557046069332e-6	1.067013351558362e-8	2.494992948819236e-10	-1.0647719056689965e-13
969019.1539740678	5.209110109480542e-6	1.0214198999492312e-8	2.571797626298854e-10	-1.1367698132783794e-13
973160.2614696835	6.287562389964676e-6	9.729028391733615e-9	2.634011173210387e-10	-1.2059275857031313e-13
977301.3689652992	7.388163776550646e-6	9.21585161489161e-9	2.678171118528678e-10	-1.2719866957515812e-13
981442.4764609148	8.50268100641862e-6	8.676003971557938e-9	2.7005917214035395e-10	-1.3346969727004108e-13
985583.5839565306	9.621326363502034e-6	8.11092237768823e-9	2.6974728158155626e-10	-1.3938180754049436e-13
989724.6914521462	0.000010732739968981514	7.522140993515891e-9	2.665050266149164e-10	-1.4491209267434497e-13
993865.7989477619	0.00001182404322762126	6.911286270524599e-9	2.5997889728943173e-10	-1.5003890974177542e-13
998006.9064433775	0.000012880980442460804	6.280071437874024e-9	2.4986145574121863e-10	-1.5474201274842523e-13
1.0021480139389932e6	0.000013888162748427389	5.630290456393314e-9	2.3591735567481865e-10	-1.5900267744530882e-13
1.0062891214346089e6	0.000014829422821153835	4.9638114727666385e-9	2.1801047076274025e-10	-1.6280381773637915e-13
1.0104302289302245e6	0.00001568828009178575	4.282569810784071e-9	1.961296725106482e-10	-1.6613009269182892e-13
1.0145713364258403e6	0.000016448504770442755	3.5885605404831928e-9	1.7041023824127654e-10	-1.6896800325202657e-13
1.0187124439214559e6	0.000017094755861655214	2.8838306696227943e-9	1.4114764232151662e-10	-1.7130597779260883e-13
1.0228535514170716e6	0.000017613255265132537	2.170471005172023e-9	1.0880074798564753e-10	-1.7313444581489533e-13
1.0269946589126872e6	0.000017992449250854314	1.4506077353410928e-9	7.39822629852917e-11	-1.7444589912652308e-13
1.0311357664083029e6	0.000018223602471653663	7.263937850887631e-10	3.743571870016059e-11	-1.7523493998408207e-13
1.0352768739039187e6	0.00001830127018922193	-1.8600677269097597e-23	-9.619691156300003e-25	-1.7549831578151808e-13
1.0394179813995343e6	0.00001822360247165366	-7.263937850887747e-10	-3.743571870016117e-11	-1.7523493998408204e-13
1.04355908889515e6	0.00001799244925085431	-1.4506077353411042e-9	-7.398226298529224e-11	-1.7444589912652308e-13
1.0477001963907656e6	0.000017613255265132527	-2.1704710051720346e-9	-1.088007479856481e-10	-1.731344458148953e-13
1.0518413038863812e6	0.000017094755861655224	-2.8838306696227807e-9	-1.411476423215159e-10	-1.7130597779260883e-13
1.055982411381997e6	0.00001644850477044274	-3.588560540483204e-9	-1.7041023824127683e-10	-1.6896800325202654e-13
1.0601235188776127e6	0.000015688280091785732	-4.282569810784082e-9	-1.9612967251064852e-10	-1.661300926918289e-13
1.0642646263732284e6	0.000014829422821153791	-4.963811472766674e-9	-2.1801047076274139e-10	-1.6280381773637895e-13
1.068405733868844e6	0.000013888162748427366	-5.630290456393325e-9	-2.3591735567481886e-10	-1.5900267744530875e-13
1.0725468413644596e6	0.00001288098044246082	-6.280071437874011e-9	-2.4986145574121837e-10	-1.547420127484253e-13
1.0766879488600753e6	0.00001182404322762125	-6.911286270524609e-9	-2.5997889728943194e-10	-1.5003890974177537e-13
1.080829056355691e6	0.000010732739968981493	-7.522140993515901e-9	-2.665050266149164e-10	-1.4491209267434485e-13
1.0849701638513068e6	9.621326363501979e-6	-8.110922377688261e-9	-2.6974728158155657e-10	-1.3938180754049406e-13
1.0891112713469223e6	8.502681006418642e-6	-8.676003971557926e-9	-2.70059172140354e-10	-1.334696972700412e-13
1.093252378842538e6	7.388163776550627e-6	-9.215851614891619e-9	-2.678171118528678e-10	-1.2719866957515802e-13
1.0973934863381537e6	6.287562389964662e-6	-9.729028391733622e-9	-2.6340111732103865e-10	-1.2059275857031303e-13
1.1015345938337694e6	5.2091101094805234e-6	-1.0214198999492318e-8	-2.571797626298852e-10	-1.1367698132783783e-13
1.1056757013293852e6	4.159557046069277e-6	-1.0670133515583643e-8	-2.4949929488192325e-10	-1.0647719056689931e-13
1.1098168088250007e6	3.1442785943581003e-6	-1.1095710548142606e-8	-2.40676496603099e-10	-9.901992469739481e-14
1.1139579163206164e6	2.1674066684454722e-6	-1.1489919762401475e-8	-2.3099470528956552e-10	-9.133225645236341e-14
1.118099023816232e6	1.2319720064186273e-6	-1.1851863779446126e-8	-2.2070233927510332e-10	-8.344164134283813e-14
1.1222401313118478e6	3.4004848946774277e-7	-1.2180759449152804e-8	-2.100132982015101e-10	-7.537576715766776e-14
1.1263812388074636e6	-5.071070911538889e-7	-1.24759385041261e-8	-1.9910867435235079e-10	-6.716240570789019e-14
1.130522346303079e6	-1.3089242369689154e-6	-1.2736847606359748e-8	-1.8813930291486202e-10	-5.88292679809727e-14
1.1346634537986948e6	-2.065399580853506e-6	-1.2963047803077585e-8	-1.772287769503735e-10	-5.040386382504604e-14
1.1388045612943105e6	-2.7769906718028106e-6	-1.3154213412738835e-8	-1.6647664507192023e-10	-4.191336722762889e-14
1.1429456687899262e6	-3.4445230198877303e-6	-1.3310130366467883e-8	-1.5596159033164056e-10	-3.33844881878347e-14
1.1470867762855417e6	-4.06911002329171e-6	-1.3430694034153978e-8	-1.4574445512093135e-10	-2.484335210639489e-14
1.1512278837811574e6	-4.652084951932497e-6	-1.3515906568124853e-8	-1.358710289112309e-10	-1.6315387534751857e-14
1.1553689912767732e6	-5.1949439027865466e-6	-1.3565873800596713e-8	-1.2637455472569633e-10	-7.825223033876742e-15
1.1595100987723889e6	-5.699298520901189e-6	-1.358080173401262e-8	-1.1727793829214416e-10	6.03406203778704e-16
1.1636512062680046e6	-6.166837256041252e-6	-1.3560992665875682e-8	-1.085956630126226e-10	8.947741418615841e-15
1.16779231376362e6	-6.5992939654604985e-6	-1.3506840991742614e-8	-1.0033542620669169e-10	1.7186072591342328e-14
1.1719334212592358e6	-6.9984227537272325e-6	-1.3418828731649806e-8	-9.249951929880747e-11	2.5297799661277114e-14
1.1760745287548515e6	-7.3659780428155284e-6	-1.3297520826386187e-8	-8.508597817240519e-11	3.3263482436460216e-14
1.1802156362504673e6	-7.703698977109529e-6	-1.3143560250697356e-8	-7.808953094739654e-11	4.10648790909849e-14
1.184356743746083e6	-8.013297380014964e-6	-1.2957662990701603e-8	-7.150236982461093e-11	4.868497325943654e-14
1.1884978512416985e6	-8.296448586112651e-6	-1.2740612932521774e-8	-6.531477202183445e-11	5.610798985172225e-14
1.1926389587373142e6	-8.554784572058271e-6	-1.2493256708395692e-8	-5.951559265927266e-11	6.331939982270036e-14
1.19678006623293e6	-8.789888899159542e-6	-1.221649854533249e-8	-5.4092650052541216e-11	7.030591423879039e-14
1.2009211737285457e6	-9.003293060243021e-6	-1.1911295159749356e-8	-4.903302144654198e-11	7.705546808708753e-14
1.2050622812241612e6	-9.19647389324438e-6	-1.157865073947395e-8	-4.4323264903354834e-11	8.355719437034571e-14
1.2092033887197769e6	-9.370851784521612e-6	-1.1219612052055354e-8	-3.994958091526309e-11	8.98013891226232e-14
1.2133444962153926e6	-9.527789437019909e-6	-1.0835263715521924e-8	-3.5897925385566136e-11	9.577946806442217e-14
1.2174856037110083e6	-9.6685910230233e-6	-1.0426723664586314e-8	-3.215408391445425e-11	1.0148391569205455e-13
1.221626711206624e6	-9.794501579223781e-6	-9.99513884186614e-9	-2.870371583826098e-11	1.0690822766289542e-13
1.2257678187022395e6	-9.906706534089687e-6	-9.541681139997734e-9	-2.5532375181373236e-11	1.1204684739556609e-13
1.2299089261978553e6	-0.00001000633128480533	-9.067543616613343e-9	-2.2625514569473768e-11	1.1689509785132537e-13
1.234050033693471e6	-0.000010094440764073885	-8.573937000071231e-9	-1.9968477197138872e-11	1.2144910949960056e-13
1.2381911411890867e6	-0.00001017203895641867	-8.062086499617367e-9	-1.754648111876684e-11	1.2570574549633225e-13
1.2423322486847024e6	-0.00001024006833978276	-7.533228929363885e-9	-1.5344599417508377e-11	1.2966252511838825e-13
1.246473356180318e6	-0.000010299409241626864	-6.988610151138306e-9	-1.3347739182673259e-11	1.3331754650063105e-13
1.2506144636759337e6	-0.00001035087910969716	-6.429482836935896e-9	-1.1540621675077106e-11	1.3666940971428998e-13
1.2547555711715494e6	-0.000010395231706451646	-5.857104547442546e-9	-9.907765567923691e-12	1.3971714120621214e-13
1.258896678667165e6	-0.000010433156243016409	-5.27273611893101e-9	-8.433474706921501e-12	1.4246012058858766e-13
1.2630377861627806e6	-0.000010465276473671889	-4.677640346816442e-9	-7.101831429039646e-12	1.4489801072819102e-13
1.2671788936583963e6	-0.000010492149775395527	-4.073080950328027e-9	-5.896696108788131e-12	1.4703069203352238e-13
1.271320001154012e6	-0.000010514266239042563	-3.460321799155245e-9	-4.801713260661551e-12	1.4885820177800913e-13
1.2754611086496278e6	-0.000010532047799452771	-2.8406263795958523e-9	-3.800324214866983e-12	1.5038067922830788e-13
1.2796022161452435e6	-0.00001054584743124636	-2.2152574747060362e-9	-2.8757861007599184e-12	1.5159831726945724e-13
1.283743323640859e6	-0.00001055594843543892	-1.5854770302610158e-9	-2.011196619852294e-12	1.5251132113401665e-13
1.2878844311364747e6	-0.000010562563839391841	-9.525461760065963e-10	-1.1895238700057736e-12	1.5311987475127638e-13
1.2920255386320904e6	-0.00001056583592916086	-3.177253697435866e-10	-3.9364029710985346e-13	1.5342411513611257e-13
1.2961666461277062e6	-0.00001056583592916086	3.17725369743616e-10	3.936402971098893e-13	1.5342411513611255e-13
1.300307753623322e6	-0.000010562563839391843	9.525461760066257e-10	1.18952387000581e-12	1.5311987475127636e-13
1.3044488611189374e6	-0.00001055594843543892	1.5854770302610228e-9	2.0111966198523087e-12	1.5251132113401665e-13
1.308589968614553e6	-0.00001054584743124636	2.215257474706065e-9	2.8757861007599572e-12	1.515983172694572e-13
1.3127310761101688e6	-0.000010532047799452771	2.8406263795958813e-9	3.800324214867021e-12	1.5038067922830783e-13
1.3168721836057846e6	-0.000010514266239042563	3.460321799155274e-9	4.801713260661595e-12	1.4885820177800906e-13
1.3210132911014e6	-0.000010492149775395529	4.073080950328033e-9	5.896696108788147e-12	1.4703069203352233e-13
1.3251543985970158e6	-0.000010465276473671889	4.677640346816448e-9	7.101831429039666e-12	1.4489801072819102e-13
1.3292955060926315e6	-0.000010433156243016407	5.272736118931037e-9	8.43347470692157e-12	1.4246012058858753e-13
1.3334366135882472e6	-0.000010395231706451643	5.857104547442573e-9	9.907765567923752e-12	1.3971714120621201e-13
1.337577721083863e6	-0.000010350879109697157	6.4294828369359214e-9	1.15406216750772e-11	1.3666940971428983e-13
1.3417188285794784e6	-0.000010299409241626868	6.988610151138292e-9	1.3347739182673204e-11	1.3331754650063113e-13
1.3458599360750942e6	-0.000010240068339782757	7.53322892936389e-9	1.5344599417508423e-11	1.2966252511838817e-13
1.3500010435707099e6	-0.000010172038956418668	8.062086499617373e-9	1.7546481118766865e-11	1.2570574549633218e-13
1.3541421510663256e6	-0.000010094440764073885	8.573937000071238e-9	1.9968477197138895e-11	1.214491094996005e-13
1.3582832585619413e6	-0.000010006331284805329	9.067543616613348e-9	2.262551456947378e-11	1.1689509785132534e-13
1.3624243660575568e6	-9.906706534089685e-6	9.541681139997739e-9	2.5532375181373262e-11	1.1204684739556606e-13
1.3665654735531725e6	-9.794501579223778e-6	9.99513884186616e-9	2.8703715838261127e-11	1.0690822766289517e-13
1.3707065810487883e6	-9.668591023023294e-6	1.0426723664586336e-8	3.215408391445437e-11	1.0148391569205431e-13
1.374847688544404e6	-9.527789437019902e-6	1.083526371552194e-8	3.589792538556629e-11	9.577946806442191e-14
1.3789887960400195e6	-9.370851784521616e-6	1.1219612052055344e-8	3.994958091526298e-11	8.980138912262334e-14
1.3831299035356352e6	-9.196473893244383e-6	1.157865073947394e-8	4.43232649033547e-11	8.355719437034585e-14
1.387271011031251e6	-9.003293060243011e-6	1.1911295159749371e-8	4.9033021446542187e-11	7.705546808708722e-14
1.3914121185268667e6	-8.789888899159537e-6	1.2216498545332492e-8	5.4092650052541274e-11	7.030591423879031e-14
1.3955532260224824e6	-8.554784572058268e-6	1.2493256708395693e-8	5.951559265927273e-11	6.331939982270029e-14
1.3996943335180979e6	-8.296448586112666e-6	1.2740612932521761e-8	6.531477202183405e-11	5.6107989851722684e-14
1.4038354410137136e6	-8.013297380014942e-6	1.2957662990701617e-8	7.150236982461144e-11	4.868497325943592e-14
1.4079765485093293e6	-7.703698977109503e-6	1.314356025069737e-8	7.80895309473971e-11	4.106487909098427e-14
1.412117656004945e6	-7.365978042815512e-6	1.3297520826386192e-8	8.508597817240551e-11	3.326348243645985e-14
1.4162587635005608e6	-6.998422753727213e-6	1.341882873164981e-8	9.249951929880781e-11	2.529779966127674e-14
1.4203998709961763e6	-6.599293965460509e-6	1.350684099174261e-8	1.0033542620669152e-10	1.718607259134253e-14
1.424540978491792e6	-6.16683725604123e-6	1.3560992665875682e-8	1.0859566301262296e-10	8.947741418615458e-15
1.4286820859874077e6	-5.699298520901168e-6	1.3580801734012624e-8	1.172779382921446e-10	6.034062037783123e-16
1.4328231934830234e6	-5.194943902786522e-6	1.3565873800596713e-8	1.2637455472569677e-10	-7.825223033877135e-15
1.436964300978639e6	-4.652084951932532e-6	1.3515906568124857e-8	1.3587102891123035e-10	-1.6315387534751346e-14
1.4411054084742547e6	-4.069110023291746e-6	1.3430694034153984e-8	1.4574445512093075e-10	-2.4843352106394374e-14
1.4452465159698704e6	-3.4445230198877223e-6	1.3310130366467883e-8	1.5596159033164067e-10	-3.338448818783479e-14
1.449387623465486e6	-2.7769906718027534e-6	1.315421341273882e-8	1.6647664507192108e-10	-4.191336722762958e-14
1.4535287309611018e6	-2.065399580853446e-6	1.2963047803077569e-8	1.7722877695037441e-10	-5.040386382504674e-14
1.4576698384567173e6	-1.3089242369689076e-6	1.2736847606359745e-8	1.8813930291486213e-10	-5.88292679809728e-14
1.461810945952333e6	-5.071070911538502e-7	1.2475938504126088e-8	1.9910867435235128e-10	-6.71624057078906e-14
1.4659520534479488e6	3.400484894677843e-7	1.2180759449152789e-8	2.1001329820151067e-10	-7.537576715766814e-14
1.4700931609435645e6	1.2319720064186694e-6	1.1851863779446109e-8	2.2070233927510376e-10	-8.34416413428385e-14
1.4742342684391802e6	2.1674066684455167e-6	1.1489919762401456e-8	2.3099470528956604e-10	-9.133225645236376e-14
1.4783753759347957e6	3.1442785943580736e-6	1.1095710548142616e-8	2.406764966030988e-10	-9.901992469739462e-14
1.4825164834304114e6	4.15955704606929e-6	1.0670133515583638e-8	2.4949929488192336e-10	-1.0647719056689936e-13
1.4866575909260272e6	5.209110109480535e-6	1.0214198999492312e-8	2.5717976262988536e-10	-1.1367698132783794e-13
1.4907986984216429e6	6.287562389964674e-6	9.729028391733615e-9	2.634011173210387e-10	-1.205927585703131e-13
1.4949398059172584e6	7.3881637765506414e-6	9.215851614891614e-9	2.678171118528679e-10	-1.2719866957515804e-13
1.499080913412874e6	8.502681006418654e-6	8.676003971557921e-9	2.7005917214035405e-10	-1.3346969727004126e-13
1.5032220209084898e6	9.621326363502033e-6	8.110922377688233e-9	2.6974728158155646e-10	-1.3938180754049431e-13
1.5073631284041055e6	0.00001073273996898155	7.522140993515872e-9	2.665050266149163e-10	-1.449120926743451e-13
1.5115042358997213e6	0.000011824043227621297	6.911286270524581e-9	2.599788972894315e-10	-1.500389097417756e-13
1.5156453433953368e6	0.000012880980442460794	6.280071437874026e-9	2.4986145574121873e-10	-1.547420127484252e-13
1.5197864508909525e6	0.000013888162748427383	5.6302904563933176e-9	2.3591735567481865e-10	-1.5900267744530882e-13
1.5239275583865682e6	0.000014829422821153791	4.963811472766666e-9	2.1801047076274105e-10	-1.62803817736379e-13
1.528068665882184e6	0.000015688280091785746	4.282569810784074e-9	1.961296725106483e-10	-1.6613009269182892e-13
1.5322097733777997e6	0.000016448504770442755	3.5885605404831965e-9	1.7041023824127665e-10	-1.6896800325202657e-13
1.5363508808734152e6	0.000017094755861655224	2.883830669622773e-9	1.4114764232151553e-10	-1.7130597779260886e-13
1.5404919883690309e6	0.000017613255265132544	2.1704710051720015e-9	1.0880074798564648e-10	-1.731344458148954e-13
1.5446330958646466e6	0.000017992449250854328	1.4506077353410707e-9	7.398226298529064e-11	-1.7444589912652313e-13
1.5487742033602623e6	0.000018223602471653666	7.26393785088741e-10	3.743571870015946e-11	-1.752349399840821e-13
1.5529153108558778e6	0.00001830127018922193	1.0623844464298378e-23	5.494321586284688e-25	-1.7549831578151808e-13
1.5570564183514935e6	0.00001822360247165366	-7.26393785088771e-10	-3.743571870016098e-11	-1.7523493998408204e-13
1.5611975258471093e6	0.00001799244925085431	-1.450607735341101e-9	-7.398226298529209e-11	-1.7444589912652308e-13
1.565338633342725e6	0.00001761325526513253	-2.170471005172031e-9	-1.0880074798564789e-10	-1.731344458148953e-13
1.5694797408383407e6	0.000017094755861655204	-2.8838306696228026e-9	-1.4114764232151685e-10	-1.7130597779260878e-13
1.5736208483339562e6	0.00001644850477044272	-3.588560540483225e-9	-1.7041023824127776e-10	-1.6896800325202647e-13
1.577761955829572e6	0.00001568828009178571	-4.282569810784102e-9	-1.961296725106493e-10	-1.661300926918288e-13
1.5819030633251877e6	0.000014829422821153762	-4.963811472766694e-9	-2.1801047076274193e-10	-1.6280381773637882e-13
1.5860441708208034e6	0.000013888162748427341	-5.630290456393345e-9	-2.359173556748193e-10	-1.5900267744530862e-13
1.590185278316419e6	0.000012880980442460755	-6.280071437874053e-9	-2.498614557412192e-10	-1.5474201274842503e-13
1.5943263858120346e6	0.000011824043227621256	-6.911286270524607e-9	-2.5997889728943183e-10	-1.500389097417754e-13
1.5984674933076503e6	0.000010732739968981504	-7.522140993515898e-9	-2.6650502661491645e-10	-1.4491209267434487e-13
1.602608600803266e6	9.621326363501987e-6	-8.110922377688258e-9	-2.6974728158155657e-10	-1.3938180754049409e-13
1.6067497082988818e6	8.502681006418608e-6	-8.676003971557943e-9	-2.7005917214035384e-10	-1.3346969727004103e-13
1.6108908157944973e6	7.388163776550672e-6	-9.215851614891599e-9	-2.67817111852868e-10	-1.271986695751583e-13
1.615031923290113e6	6.287562389964705e-6	-9.729028391733602e-9	-2.6340111732103886e-10	-1.205927585703133e-13
1.6191730307857287e6	5.209110109480492e-6	-1.0214198999492333e-8	-2.571797626298851e-10	-1.1367698132783763e-13
1.6233141382813444e6	4.159557046069247e-6	-1.0670133515583656e-8	-2.49499294881923e-10	-1.0647719056689905e-13
1.6274552457769602e6	3.144278594358034e-6	-1.1095710548142632e-8	-2.406764966030984e-10	-9.90199246973943e-14
1.6315963532725757e6	2.167406668445476e-6	-1.1489919762401473e-8	-2.3099470528956563e-10	-9.133225645236346e-14
1.6357374607681914e6	1.2319720064186311e-6	-1.1851863779446124e-8	-2.2070233927510338e-10	-8.344164134283818e-14
1.639878568263807e6	3.400484894677481e-7	-1.2180759449152802e-8	-2.1001329820151015e-10	-7.537576715766781e-14
1.6440196757594228e6	-5.071070911538847e-7	-1.2475938504126098e-8	-1.9910867435235086e-10	-6.716240570789024e-14
1.6481607832550383e6	-1.3089242369688838e-6	-1.2736847606359735e-8	-1.881393029148625e-10	-5.882926798097303e-14
1.652301890750654e6	-2.0653995808534762e-6	-1.2963047803077577e-8	-1.77228776950374e-10	-5.040386382504639e-14
1.6564429982462698e6	-2.7769906718027827e-6	-1.3154213412738826e-8	-1.664766450719207e-10	-4.191336722762923e-14
1.6605841057418855e6	-3.4445230198877036e-6	-1.3310130366467876e-8	-1.5596159033164095e-10	-3.3384488187835044e-14
1.6647252132375012e6	-4.0691100232917285e-6	-1.3430694034153981e-8	-1.45744455120931e-10	-2.4843352106394627e-14
1.6688663207331167e6	-4.652084951932515e-6	-1.3515906568124855e-8	-1.3587102891123063e-10	-1.6315387534751592e-14
1.6730074282287324e6	-5.194943902786544e-6	-1.3565873800596713e-8	-1.2637455472569639e-10	-7.825223033876784e-15
1.6771485357243482e6	-5.699298520901188e-6	-1.358080173401262e-8	-1.1727793829214424e-10	6.034062037786623e-16
1.6812896432199639e6	-6.166837256041249e-6	-1.3560992665875682e-8	-1.0859566301262265e-10	8.947741418615802e-15
1.6854307507155796e6	-6.599293965460526e-6	-1.3506840991742609e-8	-1.0033542620669118e-10	1.7186072591342864e-14
1.689571858211195e6	-6.998422753727229e-6	-1.3418828731649806e-8	-9.249951929880746e-11	2.5297799661277067e-14
1.6937129657068108e6	-7.365978042815527e-6	-1.3297520826386187e-8	-8.508597817240523e-11	3.326348243646017e-14
1.6978540732024265e6	-7.703698977109515e-6	-1.3143560250697364e-8	-7.808953094739682e-11	4.1064879090984594e-14
1.7019951806980423e6	-8.013297380014954e-6	-1.295766299070161e-8	-7.150236982461119e-11	4.868497325943624e-14
1.7061362881936578e6	-8.296448586112661e-6	-1.2740612932521768e-8	-6.531477202183425e-11	5.610798985172247e-14
1.7102773956892735e6	-8.554784572058278e-6	-1.2493256708395682e-8	-5.951559265927249e-11	6.331939982270058e-14
1.7144185031848892e6	-8.789888899159547e-6	-1.221649854533248e-8	-5.409265005254105e-11	7.030591423879062e-14
1.718559610680505e6	-9.003293060243021e-6	-1.1911295159749358e-8	-4.903302144654199e-11	7.70554680870875e-14
1.7227007181761207e6	-9.19647389324439e-6	-1.1578650739473928e-8	-4.4323264903354576e-11	8.355719437034612e-14
1.7268418256717362e6	-9.370851784521612e-6	-1.1219612052055355e-8	-3.994958091526313e-11	8.980138912262318e-14
1.7309829331673519e6	-9.527789437019909e-6	-1.0835263715521926e-8	-3.5897925385566136e-11	9.577946806442216e-14
1.7351240406629676e6	-9.668591023023299e-6	-1.0426723664586318e-8	-3.215408391445426e-11	1.0148391569205454e-13
1.7392651481585833e6	-9.794501579223781e-6	-9.995138841866141e-9	-2.8703715838261e-11	1.069082276628954e-13
1.743406255654199e6	-9.90670653408969e-6	-9.541681139997721e-9	-2.5532375181373142e-11	1.1204684739556624e-13
1.7475473631498145e6	-0.000010006331284805336	-9.067543616613328e-9	-2.262551456947365e-11	1.1689509785132554e-13
1.7516884706454303e6	-0.000010094440764073889	-8.573937000071216e-9	-1.996847719713879e-11	1.214491094996007e-13
1.755829578141046e6	-0.00001017203895641867	-8.062086499617352e-9	-1.7546481118766755e-11	1.2570574549633235e-13
1.7599706856366617e6	-0.000010240068339782762	-7.53322892936387e-9	-1.5344599417508335e-11	1.2966252511838833e-13
1.7641117931322772e6	-0.000010299409241626864	-6.9886101511383084e-9	-1.3347739182673266e-11	1.3331754650063105e-13
1.768252900627893e6	-0.000010350879109697162	-6.429482836935898e-9	-1.1540621675077135e-11	1.3666940971428993e-13
1.7723940081235087e6	-0.000010395231706451644	-5.857104547442549e-9	-9.907765567923678e-12	1.3971714120621212e-13
1.7765351156191244e6	-0.000010433156243016412	-5.272736118931012e-9	-8.433474706921514e-12	1.4246012058858763e-13
1.78067622311474e6	-0.000010465276473671889	-4.6776403468164235e-9	-7.10183142903962e-12	1.4489801072819108e-13
1.7848173306103556e6	-0.000010492149775395529	-4.073080950328051e-9	-5.896696108788189e-12	1.4703069203352228e-13
1.7889584381059713e6	-0.000010514266239042565	-3.46032179915527e-9	-4.801713260661598e-12	1.4885820177800908e-13
1.793099545601587e6	-0.000010532047799452773	-2.8406263795958337e-9	-3.800324214866955e-12	1.503806792283079e-13
1.7972406530972028e6	-0.000010545847431246361	-2.2152574747060168e-9	-2.8757861007598942e-12	1.5159831726945724e-13
1.8013817605928185e6	-0.000010555948435438921	-1.5854770302609742e-9	-2.011196619852239e-12	1.525113211340167e-13
1.805522868088434e6	-0.000010562563839391841	-9.525461760065996e-10	-1.1895238700057749e-12	1.5311987475127638e-13
1.8096639755840497e6	-0.00001056583592916086	-3.177253697435897e-10	-3.936402971098564e-13	1.5342411513611257e-13
1.8138050830796654e6	-0.00001056583592916086	3.1772536974361294e-10	3.9364029710988617e-13	1.5342411513611255e-13
1.8179461905752812e6	-0.000010562563839391843	9.525461760066226e-10	1.1895238700058064e-12	1.5311987475127636e-13
1.8220872980708966e6	-0.000010555948435438921	1.5854770302609972e-9	2.0111966198522683e-12	1.5251132113401665e-13
1.8262284055665124e6	-0.000010545847431246363	2.21525747470604e-9	2.8757861007599265e-12	1.5159831726945721e-13
1.830369513062128e6	-0.000010532047799452771	2.8406263795958565e-9	3.8003242148669936e-12	1.5038067922830788e-13
1.8345106205577438e6	-0.000010514266239042565	3.460321799155249e-9	4.801713260661553e-12	1.4885820177800913e-13
1.8386517280533595e6	-0.000010492149775395523	4.0730809503280735e-9	5.896696108788228e-12	1.4703069203352223e-13
1.842792835548975e6	-0.00001046527647367189	4.677640346816446e-9	7.101831429039656e-12	1.4489801072819102e-13
1.8469339430445908e6	-0.000010433156243016409	5.272736118931034e-9	8.43347470692156e-12	1.4246012058858756e-13
1.8510750505402065e6	-0.000010395231706451641	5.85710454744257e-9	9.907765567923749e-12	1.3971714120621201e-13
1.8552161580358222e6	-0.000010350879109697157	6.42948283693592e-9	1.1540621675077184e-11	1.3666940971428986e-13
1.859357265531438e6	-0.000010299409241626864	6.98861015113833e-9	1.3347739182673363e-11	1.3331754650063088e-13
1.8634983730270534e6	-0.000010240068339782755	7.53322892936389e-9	1.534459941750842e-11	1.296625251183882e-13
1.8676394805226692e6	-0.000010172038956418666	8.06208649961737e-9	1.7546481118766842e-11	1.257057454963322e-13
1.8717805880182849e6	-0.000010094440764073885	8.573937000071234e-9	1.9968477197138892e-11	1.214491094996005e-13
1.8759216955139006e6	-0.000010006331284805327	9.067543616613346e-9	2.2625514569473774e-11	1.1689509785132537e-13
1.880062803009516e6	-9.906706534089685e-6	9.541681139997737e-9	2.5532375181373262e-11	1.1204684739556606e-13
1.8842039105051318e6	-9.794501579223776e-6	9.995138841866158e-9	2.870371583826113e-11	1.069082276628952e-13
1.8883450180007475e6	-9.668591023023295e-6	1.0426723664586333e-8	3.215408391445437e-11	1.0148391569205433e-13
1.8924861254963633e6	-9.527789437019904e-6	1.0835263715521939e-8	3.589792538556627e-11	9.577946806442195e-14
1.896627232991979e6	-9.370851784521607e-6	1.1219612052055369e-8	3.994958091526325e-11	8.980138912262295e-14
1.9007683404875945e6	-9.196473893244385e-6	1.157865073947394e-8	4.4323264903354705e-11	8.35571943703459e-14
1.9049094479832102e6	-9.003293060243014e-6	1.191129515974937e-8	4.9033021446542187e-11	7.705546808708726e-14
1.909050555478826e6	-8.78988889915954e-6	1.2216498545332492e-8	5.409265005254124e-11	7.030591423879035e-14
1.9131916629744417e6	-8.554784572058268e-6	1.2493256708395692e-8	5.951559265927267e-11	6.331939982270031e-14
1.9173327704700574e6	-8.29644858611265e-6	1.2740612932521776e-8	6.531477202183443e-11	5.6107989851722204e-14
1.9214738779656729e6	-8.013297380014944e-6	1.2957662990701617e-8	7.150236982461143e-11	4.868497325943596e-14
1.9256149854612886e6	-7.703698977109507e-6	1.314356025069737e-8	7.808953094739704e-11	4.1064879090984304e-14
1.9297560929569043e6	-7.365978042815512e-6	1.329752082638619e-8	8.508597817240549e-11	3.326348243645988e-14
1.93389720045252e6	-6.998422753727215e-6	1.341882873164981e-8	9.249951929880776e-11	2.5297799661276773e-14
1.9380383079481355e6	-6.59929396546051e-6	1.350684099174261e-8	1.0033542620669147e-10	1.7186072591342568e-14
1.9421794154437513e6	-6.166837256041233e-6	1.3560992665875682e-8	1.0859566301262292e-10	8.947741418615497e-15
1.946320522939367e6	-5.6992985209011706e-6	1.3580801734012624e-8	1.172779382921446e-10	6.034062037783539e-16
1.9504616304349827e6	-5.194943902786525e-6	1.3565873800596713e-8	1.2637455472569675e-10	-7.825223033877095e-15
1.9546027379305984e6	-4.652084951932494e-6	1.3515906568124852e-8	1.3587102891123097e-10	-1.6315387534751908e-14
1.958743845426214e6	-4.069110023291749e-6	1.3430694034153984e-8	1.4574445512093068e-10	-2.484335210639434e-14
1.9628849529218297e6	-3.444523019887726e-6	1.3310130366467883e-8	1.5596159033164062e-10	-3.338448818783475e-14
1.9670260604174454e6	-2.776990671802758e-6	1.315421341273882e-8	1.6647664507192105e-10	-4.191336722762954e-14
1.971167167913061e6	-2.06539958085345e-6	1.2963047803077569e-8	1.7722877695037436e-10	-5.040386382504669e-14
1.9753082754086768e6	-1.3089242369688563e-6	1.2736847606359728e-8	1.8813930291486288e-10	-5.882926798097335e-14
1.9794493829042923e6	-5.071070911538545e-7	1.2475938504126088e-8	1.9910867435235125e-10	-6.716240570789055e-14
1.983590490399908e6	3.4004848946778067e-7	1.218075944915279e-8	2.1001329820151051e-10	-7.537576715766812e-14
1.9877315978955238e6	1.2319720064186637e-6	1.185186377944611e-8	2.207023392751037e-10	-8.344164134283847e-14
1.9918727053911395e6	2.1674066684455116e-6	1.148991976240146e-8	2.3099470528956596e-10	-9.133225645236375e-14
1.996013812886755e6	3.1442785943580702e-6	1.1095710548142617e-8	2.4067649660309876e-10	-9.901992469739458e-14
2.0001549203823707e6	4.159557046069286e-6	1.067013351558364e-8	2.494992948819233e-10	-1.0647719056689933e-13
2.0042960278779864e6	5.209110109480531e-6	1.0214198999492315e-8	2.5717976262988526e-10	-1.1367698132783789e-13
2.0084371353736022e6	6.287562389964666e-6	9.729028391733618e-9	2.634011173210387e-10	-1.2059275857031305e-13
2.0125782428692179e6	7.3881637765507134e-6	9.215851614891579e-9	2.678171118528681e-10	-1.2719866957515852e-13
2.0167193503648334e6	8.502681006418647e-6	8.676003971557925e-9	2.700591721403539e-10	-1.3346969727004123e-13
2.020860457860449e6	9.621326363502023e-6	8.110922377688236e-9	2.697472815815564e-10	-1.393818075404943e-13
2.0250015653560648e6	0.000010732739968981544	7.522140993515875e-9	2.665050266149163e-10	-1.4491209267434507e-13
2.0291426728516805e6	0.000011824043227621294	6.911286270524584e-9	2.599788972894316e-10	-1.5003890974177555e-13
2.0332837803472963e6	0.000012880980442460866	6.280071437873984e-9	2.498614557412179e-10	-1.547420127484255e-13
2.0374248878429118e6	0.000013888162748427375	5.630290456393321e-9	2.359173556748187e-10	-1.5900267744530877e-13
2.0415659953385275e6	0.000014829422821153788	4.963811472766669e-9	2.1801047076274118e-10	-1.6280381773637897e-13
2.0457071028341432e6	0.00001568828009178574	4.2825698107840764e-9	1.9612967251064852e-10	-1.6613009269182892e-13
2.049848210329759e6	0.000016448504770442745	3.5885605404831994e-9	1.7041023824127672e-10	-1.6896800325202654e-13
2.0539893178253744e6	0.000017094755861655217	2.8838306696227765e-9	1.4114764232151564e-10	-1.7130597779260886e-13
2.0581304253209902e6	0.00001761325526513255	2.1704710051720044e-9	1.0880074798564673e-10	-1.7313444581489538e-13
2.0622715328166059e6	0.00001799244925085433	1.4506077353410744e-9	7.398226298529084e-11	-1.744458991265231e-13
2.0664126403122216e6	0.000018223602471653666	7.263937850887446e-10	3.743571870015965e-11	-1.752349399840821e-13
2.070553747807837e6	0.00001830127018922193	1.4165125952397838e-23	7.325762115046253e-25	-1.7549831578151808e-13