0.	1.830127018922193e-7	0.	0.	-1.7549831578151805e-13
414110.4749380471	1.8223602471653656e-7	-7.26393303370253e-8	-3.743574352621484e-15	-1.7523493998408204e-13
828220.9498760942	1.799244925085431e-7	-1.4506067733496434e-7	-7.398231204773e-15	-1.7444589912652308e-13
1.2423314248141414e6	1.761325526513253e-7	-2.1704695657928504e-7	-1.0880082013848173e-14	-1.7313444581489535e-13
1.6564418997521885e6	1.7094755861655217e-7	-2.883828757168859e-7	-1.4114773592567452e-14	-1.713059777926088e-13
2.0705523746902356e6	1.6448504770442735e-7	-3.5885581606774907e-7	-1.704103512513609e-14	-1.6896800325202652e-13
2.4846628496282827e6	1.5688280091785735e-7	-4.282566970736098e-7	-1.9612980257695776e-14	-1.661300926918289e-13
2.89877332456633e6	1.4829422821153795e-7	-4.963808180943444e-7	-2.180106153396271e-14	-1.62803817736379e-13
3.312883799504377e6	1.388816274842739e-7	-5.630286722584933e-7	-2.3591751212692157e-14	-1.5900267744530882e-13
3.726994274442424e6	1.2880980442460812e-7	-6.280067273154001e-7	-2.4986162144055902e-14	-1.5474201274842528e-13
4.141104749380471e6	1.1824043227621249e-7	-6.911281687205368e-7	-2.5997906969830426e-14	-1.5003890974177535e-13
4.555215224318518e6	1.0732739968981503e-7	-7.522136005099529e-7	-2.6650520335168826e-14	-1.4491209267434492e-13
4.969325699256565e6	9.621326363501998e-8	-8.110916998813012e-7	-2.6974746046847806e-14	-1.3938180754049416e-13
5.383436174194613e6	8.502681006418634e-8	-8.675998217940677e-7	-2.700593512341104e-14	-1.3346969727004116e-13
5.79754664913266e6	7.388163776550626e-8	-9.215845503266609e-7	-2.6781728945976866e-14	-1.27198669575158e-13
6.211657124070707e6	6.287562389964667e-8	-9.729021939788023e-7	-2.6340129199940697e-14	-1.2059275857031308e-13
6.625767599008754e6	5.209110109480542e-8	-1.021419222579882e-6	-2.571799331824699e-14	-1.1367698132783795e-13
7.039878073946801e6	4.159557046069303e-8	-1.067012643953059e-6	-2.4949946034109147e-14	-1.0647719056689946e-13
7.453988548884848e6	3.1442785943580965e-8	-1.1095703189862014e-6	-2.4067665621129718e-14	-9.901992469739477e-14
7.868099023822895e6	2.167406668445476e-8	-1.1489912142695348e-6	-2.309948584771399e-14	-9.133225645236345e-14
8.282209498760942e6	1.2319720064186385e-8	-1.18518559197116e-6	-2.207024856371421e-14	-8.344164134283823e-14
8.696319973698989e6	3.4004848946776616e-9	-1.2180751371306364e-6	-2.1001343747495245e-14	-7.537576715766798e-14
9.110430448637037e6	-5.071070911538634e-9	-1.2475930230527408e-6	-1.991088063942298e-14	-6.716240570789045e-14
9.524540923575085e6	-1.3089242369689161e-8	-1.2736839159735426e-6	-1.8813942768223882e-14	-5.882926798097269e-14
9.93865139851313e6	-2.0653995808534965e-8	-1.2963039206445336e-6	-1.7722889448227292e-14	-5.040386382504614e-14
1.0352761873451177e7	-2.7769906718027946e-8	-1.3154204689332351e-6	-1.6647675547338353e-14	-4.191336722762906e-14
1.0766872348389225e7	-3.4445230198877105e-8	-1.331012153966282e-6	-1.5596169375988904e-14	-3.338448818783495e-14
1.1180982823327273e7	-4.069110023291731e-8	-1.3430685127395388e-6	-1.4574455177353394e-14	-2.4843352106394576e-14
1.159509329826532e7	-4.652084951932512e-8	-1.351589760485634e-6	-1.3587111901612423e-14	-1.631538753475162e-14
1.2009203773203366e7	-5.1949439027865354e-8	-1.3565864804191707e-6	-1.2637463853286203e-14	-7.825223033876918e-15
1.2423314248141414e7	-5.699298520901177e-8	-1.358079272770794e-6	-1.172780160667534e-14	6.034062037784889e-16
1.2837424723079462e7	-6.166837256041238e-8	-1.3560983672707671e-6	-1.0859573502945182e-14	8.947741418615597e-15
1.3251535198017508e7	-6.59929396546051e-8	-1.3506832034486064e-6	-1.0033549274562159e-14	1.7186072591342555e-14
1.3665645672955554e7	-6.998422753727237e-8	-1.3418819832759858e-6	-9.249958064123922e-15	2.5297799661277262e-14
1.4079756147893602e7	-7.365978042815532e-8	-1.3297512007943326e-6	-8.50860345984369e-15	3.3263482436460324e-14
1.449386662283165e7	-7.703698977109519e-8	-1.3143551534355682e-6	-7.808958273363056e-15	4.106487909098467e-14
1.4907977097769696e7	-8.013297380014953e-8	-1.295765439764038e-6	-7.150241724247116e-15	4.8684973259436247e-14
1.5322087572707742e7	-8.296448586112656e-8	-1.274060448340042e-6	-6.531481533629675e-15	5.6107989851722374e-14
1.573619804764579e7	-8.554784572058273e-8	-1.2493248423312184e-6	-5.951563212792296e-15	6.331939982270048e-14
1.6150308522583839e7	-8.789888899159541e-8	-1.2216490443785154e-6	-5.409268592488652e-15	7.030591423879046e-14
1.6564418997521885e7	-9.003293060243014e-8	-1.1911287260602066e-6	-4.903305396351956e-15	7.70554680870873e-14
1.697852947245993e7	-9.196473893244382e-8	-1.1578643060924592e-6	-4.432329429698706e-15	8.355719437034581e-14
1.7392639947397977e7	-9.370851784521614e-8	-1.1219604611607684e-6	-3.994960740842177e-15	8.980138912262325e-14
1.7806750422336027e7	-9.527789437019905e-8	-1.08352565299604e-6	-3.589794919180919e-15	9.577946806442222e-14
1.8220860897274073e7	-9.668591023023297e-8	-1.0426716749954028e-6	-3.2154105237913186e-15	1.0148391569205455e-13
1.863497137221212e7	-9.79450157922378e-8	-9.99513221344556e-7	-2.8703734873557042e-15	1.0690822766289537e-13
1.904908184715017e7	-9.906706534089689e-8	-9.54167481229416e-7	-2.5532392113547473e-15	1.1204684739556624e-13
1.9463192322088216e7	-1.0006331284805333e-7	-9.067537603340916e-7	-2.2625529573920183e-15	1.1689509785132544e-13
1.987730279702626e7	-1.0094440764073884e-7	-8.573931314141163e-7	-1.9968490439531487e-15	1.2144910949960056e-13
2.0291413271964308e7	-1.0172038956418665e-7	-8.06208115312835e-7	-1.7546492754976761e-15	1.257057454963322e-13
2.0705523746902354e7	-1.0240068339782759e-7	-7.533223933594402e-7	-1.5344609593507733e-15	1.2966252511838815e-13
2.1119634221840404e7	-1.029940924162687e-7	-6.988605516540607e-7	-1.3347748034425004e-15	1.333175465006311e-13
2.153374469677845e7	-1.035087910969716e-7	-6.429478573131556e-7	-1.1540629328412002e-15	1.3666940971428996e-13
2.1947855171716496e7	-1.0395231706451642e-7	-5.857100663219134e-7	-9.90777213840578e-16	1.3971714120621212e-13
2.2361965646654546e7	-1.0433156243016412e-7	-5.272732622239955e-7	-8.433480299705707e-16	1.4246012058858763e-13
2.2776076121592592e7	-1.0465276473671889e-7	-4.677637244771722e-7	-7.101836138724756e-16	1.4489801072819105e-13
2.319018659653064e7	-1.0492149775395527e-7	-4.0730782492056023e-7	-5.896700019269846e-16	1.4703069203352238e-13
2.3604297071468685e7	-1.0514266239042562e-7	-3.460319504392901e-7	-4.801716444989105e-16	1.4885820177800913e-13
2.401840754640673e7	-1.0532047799452766e-7	-2.8406244957934804e-7	-3.8003267351085297e-16	1.5038067922830785e-13
2.443251802134478e7	-1.0545847431246363e-7	-2.2152560056260797e-7	-2.8757880078802585e-16	1.5159831726945721e-13
2.4846628496282827e7	-1.0555948435438918e-7	-1.5854759788290338e-7	-2.0111979536072306e-16	1.5251132113401665e-13
2.5260738971220873e7	-1.0562563839391841e-7	-9.525455443118512e-8	-1.1895246588562144e-16	1.5311987475127638e-13
2.5674849446158923e7	-1.0565835929160859e-7	-3.1772515903942137e-8	-3.936405581582698e-17	1.5342411513611257e-13
2.608895992109697e7	-1.0565835929160859e-7	3.177251590394407e-8	3.936405581582938e-17	1.5342411513611257e-13
2.6503070396035016e7	-1.0562563839391842e-7	9.52545544311865e-8	1.1895246588562356e-16	1.5311987475127638e-13
2.691718087097306e7	-1.0555948435438918e-7	1.5854759788290473e-7	2.0111979536072537e-16	1.5251132113401662e-13
2.7331291345911108e7	-1.054584743124636e-7	2.2152560056260932e-7	2.875788007880282e-16	1.515983172694572e-13
2.7745401820849158e7	-1.053204779945277e-7	2.840624495793494e-7	3.8003267351085356e-16	1.503806792283078e-13
2.8159512295787204e7	-1.0514266239042562e-7	3.4603195043929195e-7	4.801716444989138e-16	1.4885820177800906e-13
2.857362277072525e7	-1.0492149775395527e-7	4.073078249205615e-7	5.896700019269874e-16	1.4703069203352235e-13
2.89877332456633e7	-1.0465276473671888e-7	4.677637244771741e-7	7.101836138724789e-16	1.44898010728191e-13
2.9401843720601346e7	-1.0433156243016408e-7	5.272732622239973e-7	8.433480299705731e-16	1.4246012058858753e-13
2.9815954195539393e7	-1.0395231706451644e-7	5.857100663219147e-7	9.90777213840581e-16	1.3971714120621204e-13
3.023006467047744e7	-1.0350879109697159e-7	6.429478573131567e-7	1.154062932841205e-15	1.366694097142899e-13
3.0644175145415485e7	-1.0299409241626866e-7	6.988605516540619e-7	1.3347748034424996e-15	1.33317546500631e-13
3.1058285620353535e7	-1.0240068339782756e-7	7.533223933594415e-7	1.53446095935078e-15	1.2966252511838807e-13
3.147239609529158e7	-1.0172038956418663e-7	8.062081153128361e-7	1.7546492754976824e-15	1.257057454963321e-13
3.1886506570229627e7	-1.0094440764073883e-7	8.573931314141173e-7	1.996849043953156e-15	1.2144910949960046e-13
3.2300617045167677e7	-1.0006331284805326e-7	9.067537603340931e-7	2.2625529573920293e-15	1.168950978513253e-13
3.2714727520105723e7	-9.906706534089686e-8	9.541674812294174e-7	2.553239211354757e-15	1.1204684739556608e-13
3.312883799504377e7	-9.794501579223775e-8	9.995132213445572e-7	2.8703734873557176e-15	1.0690822766289521e-13
3.3542948469981816e7	-9.668591023023295e-8	1.0426716749954038e-6	3.215410523791326e-15	1.0148391569205445e-13
3.395705894491986e7	-9.527789437019907e-8	1.0835256529960408e-6	3.589794919180925e-15	9.577946806442215e-14
3.437116941985791e7	-9.370851784521614e-8	1.121960461160769e-6	3.994960740842183e-15	8.980138912262318e-14
3.4785279894795954e7	-9.19647389324438e-8	1.1578643060924594e-6	4.4323294296987104e-15	8.35571943703458e-14
3.5199390369734004e7	-9.003293060243009e-8	1.1911287260602075e-6	4.9033053963519644e-15	7.705546808708716e-14
3.5613500844672054e7	-8.789888899159533e-8	1.2216490443785165e-6	5.409268592488668e-15	7.030591423879025e-14
3.60276113196101e7	-8.554784572058268e-8	1.249324842331219e-6	5.951563212792308e-15	6.331939982270035e-14
3.644172179454815e7	-8.29644858611265e-8	1.2740604483400425e-6	6.531481533629691e-15	5.610798985172222e-14
3.68558322694862e7	-8.013297380014944e-8	1.2957654397640388e-6	7.150241724247135e-15	4.868497325943598e-14
3.726994274442424e7	-7.70369897710951e-8	1.3143551534355686e-6	7.808958273363072e-15	4.106487909098447e-14
3.768405321936229e7	-7.365978042815522e-8	1.329751200794333e-6	8.508603459843718e-15	3.3263482436460046e-14
3.809816369430034e7	-6.998422753727221e-8	1.3418819832759862e-6	9.249958064123953e-15	2.5297799661276944e-14
3.851227416923838e7	-6.599293965460503e-8	1.3506832034486064e-6	1.0033549274562168e-14	1.718607259134245e-14
3.892638464417643e7	-6.166837256041224e-8	1.3560983672707673e-6	1.0859573502945207e-14	8.947741418615379e-15
3.934049511911447e7	-5.6992985209011724e-8	1.358079272770794e-6	1.1727801606675354e-14	6.034062037783835e-16
3.975460559405252e7	-5.194943902786526e-8	1.3565864804191707e-6	1.2637463853286216e-14	-7.825223033877067e-15
4.016871606899057e7	-4.652084951932495e-8	1.3515897604856339e-6	1.3587111901612447e-14	-1.631538753475188e-14
4.0582826543928616e7	-4.069110023291719e-8	1.3430685127395388e-6	1.4574455177353416e-14	-2.484335210639476e-14
4.0996937018866666e7	-3.444523019887693e-8	1.3310121539662818e-6	1.5596169375988935e-14	-3.338448818783517e-14
4.141104749380471e7	-2.776990671802784e-8	1.3154204689332347e-6	1.664767554733837e-14	-4.191336722762921e-14
4.182515796874276e7	-2.065399580853478e-8	1.2963039206445332e-6	1.7722889448227317e-14	-5.0403863825046375e-14
4.223926844368081e7	-1.3089242369688852e-8	1.2736839159735417e-6	1.8813942768223926e-14	-5.882926798097302e-14
4.265337891861885e7	-5.07107091153842e-9	1.2475930230527402e-6	1.9910880639423005e-14	-6.716240570789067e-14
4.30674893935569e7	3.4004848946777795e-9	1.2180751371306357e-6	2.100134374749526e-14	-7.537576715766808e-14
4.348159986849495e7	1.2319720064186617e-8	1.185185591971159e-6	2.2070248563714238e-14	-8.344164134283843e-14
4.389571034343299e7	2.1674066684454906e-8	1.1489912142695344e-6	2.3099485847714e-14	-9.133225645236358e-14
4.430982081837104e7	3.14427859435812e-8	1.1095703189862003e-6	2.4067665621129736e-14	-9.901992469739494e-14
4.472393129330909e7	4.159557046069337e-8	1.0670126439530575e-6	2.494994603410918e-14	-1.0647719056689971e-13
4.5138041768247135e7	5.209110109480564e-8	1.0214192225798814e-6	2.5717993318247004e-14	-1.136769813278381e-13
4.5552152243185185e7	6.287562389964703e-8	9.729021939788006e-7	2.6340129199940716e-14	-1.2059275857031325e-13
4.596626271812323e7	7.388163776550654e-8	9.215845503266597e-7	2.6781728945976885e-14	-1.2719866957515812e-13
4.638037319306128e7	8.502681006418664e-8	8.675998217940661e-7	2.7005935123411047e-14	-1.3346969727004133e-13
4.679448366799933e7	9.621326363502042e-8	8.110916998812989e-7	2.69747460468478e-14	-1.3938180754049436e-13
4.720859414293737e7	1.0732739968981537e-7	7.522136005099511e-7	2.6650520335168817e-14	-1.4491209267434505e-13
4.762270461787542e7	1.1824043227621268e-7	6.911281687205355e-7	2.5997906969830388e-14	-1.5003890974177545e-13
4.803681509281346e7	1.2880980442460825e-7	6.280067273153995e-7	2.4986162144055877e-14	-1.547420127484253e-13
4.845092556775151e7	1.3888162748427408e-7	5.630286722584922e-7	2.3591751212692138e-14	-1.5900267744530887e-13
4.886503604268956e7	1.4829422821153822e-7	4.963808180943426e-7	2.1801061533962665e-14	-1.6280381773637907e-13
4.9279146517627604e7	1.568828009178575e-7	4.282566970736087e-7	1.9612980257695738e-14	-1.6613009269182895e-13
4.9693256992565654e7	1.6448504770442753e-7	3.588558160677474e-7	1.7041035125136023e-14	-1.689680032520266e-13
5.0107367467503704e7	1.7094755861655233e-7	2.883828757168835e-7	1.4114773592567354e-14	-1.7130597779260888e-13
5.052147794244175e7	1.7613255265132545e-7	2.170469565792834e-7	1.0880082013848096e-14	-1.7313444581489538e-13
5.09355884173798e7	1.7992449250854328e-7	1.4506067733496204e-7	7.398231204772893e-15	-1.7444589912652308e-13
5.134969889231785e7	1.8223602471653664e-7	7.263933033702242e-8	3.743574352621338e-15	-1.752349399840821e-13
5.176380936725589e7	1.830127018922193e-7	-2.214194407343753e-21	-1.1451139279049847e-28	-1.7549831578151805e-13
5.217791984219394e7	1.8223602471653654e-7	-7.263933033702685e-8	-3.7435743526215625e-15	-1.7523493998408204e-13
5.259203031713198e7	1.7992449250854307e-7	-1.4506067733496518e-7	-7.398231204773046e-15	-1.7444589912652306e-13
5.300614079207003e7	1.761325526513252e-7	-2.1704695657928647e-7	-1.0880082013848238e-14	-1.7313444581489528e-13
5.342025126700808e7	1.7094755861655201e-7	-2.8838287571688786e-7	-1.411477359256754e-14	-1.7130597779260873e-13
5.383436174194612e7	1.6448504770442721e-7	-3.588558160677504e-7	-1.704103512513614e-14	-1.689680032520265e-13
5.424847221688417e7	1.5688280091785714e-7	-4.282566970736117e-7	-1.961298025769583e-14	-1.661300926918288e-13
5.4662582691822216e7	1.482942282115378e-7	-4.963808180943456e-7	-2.1801061533962757e-14	-1.6280381773637892e-13
5.5076693166760266e7	1.388816274842736e-7	-5.630286722584951e-7	-2.35917512126922e-14	-1.5900267744530872e-13
5.5490803641698316e7	1.2880980442460783e-7	-6.280067273154024e-7	-2.498616214405594e-14	-1.5474201274842513e-13
5.590491411663636e7	1.1824043227621225e-7	-6.911281687205383e-7	-2.5997906969830432e-14	-1.5003890974177522e-13
5.631902459157441e7	1.0732739968981471e-7	-7.522136005099547e-7	-2.6650520335168855e-14	-1.4491209267434472e-13
5.673313506651246e7	9.621326363501976e-8	-8.110916998813024e-7	-2.697474604684782e-14	-1.3938180754049404e-13
5.71472455414505e7	8.502681006418617e-8	-8.675998217940685e-7	-2.700593512341104e-14	-1.3346969727004106e-13
5.756135601638855e7	7.388163776550603e-8	-9.215845503266619e-7	-2.6781728945976863e-14	-1.2719866957515784e-13
5.79754664913266e7	6.287562389964635e-8	-9.729021939788038e-7	-2.6340129199940687e-14	-1.2059275857031285e-13
5.838957696626464e7	5.209110109480516e-8	-1.0214192225798833e-6	-2.5717993318246966e-14	-1.1367698132783779e-13
5.880368744120269e7	4.159557046069272e-8	-1.0670126439530602e-6	-2.4949946034109125e-14	-1.0647719056689924e-13
5.9217797916140735e7	3.1442785943580774e-8	-1.109570318986202e-6	-2.4067665621129692e-14	-9.901992469739463e-14
5.9631908391078785e7	2.1674066684454516e-8	-1.1489912142695359e-6	-2.309948584771396e-14	-9.133225645236325e-14
6.0046018866016835e7	1.2319720064186041e-8	-1.1851855919711612e-6	-2.2070248563714172e-14	-8.344164134283792e-14
6.046012934095488e7	3.4004848946773903e-9	-1.2180751371306372e-6	-2.1001343747495213e-14	-7.537576715766774e-14
6.087423981589293e7	-5.07107091153893e-9	-1.247593023052742e-6	-1.9910880639422932e-14	-6.716240570789016e-14
6.128835029083097e7	-1.308924236968919e-8	-1.2736839159735428e-6	-1.8813942768223882e-14	-5.882926798097267e-14
6.170246076576902e7	-2.06539958085351e-8	-1.2963039206445343e-6	-1.7722889448227273e-14	-5.0403863825045996e-14
6.211657124070707e7	-2.7769906718028135e-8	-1.3154204689332356e-6	-1.6647675547338327e-14	-4.1913367227628844e-14
6.253068171564511e7	-3.444523019887721e-8	-1.3310121539662825e-6	-1.5596169375988888e-14	-3.33844881878348e-14
6.294479219058316e7	-4.0691100232917446e-8	-1.3430685127395392e-6	-1.4574455177353375e-14	-2.4843352106394387e-14
6.335890266552121e7	-4.65208495193253e-8	-1.351589760485634e-6	-1.3587111901612389e-14	-1.631538753475136e-14
6.3773013140459254e7	-5.194943902786548e-8	-1.3565864804191707e-6	-1.2637463853286176e-14	-7.825223033876699e-15
6.4187123615397304e7	-5.699298520901192e-8	-1.358079272770794e-6	-1.1727801606675313e-14	6.034062037787467e-16
6.4601234090335354e7	-6.166837256041254e-8	-1.3560983672707671e-6	-1.0859573502945157e-14	8.947741418615884e-15
6.50153445652734e7	-6.599293965460522e-8	-1.3506832034486062e-6	-1.0033549274562135e-14	1.71860725913428e-14
6.542945504021145e7	-6.998422753727245e-8	-1.3418819832759856e-6	-9.249958064123906e-15	2.5297799661277436e-14
6.584356551514949e7	-7.365978042815535e-8	-1.3297512007943324e-6	-8.508603459843689e-15	3.326348243646039e-14
6.625767599008754e7	-7.703698977109531e-8	-1.3143551534355675e-6	-7.808958273363031e-15	4.1064879090984935e-14
6.667178646502559e7	-8.013297380014965e-8	-1.295765439764037e-6	-7.150241724247086e-15	4.8684973259436575e-14
6.708589693996363e7	-8.29644858611266e-8	-1.2740604483400415e-6	-6.531481533629662e-15	5.610798985172254e-14
6.750000741490167e7	-8.554784572058277e-8	-1.249324842331218e-6	-5.951563212792282e-15	6.331939982270066e-14
6.791411788983972e7	-8.789888899159539e-8	-1.2216490443785156e-6	-5.409268592488654e-15	7.030591423879043e-14
6.832822836477777e7	-9.003293060243013e-8	-1.1911287260602066e-6	-4.903305396351952e-15	7.705546808708733e-14
6.874233883971582e7	-9.196473893244384e-8	-1.1578643060924586e-6	-4.4323294296986955e-15	8.355719437034596e-14
6.915644931465387e7	-9.370851784521621e-8	-1.1219604611607673e-6	-3.994960740842165e-15	8.980138912262347e-14
6.957055978959191e7	-9.52778943701991e-8	-1.0835256529960404e-6	-3.589794919180925e-15	9.57794680644222e-14
6.998467026452996e7	-9.668591023023299e-8	-1.0426716749954026e-6	-3.2154105237913174e-15	1.0148391569205458e-13
7.039878073946801e7	-9.794501579223776e-8	-9.995132213445556e-7	-2.870373487355702e-15	1.0690822766289545e-13
7.081289121440606e7	-9.90670653408969e-8	-9.541674812294155e-7	-2.5532392113547434e-15	1.120468473955663e-13
7.122700168934411e7	-1.0006331284805334e-7	-9.067537603340903e-7	-2.2625529573920104e-15	1.1689509785132557e-13
7.164111216428216e7	-1.0094440764073887e-7	-8.573931314141143e-7	-1.996849043953141e-15	1.2144910949960074e-13
7.20552226392202e7	-1.0172038956418666e-7	-8.062081153128343e-7	-1.7546492754976734e-15	1.2570574549633223e-13
7.246933311415824e7	-1.0240068339782757e-7	-7.53322393359439e-7	-1.5344609593507705e-15	1.2966252511838822e-13
7.28834435890963e7	-1.029940924162687e-7	-6.988605516540596e-7	-1.3347748034424948e-15	1.3331754650063118e-13
7.329755406403434e7	-1.035087910969716e-7	-6.429478573131535e-7	-1.1540629328411947e-15	1.3666940971429008e-13
7.37116645389724e7	-1.0395231706451644e-7	-5.857100663219107e-7	-9.907772138405715e-16	1.3971714120621227e-13
7.412577501391043e7	-1.0433156243016409e-7	-5.272732622239948e-7	-8.433480299705675e-16	1.4246012058858766e-13
7.453988548884848e7	-1.046527647367189e-7	-4.6776372447717094e-7	-7.101836138724738e-16	1.448980107281911e-13
7.495399596378653e7	-1.0492149775395526e-7	-4.073078249205583e-7	-5.896700019269791e-16	1.4703069203352246e-13
7.536810643872458e7	-1.0514266239042566e-7	-3.4603195043928766e-7	-4.801716444989068e-16	1.4885820177800918e-13
7.578221691366263e7	-1.053204779945277e-7	-2.840624495793445e-7	-3.8003267351084666e-16	1.503806792283079e-13
7.619632738860068e7	-1.054584743124636e-7	-2.215256005626044e-7	-2.875788007880208e-16	1.5159831726945726e-13
7.661043786353871e7	-1.0555948435438918e-7	-1.585475978829037e-7	-2.0111979536072434e-16	1.5251132113401665e-13
7.702454833847676e7	-1.0562563839391842e-7	-9.525455443118489e-8	-1.1895246588562114e-16	1.5311987475127638e-13
7.743865881341481e7	-1.0565835929160859e-7	-3.177251590394188e-8	-3.9364055815826633e-17	1.5342411513611257e-13
7.785276928835286e7	-1.0565835929160857e-7	3.1772515903945445e-8	3.936405581583111e-17	1.5342411513611257e-13
7.826687976329091e7	-1.0562563839391841e-7	9.525455443118842e-8	1.1895246588562598e-16	1.5311987475127636e-13
7.868099023822895e7	-1.0555948435438918e-7	1.58547597882905e-7	2.0111979536072582e-16	1.5251132113401662e-13
7.9095100713167e7	-1.0545847431246359e-7	2.215256005626101e-7	2.875788007880292e-16	1.515983172694572e-13
7.950921118810505e7	-1.0532047799452767e-7	2.840624495793502e-7	3.8003267351085553e-16	1.503806792283078e-13
7.99233216630431e7	-1.0514266239042562e-7	3.460319504392932e-7	4.801716444989159e-16	1.4885820177800906e-13
8.033743213798115e7	-1.0492149775395524e-7	4.073078249205639e-7	5.896700019269909e-16	1.4703069203352228e-13
8.075154261291918e7	-1.0465276473671887e-7	4.6776372447717433e-7	7.101836138724813e-16	1.4489801072819097e-13
8.116565308785723e7	-1.0433156243016408e-7	5.272732622239982e-7	8.4334802997057445e-16	1.424601205885875e-13
8.157976356279528e7	-1.039523170645164e-7	5.85710066321916e-7	9.907772138405845e-16	1.3971714120621201e-13
8.199387403773333e7	-1.0350879109697152e-7	6.429478573131584e-7	1.154062932841212e-15	1.366694097142898e-13
8.240798451267138e7	-1.0299409241626864e-7	6.988605516540646e-7	1.3347748034425106e-15	1.3331754650063085e-13
8.282209498760942e7	-1.0240068339782756e-7	7.533223933594422e-7	1.5344609593507836e-15	1.2966252511838802e-13
8.323620546254747e7	-1.0172038956418662e-7	8.062081153128372e-7	1.7546492754976891e-15	1.2570574549633202e-13
8.365031593748552e7	-1.009444076407388e-7	8.57393131414119e-7	1.996849043953164e-15	1.2144910949960033e-13
8.406442641242357e7	-1.0006331284805325e-7	9.067537603340946e-7	2.2625529573920384e-15	1.1689509785132514e-13
8.447853688736162e7	-9.906706534089681e-8	9.541674812294195e-7	2.553239211354775e-15	1.1204684739556584e-13
8.489264736229967e7	-9.79450157922377e-8	9.995132213445596e-7	2.870373487355734e-15	1.0690822766289496e-13
8.53067578372377e7	-9.66859102302329e-8	1.042671674995405e-6	3.2154105237913344e-15	1.0148391569205429e-13
8.572086831217575e7	-9.527789437019906e-8	1.0835256529960413e-6	3.58979491918093e-15	9.577946806442208e-14
8.61349787871138e7	-9.370851784521608e-8	1.1219604611607694e-6	3.994960740842187e-15	8.98013891226231e-14
8.654908926205185e7	-9.196473893244377e-8	1.1578643060924605e-6	4.432329429698725e-15	8.35571943703456e-14
8.69631997369899e7	-9.003293060243004e-8	1.1911287260602085e-6	4.903305396351981e-15	7.705546808708695e-14
8.737731021192794e7	-8.789888899159536e-8	1.2216490443785163e-6	5.409268592488664e-15	7.030591423879027e-14
8.779142068686599e7	-8.554784572058264e-8	1.2493248423312195e-6	5.951563212792316e-15	6.331939982270026e-14
8.820553116180404e7	-8.296448586112646e-8	1.2740604483400428e-6	6.531481533629696e-15	5.610798985172212e-14
8.861964163674209e7	-8.01329738001494e-8	1.295765439764039e-6	7.150241724247146e-15	4.868497325943589e-14
8.903375211168014e7	-7.7036989771095e-8	1.3143551534355692e-6	7.808958273363096e-15	4.106487909098423e-14
8.944786258661819e7	-7.365978042815507e-8	1.3297512007943335e-6	8.50860345984374e-15	3.326348243645981e-14
8.986197306155622e7	-6.998422753727222e-8	1.3418819832759862e-6	9.249958064123945e-15	2.5297799661276988e-14
9.027608353649427e7	-6.599293965460491e-8	1.3506832034486066e-6	1.0033549274562193e-14	1.71860725913422e-14
9.069019401143232e7	-6.166837256041212e-8	1.3560983672707673e-6	1.0859573502945233e-14	8.947741418615127e-15
9.110430448637037e7	-5.6992985209011486e-8	1.358079272770794e-6	1.1727801606675394e-14	6.0340620377798e-16
9.151841496130842e7	-5.1949439027865e-8	1.3565864804191703e-6	1.2637463853286258e-14	-7.825223033877472e-15
9.193252543624645e7	-4.652084951932487e-8	1.3515897604856337e-6	1.358711190161246e-14	-1.6315387534751987e-14
9.23466359111845e7	-4.069110023291699e-8	1.3430685127395383e-6	1.4574455177353445e-14	-2.484335210639502e-14
9.276074638612255e7	-3.4445230198876734e-8	1.3310121539662814e-6	1.5596169375988964e-14	-3.338448818783544e-14
9.31748568610606e7	-2.7769906718027496e-8	1.315420468933234e-6	1.6647675547338422e-14	-4.1913367227629614e-14
9.358896733599865e7	-2.0653995808534426e-8	1.2963039206445322e-6	1.772288944822737e-14	-5.040386382504677e-14
9.400307781093669e7	-1.3089242369688759e-8	1.2736839159735413e-6	1.8813942768223942e-14	-5.882926798097312e-14
9.441718828587474e7	-5.07107091153817e-9	1.2475930230527392e-6	1.9910880639423036e-14	-6.716240570789091e-14
9.483129876081279e7	3.400484894677879e-9	1.2180751371306353e-6	2.100134374749528e-14	-7.537576715766818e-14
9.524540923575084e7	1.2319720064186716e-8	1.1851855919711585e-6	2.207024856371425e-14	-8.344164134283852e-14
9.565951971068889e7	2.167406668445521e-8	1.1489912142695331e-6	2.3099485847714033e-14	-9.13322564523638e-14
9.607363018562692e7	3.1442785943581144e-8	1.1095703189862005e-6	2.4067665621129727e-14	-9.901992469739492e-14
9.648774066056497e7	4.159557046069332e-8	1.0670126439530577e-6	2.4949946034109172e-14	-1.0647719056689967e-13
9.690185113550302e7	5.209110109480578e-8	1.0214192225798808e-6	2.5717993318247007e-14	-1.136769813278382e-13
9.731596161044107e7	6.287562389964718e-8	9.729021939788e-7	2.6340129199940725e-14	-1.2059275857031338e-13
9.773007208537912e7	7.388163776550683e-8	9.215845503266582e-7	2.6781728945976882e-14	-1.2719866957515832e-13
9.814418256031717e7	8.502681006418695e-8	8.675998217940645e-7	2.7005935123411047e-14	-1.3346969727004149e-13
9.855829303525521e7	9.621326363502034e-8	8.11091699881299e-7	2.6974746046847787e-14	-1.3938180754049436e-13
9.897240351019326e7	1.073273996898155e-7	7.522136005099503e-7	2.665052033516881e-14	-1.449120926743451e-13
9.938651398513131e7	1.1824043227621303e-7	6.911281687205337e-7	2.5997906969830372e-14	-1.5003890974177558e-13
9.980062446006936e7	1.2880980442460875e-7	6.280067273153964e-7	2.4986162144055814e-14	-1.5474201274842556e-13
1.0021473493500741e8	1.3888162748427453e-7	5.630286722584889e-7	2.359175121269206e-14	-1.590026774453091e-13
1.0062884540994544e8	1.4829422821153832e-7	4.963808180943418e-7	2.1801061533962627e-14	-1.6280381773637912e-13
1.010429558848835e8	1.5688280091785777e-7	4.2825669707360656e-7	1.961298025769565e-14	-1.6613009269182905e-13
1.0145706635982154e8	1.6448504770442774e-7	3.588558160677452e-7	1.704103512513594e-14	-1.6896800325202667e-13
1.018711768347596e8	1.7094755861655252e-7	2.883828757168814e-7	1.4114773592567253e-14	-1.7130597779260896e-13
1.0228528730969764e8	1.7613255265132566e-7	2.1704695657927993e-7	1.0880082013847937e-14	-1.7313444581489543e-13
1.026993977846357e8	1.7992449250854342e-7	1.4506067733495857e-7	7.398231204772719e-15	-1.7444589912652313e-13
1.0311350825957373e8	1.8223602471653664e-7	7.263933033702149e-8	3.74357435262129e-15	-1.752349399840821e-13
1.0352761873451178e8	1.830127018922193e-7	-4.428388814687506e-21	-2.2902278558099694e-28	-1.7549831578151805e-13
1.0394172920944983e8	1.822360247165365e-7	-7.263933033702776e-8	-3.743574352621611e-15	-1.7523493998408202e-13
1.0435583968438788e8	1.7992449250854307e-7	-1.4506067733496738e-7	-7.398231204773158e-15	-1.7444589912652306e-13
1.0476995015932593e8	1.7613255265132508e-7	-2.1704695657928866e-7	-1.088008201384834e-14	-1.7313444581489525e-13
1.0518406063426396e8	1.7094755861655196e-7	-2.883828757168875e-7	-1.4114773592567521e-14	-1.7130597779260878e-13
1.0559817110920201e8	1.6448504770442713e-7	-3.588558160677513e-7	-1.704103512513617e-14	-1.6896800325202644e-13
1.0601228158414006e8	1.5688280091785703e-7	-4.282566970736125e-7	-1.9612980257695855e-14	-1.661300926918288e-13
1.0642639205907811e8	1.4829422821153758e-7	-4.963808180943476e-7	-2.1801061533962807e-14	-1.6280381773637882e-13
1.0684050253401616e8	1.3888162748427334e-7	-5.63028672258497e-7	-2.3591751212692258e-14	-1.590026774453086e-13
1.072546130089542e8	1.2880980442460788e-7	-6.28006727315402e-7	-2.498616214405592e-14	-1.5474201274842513e-13
1.0766872348389225e8	1.1824043227621208e-7	-6.91128168720539e-7	-2.5997906969830445e-14	-1.5003890974177517e-13
1.080828339588303e8	1.0732739968981459e-7	-7.522136005099554e-7	-2.665052033516886e-14	-1.4491209267434467e-13
1.0849694443376835e8	9.621326363501939e-8	-8.110916998813042e-7	-2.697474604684782e-14	-1.3938180754049386e-13
1.089110549087064e8	8.502681006418564e-8	-8.675998217940712e-7	-2.700593512341104e-14	-1.3346969727004078e-13
1.0932516538364443e8	7.388163776550586e-8	-9.215845503266629e-7	-2.6781728945976854e-14	-1.271986695751578e-13
1.0973927585858248e8	6.28756238996462e-8	-9.729021939788044e-7	-2.6340129199940684e-14	-1.2059275857031277e-13
1.1015338633352053e8	5.2091101094804846e-8	-1.0214192225798848e-6	-2.5717993318246954e-14	-1.1367698132783759e-13
1.1056749680845858e8	4.159557046069244e-8	-1.0670126439530617e-6	-2.4949946034109103e-14	-1.0647719056689904e-13
1.1098160728339663e8	3.14427859435803e-8	-1.109570318986204e-6	-2.406766562112965e-14	-9.901992469739427e-14
1.1139571775833468e8	2.1674066684454026e-8	-1.1489912142695378e-6	-2.3099485847713913e-14	-9.133225645236286e-14
1.1180982823327272e8	1.2319720064185924e-8	-1.1851855919711616e-6	-2.207024856371416e-14	-8.344164134283782e-14
1.1222393870821077e8	3.4004848946771384e-9	-1.218075137130638e-6	-2.1001343747495182e-14	-7.53757671576675e-14
1.1263804918314882e8	-5.0710709115391735e-9	-1.2475930230527425e-6	-1.9910880639422904e-14	-6.71624057078899e-14
1.1305215965808687e8	-1.308924236968942e-8	-1.2736839159735434e-6	-1.881394276822385e-14	-5.882926798097242e-14
1.1346627013302492e8	-2.0653995808535312e-8	-1.2963039206445347e-6	-1.7722889448227235e-14	-5.040386382504575e-14
1.1388038060796295e8	-2.7769906718028105e-8	-1.3154204689332356e-6	-1.6647675547338334e-14	-4.191336722762888e-14
1.14294491082901e8	-3.4445230198877297e-8	-1.3310121539662825e-6	-1.5596169375988875e-14	-3.338448818783469e-14
1.1470860155783905e8	-4.069110023291752e-8	-1.3430685127395392e-6	-1.4574455177353363e-14	-2.484335210639428e-14
1.151227120327771e8	-4.652084951932537e-8	-1.3515897604856343e-6	-1.3587111901612376e-14	-1.6315387534751248e-14
1.1553682250771515e8	-5.194943902786564e-8	-1.3565864804191707e-6	-1.2637463853286146e-14	-7.825223033876439e-15
1.159509329826532e8	-5.699298520901207e-8	-1.358079272770794e-6	-1.1727801606675286e-14	6.03406203779e-16
1.1636504345759124e8	-6.16683725604125e-8	-1.3560983672707671e-6	-1.0859573502945159e-14	8.947741418615844e-15
1.1677915393252929e8	-6.599293965460526e-8	-1.3506832034486062e-6	-1.0033549274562122e-14	1.718607259134291e-14
1.1719326440746734e8	-6.998422753727255e-8	-1.3418819832759851e-6	-9.249958064123884e-15	2.529779966127768e-14
1.1760737488240539e8	-7.365978042815552e-8	-1.3297512007943318e-6	-8.508603459843653e-15	3.326348243646077e-14
1.1802148535734344e8	-7.70369897710954e-8	-1.314355153435567e-6	-7.808958273363012e-15	4.106487909098517e-14
1.1843559583228147e8	-8.013297380014964e-8	-1.2957654397640373e-6	-7.150241724247089e-15	4.8684973259436543e-14
1.1884970630721952e8	-8.29644858611267e-8	-1.2740604483400406e-6	-6.531481533629644e-15	5.610798985172275e-14
1.1926381678215757e8	-8.554784572058287e-8	-1.2493248423312172e-6	-5.951563212792266e-15	6.331939982270088e-14
1.1967792725709562e8	-8.789888899159553e-8	-1.2216490443785137e-6	-5.409268592488619e-15	7.030591423879088e-14
1.2009203773203367e8	-9.003293060243029e-8	-1.1911287260602045e-6	-4.903305396351921e-15	7.705546808708775e-14
1.205061482069717e8	-9.196473893244389e-8	-1.1578643060924575e-6	-4.432329429698682e-15	8.355719437034615e-14
1.2092025868190975e8	-9.370851784521624e-8	-1.121960461160766e-6	-3.9949607408421504e-15	8.980138912262363e-14
1.213343691568478e8	-9.527789437019918e-8	-1.0835256529960377e-6	-3.589794919180894e-15	9.57794680644226e-14
1.2174847963178585e8	-9.668591023023308e-8	-1.0426716749953998e-6	-3.2154105237912926e-15	1.0148391569205496e-13
1.221625901067239e8	-9.794501579223783e-8	-9.99513221344554e-7	-2.8703734873556912e-15	1.0690822766289561e-13
1.2257670058166194e8	-9.906706534089689e-8	-9.541674812294155e-7	-2.553239211354746e-15	1.1204684739556628e-13
1.2299081105659999e8	-1.0006331284805333e-7	-9.067537603340904e-7	-2.262552957392013e-15	1.1689509785132554e-13
1.2340492153153804e8	-1.0094440764073887e-7	-8.573931314141144e-7	-1.996849043953141e-15	1.214491094996007e-13
1.2381903200647609e8	-1.017203895641867e-7	-8.062081153128327e-7	-1.7546492754976667e-15	1.2570574549633235e-13
1.2423314248141414e8	-1.0240068339782761e-7	-7.533223933594376e-7	-1.5344609593507623e-15	1.2966252511838835e-13
1.2464725295635219e8	-1.0299409241626871e-7	-6.988605516540578e-7	-1.334774803442489e-15	1.3331754650063128e-13
1.2506136343129022e8	-1.0350879109697163e-7	-6.429478573131536e-7	-1.1540629328411943e-15	1.3666940971429008e-13
1.2547547390622827e8	-1.0395231706451645e-7	-5.857100663219109e-7	-9.907772138405711e-16	1.3971714120621224e-13
1.2588958438116632e8	-1.043315624301641e-7	-5.27273262223993e-7	-8.43348029970563e-16	1.4246012058858774e-13
1.2630369485610437e8	-1.0465276473671889e-7	-4.677637244771691e-7	-7.101836138724704e-16	1.4489801072819118e-13
1.2671780533104242e8	-1.0492149775395528e-7	-4.0730782492055647e-7	-5.896700019269775e-16	1.470306920335225e-13
1.2713191580598046e8	-1.0514266239042566e-7	-3.46031950439288e-7	-4.801716444989083e-16	1.4885820177800918e-13
1.2754602628091851e8	-1.0532047799452768e-7	-2.840624495793448e-7	-3.8003267351084764e-16	1.5038067922830793e-13
1.2796013675585656e8	-1.054584743124636e-7	-2.215256005626047e-7	-2.875788007880207e-16	1.5159831726945726e-13
1.2837424723079461e8	-1.0555948435438916e-7	-1.5854759788289954e-7	-2.0111979536071827e-16	1.5251132113401672e-13
1.2878835770573266e8	-1.0562563839391842e-7	-9.525455443118069e-8	-1.1895246588561602e-16	1.5311987475127638e-13
1.2920246818067071e8	-1.056583592916086e-7	-3.17725159039377e-8	-3.936405581582138e-17	1.5342411513611255e-13
1.2961657865560874e8	-1.0565835929160859e-7	3.1772515903947384e-8	3.936405581583345e-17	1.5342411513611257e-13
1.300306891305468e8	-1.056256383939184e-7	9.525455443119035e-8	1.1895246588562795e-16	1.5311987475127636e-13
1.3044479960548484e8	-1.055594843543892e-7	1.5854759788290918e-7	2.0111979536073173e-16	1.5251132113401657e-13
1.308589100804229e8	-1.054584743124636e-7	2.2152560056261204e-7	2.8757880078803206e-16	1.5159831726945711e-13
1.3127302055536094e8	-1.053204779945277e-7	2.8406244957935207e-7	3.8003267351085957e-16	1.5038067922830778e-13
1.3168713103029898e8	-1.0514266239042562e-7	3.46031950439293e-7	4.801716444989154e-16	1.4885820177800906e-13
1.3210124150523703e8	-1.0492149775395526e-7	4.073078249205658e-7	5.896700019269943e-16	1.470306920335222e-13
1.3251535198017508e8	-1.0465276473671888e-7	4.677637244771783e-7	7.101836138724896e-16	1.4489801072819082e-13
1.3292946245511313e8	-1.0433156243016405e-7	5.27273262224002e-7	8.433480299705841e-16	1.4246012058858733e-13
1.3334357293005118e8	-1.039523170645164e-7	5.857100663219198e-7	9.90777213840594e-16	1.3971714120621181e-13
1.3375768340498921e8	-1.0350879109697156e-7	6.429478573131581e-7	1.154062932841208e-15	1.3666940971428983e-13
1.3417179387992726e8	-1.0299409241626864e-7	6.988605516540644e-7	1.3347748034425086e-15	1.3331754650063088e-13
1.345859043548653e8	-1.0240068339782755e-7	7.533223933594439e-7	1.5344609593507883e-15	1.2966252511838792e-13
1.3500001482980335e8	-1.0172038956418662e-7	8.062081153128389e-7	1.7546492754976935e-15	1.257057454963319e-13
1.354141253047414e8	-1.0094440764073878e-7	8.573931314141204e-7	1.9968490439531704e-15	1.214491094996002e-13
1.3582823577967945e8	-1.0006331284805329e-7	9.067537603340927e-7	2.2625529573920273e-15	1.1689509785132534e-13
1.362423462546175e8	-9.906706534089678e-8	9.54167481229421e-7	2.5532392113547832e-15	1.120468473955657e-13
1.3665645672955555e8	-9.794501579223776e-8	9.995132213445577e-7	2.8703734873557196e-15	1.0690822766289517e-13
1.3707056720449358e8	-9.668591023023293e-8	1.0426716749954049e-6	3.2154105237913336e-15	1.014839156920543e-13
1.3748467767943165e8	-9.5277894370199e-8	1.0835256529960423e-6	3.589794919180939e-15	9.577946806442192e-14
1.3789878815436968e8	-9.370851784521605e-8	1.1219604611607705e-6	3.9949607408422e-15	8.980138912262291e-14
1.3831289862930775e8	-9.196473893244369e-8	1.1578643060924613e-6	4.432329429698736e-15	8.35571943703454e-14
1.3872700910424578e8	-9.003293060242997e-8	1.1911287260602092e-6	4.9033053963519944e-15	7.705546808708675e-14
1.3914111957918382e8	-8.789888899159536e-8	1.2216490443785163e-6	5.409268592488663e-15	7.030591423879033e-14
1.3955523005412188e8	-8.554784572058248e-8	1.2493248423312212e-6	5.951563212792348e-15	6.33193998226998e-14
1.3996934052905992e8	-8.296448586112646e-8	1.2740604483400428e-6	6.5314815336296925e-15	5.610798985172216e-14
1.4038345100399798e8	-8.01329738001492e-8	1.2957654397640403e-6	7.150241724247183e-15	4.8684973259435395e-14
1.4079756147893602e8	-7.703698977109502e-8	1.314355153435569e-6	7.808958273363091e-15	4.1064879090984266e-14
1.4121167195387408e8	-7.365978042815485e-8	1.3297512007943343e-6	8.508603459843789e-15	3.326348243645929e-14
1.4162578242881212e8	-6.998422753727213e-8	1.3418819832759864e-6	9.249958064123972e-15	2.5297799661276735e-14
1.4203989290375015e8	-6.599293965460477e-8	1.350683203448607e-6	1.0033549274562219e-14	1.7186072591341953e-14
1.4245400337868822e8	-6.166837256041199e-8	1.3560983672707673e-6	1.0859573502945258e-14	8.947741418614876e-15
1.4286811385362625e8	-5.699298520901133e-8	1.3580792727707942e-6	1.1727801606675422e-14	6.034062037777221e-16
1.4328222432856432e8	-5.194943902786485e-8	1.3565864804191703e-6	1.2637463853286287e-14	-7.82522303387773e-15
1.4369633480350235e8	-4.652084951932451e-8	1.3515897604856332e-6	1.3587111901612521e-14	-1.631538753475255e-14
1.441104452784404e8	-4.069110023291702e-8	1.3430685127395383e-6	1.457445517735344e-14	-2.484335210639498e-14
1.4452455575337845e8	-3.444523019887677e-8	1.3310121539662814e-6	1.5596169375988958e-14	-3.338448818783539e-14
1.449386662283165e8	-2.776990671802753e-8	1.315420468933234e-6	1.6647675547338422e-14	-4.191336722762958e-14
1.4535277670325455e8	-2.065399580853446e-8	1.2963039206445324e-6	1.7722889448227368e-14	-5.0403863825046735e-14
1.457668871781926e8	-1.308924236968852e-8	1.2736839159735407e-6	1.881394276822398e-14	-5.882926798097339e-14
1.4618099765313062e8	-5.071070911538501e-9	1.2475930230527404e-6	1.9910880639422992e-14	-6.716240570789058e-14
1.465951081280687e8	3.4004848946784577e-9	1.2180751371306334e-6	2.1001343747495346e-14	-7.537576715766873e-14
1.4700921860300672e8	1.2319720064186693e-8	1.1851855919711587e-6	2.2070248563714248e-14	-8.34416413428385e-14
1.474233290779448e8	2.1674066684455826e-8	1.1489912142695308e-6	2.3099485847714102e-14	-9.133225645236433e-14
1.4783743955288282e8	3.1442785943581435e-8	1.1095703189861994e-6	2.4067665621129765e-14	-9.901992469739515e-14
1.4825155002782086e8	4.159557046069364e-8	1.0670126439530564e-6	2.49499460341092e-14	-1.064771905668999e-13
1.4866566050275892e8	5.20911010948061e-8	1.0214192225798793e-6	2.571799331824703e-14	-1.1367698132783842e-13
1.4907977097769696e8	6.28756238996475e-8	9.729021939787985e-7	2.634012919994075e-14	-1.2059275857031358e-13
1.4949388145263502e8	7.388163776550718e-8	9.215845503266565e-7	2.6781728945976888e-14	-1.2719866957515852e-13
1.4990799192757306e8	8.502681006418733e-8	8.675998217940627e-7	2.7005935123411044e-14	-1.3346969727004169e-13
1.503221024025111e8	9.621326363502033e-8	8.110916998812994e-7	2.6974746046847806e-14	-1.3938180754049431e-13
1.5073621287744915e8	1.073273996898162e-7	7.522136005099464e-7	2.665052033516878e-14	-1.4491209267434548e-13
1.511503233523872e8	1.1824043227621297e-7	6.91128168720534e-7	2.5997906969830382e-14	-1.5003890974177558e-13
1.5156443382732525e8	1.2880980442460941e-7	6.280067273153922e-7	2.4986162144055732e-14	-1.5474201274842584e-13
1.519785443022633e8	1.3888162748427442e-7	5.630286722584893e-7	2.3591751212692075e-14	-1.5900267744530907e-13
1.5239265477720135e8	1.4829422821153922e-7	4.96380818094335e-7	2.180106153396243e-14	-1.6280381773637948e-13
1.528067652521394e8	1.56882800917858e-7	4.2825669707360444e-7	1.9612980257695593e-14	-1.6613009269182912e-13
1.5322087572707742e8	1.6448504770442753e-7	3.5885581606774807e-7	1.7041035125136058e-14	-1.689680032520266e-13
1.536349862020155e8	1.7094755861655262e-7	2.8838287571687923e-7	1.4114773592567158e-14	-1.7130597779260898e-13
1.5404909667695352e8	1.7613255265132542e-7	2.170469565792828e-7	1.0880082013848063e-14	-1.7313444581489538e-13
1.544632071518916e8	1.7992449250854347e-7	1.4506067733495637e-7	7.398231204772607e-15	-1.7444589912652318e-13
1.5487731762682962e8	1.8223602471653664e-7	7.263933033702185e-8	3.7435743526213085e-15	-1.752349399840821e-13
1.5529142810176766e8	1.830127018922193e-7	-4.074260900722753e-21	-2.107083681479111e-28	-1.7549831578151805e-13
1.5570553857670572e8	1.8223602471653648e-7	-7.263933033702997e-8	-3.743574352621724e-15	-1.7523493998408202e-13
1.5611964905164376e8	1.799244925085429e-7	-1.4506067733496955e-7	-7.39823120477326e-15	-1.74445899126523e-13
1.5653375952658182e8	1.76132552651325e-7	-2.1704695657929083e-7	-1.0880082013848448e-14	-1.731344458148952e-13
1.5694787000151986e8	1.7094755861655162e-7	-2.883828757168922e-7	-1.4114773592567723e-14	-1.7130597779260863e-13
1.573619804764579e8	1.6448504770442721e-7	-3.588558160677509e-7	-1.7041035125136165e-14	-1.6896800325202644e-13
1.5777609095139596e8	1.5688280091785653e-7	-4.282566970736171e-7	-1.9612980257696016e-14	-1.661300926918286e-13
1.58190201426334e8	1.482942282115376e-7	-4.963808180943473e-7	-2.180106153396279e-14	-1.6280381773637882e-13
1.5860431190127206e8	1.3888162748427267e-7	-5.630286722585013e-7	-2.3591751212692353e-14	-1.5900267744530834e-13
1.590184223762101e8	1.2880980442460754e-7	-6.28006727315404e-7	-2.498616214405596e-14	-1.54742012748425e-13
1.5943253285114813e8	1.1824043227621175e-7	-6.91128168720541e-7	-2.5997906969830467e-14	-1.5003890974177502e-13
1.598466433260862e8	1.0732739968981425e-7	-7.522136005099573e-7	-2.665052033516888e-14	-1.4491209267434452e-13
1.6026075380102423e8	9.621326363501902e-8	-8.11091699881306e-7	-2.6974746046847825e-14	-1.3938180754049368e-13
1.606748642759623e8	8.502681006418532e-8	-8.675998217940729e-7	-2.7005935123411037e-14	-1.3346969727004058e-13
1.6108897475090033e8	7.388163776550515e-8	-9.215845503266664e-7	-2.6781728945976822e-14	-1.2719866957515736e-13
1.6150308522583836e8	6.287562389964628e-8	-9.72902193978804e-7	-2.634012919994068e-14	-1.2059275857031283e-13
1.6191719570077643e8	5.209110109480418e-8	-1.0214192225798876e-6	-2.5717993318246903e-14	-1.1367698132783712e-13
1.6233130617571446e8	4.1595570460692464e-8	-1.0670126439530615e-6	-2.4949946034109106e-14	-1.0647719056689905e-13
1.6274541665065253e8	3.144278594358034e-8	-1.1095703189862039e-6	-2.4067665621129658e-14	-9.901992469739429e-14
1.6315952712559056e8	2.1674066684454086e-8	-1.1489912142695378e-6	-2.309948584771392e-14	-9.13322564523629e-14
1.635736376005286e8	1.2319720064186311e-8	-1.1851855919711602e-6	-2.2070248563714197e-14	-8.344164134283818e-14
1.6398774807546666e8	3.400484894676876e-9	-1.218075137130639e-6	-2.1001343747495154e-14	-7.537576715766723e-14
1.644018585504047e8	-5.071070911538847e-9	-1.2475930230527415e-6	-1.9910880639422945e-14	-6.716240570789023e-14
1.6481596902534276e8	-1.3089242369689947e-8	-1.2736839159735451e-6	-1.8813942768223778e-14	-5.882926798097186e-14
1.652300795002808e8	-2.0653995808535286e-8	-1.2963039206445347e-6	-1.7722889448227248e-14	-5.0403863825045794e-14
1.6564418997521883e8	-2.7769906718028314e-8	-1.3154204689332362e-6	-1.6647675547338302e-14	-4.191336722762863e-14
1.660583004501569e8	-3.4445230198877495e-8	-1.331012153966283e-6	-1.559616937598884e-14	-3.338448818783443e-14
1.6647241092509493e8	-4.0691100232917704e-8	-1.3430685127395396e-6	-1.4574455177353325e-14	-2.484335210639402e-14
1.66886521400033e8	-4.6520849519325547e-8	-1.3515897604856345e-6	-1.358711190161235e-14	-1.631538753475099e-14
1.6730063187497103e8	-5.19494390278658e-8	-1.356586480419171e-6	-1.2637463853286115e-14	-7.825223033876183e-15
1.677147423499091e8	-5.699298520901222e-8	-1.358079272770794e-6	-1.1727801606675261e-14	6.034062037792577e-16
1.6812885282484713e8	-6.166837256041279e-8	-1.356098367270767e-6	-1.08595735029451e-14	8.94774141861639e-15
1.6854296329978517e8	-6.599293965460525e-8	-1.3506832034486062e-6	-1.003354927456213e-14	1.7186072591342868e-14
1.6895707377472323e8	-6.998422753727283e-8	-1.3418819832759845e-6	-9.249958064123833e-15	2.5297799661278206e-14
1.6937118424966127e8	-7.36597804281555e-8	-1.3297512007943318e-6	-8.508603459843656e-15	3.3263482436460734e-14
1.6978529472459933e8	-7.70369897710956e-8	-1.3143551534355659e-6	-7.80895827336297e-15	4.106487909098568e-14
1.7019940519953737e8	-8.013297380014975e-8	-1.2957654397640365e-6	-7.15024172424707e-15	4.8684973259436764e-14
1.706135156744754e8	-8.296448586112677e-8	-1.27406044834004e-6	-6.531481533629628e-15	5.6107989851722987e-14
1.7102762614941347e8	-8.554784572058293e-8	-1.2493248423312163e-6	-5.951563212792251e-15	6.331939982270108e-14
1.714417366243515e8	-8.789888899159545e-8	-1.221649044378515e-6	-5.4092685924886415e-15	7.03059142387906e-14
1.7185584709928957e8	-9.003293060243031e-8	-1.1911287260602034e-6	-4.9033053963519084e-15	7.705546808708797e-14
1.722699575742276e8	-9.19647389324439e-8	-1.1578643060924575e-6	-4.432329429698689e-15	8.355719437034611e-14
1.7268406804916564e8	-9.370851784521622e-8	-1.1219604611607665e-6	-3.994960740842152e-15	8.980138912262361e-14
1.730981785241037e8	-9.527789437019915e-8	-1.0835256529960379e-6	-3.589794919180897e-15	9.577946806442256e-14
1.7351228899904174e8	-9.668591023023307e-8	-1.0426716749954e-6	-3.215410523791293e-15	1.0148391569205493e-13
1.739263994739798e8	-9.794501579223788e-8	-9.995132213445528e-7	-2.8703734873556853e-15	1.0690822766289577e-13
1.7434050994891784e8	-9.906706534089695e-8	-9.541674812294123e-7	-2.553239211354726e-15	1.120468473955666e-13
1.7475462042385587e8	-1.0006331284805335e-7	-9.067537603340907e-7	-2.2625529573920127e-15	1.1689509785132552e-13
1.7516873089879394e8	-1.0094440764073893e-7	-8.573931314141111e-7	-1.9968490439531254e-15	1.2144910949960102e-13
1.7558284137373197e8	-1.0172038956418668e-7	-8.06208115312833e-7	-1.7546492754976667e-15	1.2570574549633235e-13
1.7599695184867004e8	-1.0240068339782764e-7	-7.53322393359434e-7	-1.5344609593507496e-15	1.296625251183886e-13
1.7641106232360807e8	-1.0299409241626867e-7	-6.988605516540581e-7	-1.3347748034424901e-15	1.3331754650063126e-13
1.768251727985461e8	-1.035087910969716e-7	-6.429478573131519e-7	-1.1540629328411907e-15	1.3666940971429019e-13
1.7723928327348417e8	-1.0395231706451646e-7	-5.857100663219092e-7	-9.90777213840565e-16	1.3971714120621232e-13
1.776533937484222e8	-1.0433156243016412e-7	-5.272732622239912e-7	-8.433480299705597e-16	1.4246012058858784e-13
1.7806750422336027e8	-1.046527647367189e-7	-4.6776372447716734e-7	-7.101836138724657e-16	1.4489801072819125e-13
1.784816146982983e8	-1.0492149775395527e-7	-4.0730782492055457e-7	-5.896700019269734e-16	1.4703069203352258e-13
1.7889572517323637e8	-1.0514266239042564e-7	-3.460319504392839e-7	-4.801716444989004e-16	1.488582017780093e-13
1.793098356481744e8	-1.053204779945277e-7	-2.8406244957934074e-7	-3.8003267351084044e-16	1.50380679228308e-13
1.7972394612311244e8	-1.054584743124636e-7	-2.2152560056260497e-7	-2.875788007880214e-16	1.5159831726945726e-13
1.801380565980505e8	-1.0555948435438921e-7	-1.585475978828954e-7	-2.0111979536071305e-16	1.5251132113401672e-13
1.8055216707298854e8	-1.0562563839391842e-7	-9.5254554431181e-8	-1.1895246588561616e-16	1.5311987475127638e-13
1.809662775479266e8	-1.056583592916086e-7	-3.177251590393801e-8	-3.9364055815821814e-17	1.5342411513611255e-13
1.8138038802286464e8	-1.0565835929160857e-7	3.1772515903949316e-8	3.936405581583583e-17	1.5342411513611252e-13
1.8179449849780267e8	-1.0562563839391841e-7	9.52545544311878e-8	1.1895246588562534e-16	1.5311987475127636e-13
1.8220860897274074e8	-1.0555948435438918e-7	1.5854759788291108e-7	2.011197953607337e-16	1.5251132113401652e-13
1.8262271944767877e8	-1.0545847431246359e-7	2.2152560056261172e-7	2.8757880078803137e-16	1.5159831726945716e-13
1.8303682992261684e8	-1.0532047799452766e-7	2.840624495793562e-7	3.800326735108645e-16	1.5038067922830765e-13
1.8345094039755487e8	-1.051426623904256e-7	3.460319504392949e-7	4.801716444989179e-16	1.48858201778009e-13
1.838650508724929e8	-1.0492149775395523e-7	4.0730782492056547e-7	5.896700019269945e-16	1.4703069203352223e-13
1.8427916134743097e8	-1.0465276473671887e-7	4.6776372447717793e-7	7.101836138724882e-16	1.4489801072819085e-13
1.84693271822369e8	-1.0433156243016405e-7	5.272732622240017e-7	8.433480299705843e-16	1.4246012058858733e-13
1.8510738229730707e8	-1.039523170645164e-7	5.857100663219195e-7	9.90777213840594e-16	1.3971714120621184e-13
1.855214927722451e8	-1.0350879109697153e-7	6.429478573131619e-7	1.15406293284122e-15	1.366694097142896e-13
1.8593560324718314e8	-1.0299409241626864e-7	6.988605516540642e-7	1.3347748034425094e-15	1.3331754650063088e-13
1.863497137221212e8	-1.0240068339782747e-7	7.533223933594473e-7	1.5344609593508025e-15	1.2966252511838767e-13
1.8676382419705924e8	-1.0172038956418662e-7	8.062081153128386e-7	1.7546492754976927e-15	1.2570574549633192e-13
1.871779346719973e8	-1.0094440764073871e-7	8.573931314141236e-7	1.996849043953186e-15	1.214491094995999e-13
1.8759204514693534e8	-1.0006331284805319e-7	9.067537603340959e-7	2.262552957392045e-15	1.1689509785132504e-13
1.8800615562187338e8	-9.906706534089678e-8	9.541674812294206e-7	2.5532392113547824e-15	1.1204684739556572e-13
1.8842026609681144e8	-9.794501579223767e-8	9.995132213445606e-7	2.8703734873557397e-15	1.0690822766289482e-13
1.8883437657174948e8	-9.668591023023282e-8	1.0426716749954076e-6	3.2154105237913576e-15	1.0148391569205395e-13
1.8924848704668754e8	-9.52778943701989e-8	1.083525652996045e-6	3.589794919180968e-15	9.577946806442152e-14
1.8966259752162558e8	-9.370851784521607e-8	1.1219604611607703e-6	3.994960740842199e-15	8.980138912262295e-14
1.900767079965636e8	-9.196473893244373e-8	1.1578643060924611e-6	4.432329429698737e-15	8.355719437034543e-14
1.9049081847150168e8	-9.003293060242998e-8	1.1911287260602092e-6	4.903305396351992e-15	7.705546808708678e-14
1.909049289464397e8	-8.78988889915952e-8	1.221649044378518e-6	5.4092685924886975e-15	7.030591423878987e-14
1.9131903942137778e8	-8.55478457205825e-8	1.249324842331221e-6	5.951563212792348e-15	6.331939982269982e-14
1.917331498963158e8	-8.296448586112632e-8	1.2740604483400442e-6	6.531481533629732e-15	5.6107989851721674e-14
1.9214726037125385e8	-8.013297380014942e-8	1.2957654397640388e-6	7.15024172424714e-15	4.8684973259435956e-14
1.925613708461919e8	-7.703698977109479e-8	1.31435515343557e-6	7.808958273363137e-15	4.106487909098376e-14
1.9297548132112995e8	-7.365978042815513e-8	1.3297512007943333e-6	8.508603459843735e-15	3.326348243645988e-14
1.93389591796068e8	-6.998422753727188e-8	1.3418819832759873e-6	9.249958064124021e-15	2.5297799661276208e-14
1.9380370227100605e8	-6.599293965460481e-8	1.3506832034486069e-6	1.0033549274562212e-14	1.718607259134199e-14
1.942178127459441e8	-6.166837256041168e-8	1.3560983672707678e-6	1.0859573502945313e-14	8.947741418614327e-15
1.9463192322088215e8	-5.699298520901136e-8	1.3580792727707942e-6	1.1727801606675419e-14	6.0340620377776255e-16
1.9504603369582018e8	-5.194943902786488e-8	1.3565864804191703e-6	1.2637463853286282e-14	-7.82522303387769e-15
1.9546014417075825e8	-4.652084951932454e-8	1.3515897604856332e-6	1.3587111901612517e-14	-1.6315387534752507e-14
1.9587425464569628e8	-4.069110023291663e-8	1.3430685127395377e-6	1.4574455177353508e-14	-2.484335210639554e-14
1.9628836512063435e8	-3.4445230198876344e-8	1.3310121539662806e-6	1.5596169375989024e-14	-3.338448818783596e-14
1.9670247559557238e8	-2.7769906718027086e-8	1.315420468933233e-6	1.6647675547338488e-14	-4.191336722763014e-14
1.9711658607051042e8	-2.0653995808534498e-8	1.2963039206445324e-6	1.772288944822736e-14	-5.040386382504669e-14
1.9753069654544848e8	-1.3089242369688011e-8	1.273683915973539e-6	1.8813942768224046e-14	-5.882926798097393e-14
1.9794480702038652e8	-5.0710709115379575e-9	1.2475930230527385e-6	1.9910880639423068e-14	-6.716240570789113e-14
1.9835891749532458e8	3.4004848946790178e-9	1.2180751371306313e-6	2.1001343747495415e-14	-7.537576715766925e-14
1.9877302797026262e8	1.2319720064187292e-8	1.1851855919711566e-6	2.207024856371432e-14	-8.344164134283901e-14
1.9918713844520065e8	2.1674066684455115e-8	1.1489912142695335e-6	2.309948584771402e-14	-9.133225645236374e-14
1.9960124892013872e8	3.144278594358209e-8	1.1095703189861967e-6	2.4067665621129822e-14	-9.901992469739566e-14
2.0001535939507675e8	4.1595570460693576e-8	1.0670126439530566e-6	2.4949946034109198e-14	-1.0647719056689985e-13
2.0042946987001482e8	5.209110109480679e-8	1.0214192225798761e-6	2.571799331824708e-14	-1.1367698132783889e-13
2.0084358034495285e8	6.287562389964744e-8	9.729021939787987e-7	2.634012919994074e-14	-1.2059275857031353e-13
2.012576908198909e8	7.388163776550713e-8	9.215845503266568e-7	2.678172894597689e-14	-1.2719866957515852e-13
2.0167180129482895e8	8.502681006418729e-8	8.675998217940629e-7	2.7005935123411056e-14	-1.3346969727004164e-13
2.02085911769767e8	9.621326363502104e-8	8.110916998812958e-7	2.6974746046847784e-14	-1.3938180754049472e-13
2.0250002224470505e8	1.0732739968981618e-7	7.522136005099468e-7	2.6650520335168785e-14	-1.4491209267434548e-13
2.029141327196431e8	1.1824043227621371e-7	6.911281687205298e-7	2.5997906969830322e-14	-1.500389097417759e-13
2.0332824319458112e8	1.2880980442460865e-7	6.280067273153971e-7	2.4986162144055833e-14	-1.547420127484255e-13
2.037423536695192e8	1.3888162748427508e-7	5.63028672258485e-7	2.3591751212691962e-14	-1.5900267744530935e-13
2.0415646414445722e8	1.4829422821153861e-7	4.963808180943401e-7	2.1801061533962596e-14	-1.6280381773637922e-13
2.045705746193953e8	1.5688280091785849e-7	4.2825669707359994e-7	1.9612980257695435e-14	-1.6613009269182933e-13
2.0498468509433332e8	1.644850477044279e-7	3.5885581606774346e-7	1.7041035125135865e-14	-1.6896800325202674e-13
2.053987955692714e8	1.7094755861655305e-7	2.883828757168746e-7	1.4114773592566956e-14	-1.7130597779260913e-13
2.0581290604420942e8	1.7613255265132577e-7	2.1704695657927807e-7	1.0880082013847848e-14	-1.7313444581489545e-13
2.0622701651914746e8	1.7992449250854347e-7	1.4506067733495671e-7	7.398231204772628e-15	-1.7444589912652318e-13
2.0664112699408552e8	1.8223602471653672e-7	7.263933033701707e-8	3.743574352621062e-15	-1.7523493998408212e-13
2.0705523746902356e8	1.830127018922193e-7	-8.856777629375012e-21	-4.580455711619939e-28	-1.7549831578151805e-13