0.	1.2002630229384954e-8	0.	0.	-5.0430474994340285e-14
414110.4749380471	1.1889080266034927e-8	-2.0863561412708254e-8	-5.478537379412144e-16	-5.028398522446668e-14
828220.9498760942	1.1549795366410285e-8	-4.160596346762309e-8	-1.0891260890087846e-15	-4.9845722010623366e-14
1.2423314248141414e6	1.0988843244422909e-8	-6.21070441342954e-8	-1.617366906748658e-15	-4.911929215103666e-14
1.6564418997521885e6	1.0212913559553557e-8	-8.224862653722554e-8	-2.1263837481142826e-15	-4.811066879333682e-14
2.0705523746902356e6	9.23118654162659e-9	-1.0191548787847525e-7	-2.610359065814447e-15	-4.6828134559245693e-14
2.4846628496282827e6	8.05515569787489e-9	-1.2099630023805176e-7	-3.0639541807226373e-15	-4.5282202712628604e-14
2.89877332456633e6	6.698410766884323e-9	-1.3938453431449254e-7	-3.4823968424648102e-15	-4.3485517154813484e-14
3.312883799504377e6	5.176388221711192e-9	-1.5697931753657216e-7	-3.861550094734423e-15	-4.145273224146562e-14
3.726994274442424e6	3.506097367023544e-9	-1.7368623843066927e-7	-4.19796114951759e-15	-3.9200373615691095e-14
4.141104749380471e6	1.7058304050253969e-9	-1.8941808966250871e-7	-4.488889967719848e-15	-3.674668144041116e-14
4.555215224318518e6	-2.0513522578051928e-10	-2.0409554278136149e-7	-4.732318174640881e-15	-3.411143758750839e-14
4.969325699256565e6	-2.2068343682321365e-9	-2.1764774837320923e-7	-4.926939750741247e-15	-3.1315778500041865e-14
5.383436174194613e6	-4.2789043873189266e-9	-2.3001285607004554e-7	-5.072135590040265e-15	-2.838199558536595e-14
5.79754664913266e6	-6.400861970857279e-9	-2.4113844965794035e-7	-5.167934486465281e-15	-2.5333325119844864e-14
6.211657124070707e6	-8.552361450930171e-9	-2.5098189336873914e-7	-5.2149633858523106e-15	-2.219372974880038e-14
6.625767599008754e6	-1.071343080783291e-8	-2.595105863208446e-7	-5.214389836565471e-15	-1.898767374732989e-14
7.039878073946801e6	-1.2864682724222812e-8	-2.667021229845728e-7	-5.1678595053519215e-15	-1.573989426786703e-14
7.453988548884848e6	-1.4987499207038606e-8	-2.725443584779555e-7	-5.077431425775514e-15	-1.2475170838224655e-14
7.868099023822895e6	-1.70641893402417e-8	-2.7703537844022014e-7	-4.945513347381733e-15	-9.218095388985346e-15
8.282209498760942e6	-1.9078120638180188e-8	-2.801833741730599e-7	-4.774799188425752e-15	-5.99284508134134e-15
8.696319973698989e6	-2.1013825216682356e-8	-2.820064246747506e-7	-4.56821019524865e-15	-2.8229601759178586e-15
9.110430448637037e6	-2.2857082578468665e-8	-2.825321881097804e-7	-4.3288410047880624e-15	2.6887086994374156e-16
9.524540923575085e6	-2.4594981223093884e-8	-2.817975061477309e-7	-4.059911415493425e-15	3.261016963972352e-15
9.93865139851313e6	-2.6215961549369243e-8	-2.798479254607423e-7	-3.7647243125234116e-15	6.133098583545533e-15
1.0352761873451177e7	-2.7709842635669504e-8	-2.7673714148043453e-7	-3.446629876341513e-15	8.866168723183986e-15
1.0766872348389225e7	-2.9067835479711438e-8	-2.7252637027450647e-7	-3.1089959354655658e-15	1.1442878820519121e-14
1.1180982823327273e7	-3.02825451748009e-8	-2.6728365510279445e-7	-2.7551841057711557e-15	1.3847628049382363e-14
1.159509329826532e7	-3.134796431465779e-8	-2.610831148453433e-7	-2.388531188818532e-15	1.6066694537865162e-14
1.2009203773203366e7	-3.225945967307371e-8	-2.540041420547032e-7	-2.01233517639384e-15	1.8088347252797355e-14
1.2423314248141414e7	-3.3013753915307936e-8	-2.4613055886563237e-7	-1.629845122763556e-15	1.9902937488230186e-14
1.2837424723079462e7	-3.360890378052753e-8	-2.3754973939287528e-7	-1.2442540944493764e-15	2.150296910220794e-14
1.3251535198017508e7	-3.4044275841674745e-8	-2.2835170755774812e-7	-8.586943841421e-16	2.2883146861277842e-14
1.3665645672955554e7	-3.432052061165402e-8	-2.1862821950384902e-7	-4.762341757292213e-16	2.4040402473648762e-14
1.4079756147893602e7	-3.4439545431533707e-8	-2.0847183988916475e-7	-9.98748671888598e-17	2.4973898117427242e-14
1.449386662283165e7	-3.440448625491503e-8	-1.9797502137496438e-7	2.6745170582383557e-16	2.568500749765732e-14
1.4907977097769696e7	-3.4219678139013156e-8	-1.8722919657088918e-7	6.228868525874555e-16	2.617727469267257e-14
1.5322087572707742e7	-3.3890623972948337e-8	-1.7632389154125962e-7	9.63650059615016e-16	2.645635127424513e-14
1.573619804764579e7	-3.342396072261077e-8	-1.6534586973144766e-7	1.2870460398744465e-15	2.6529912404926832e-14
1.6150308522583839e7	-3.2827422254634637e-8	-1.543783148377723e-7	1.590474276630333e-15	2.6407552827611754e-14
1.6564418997521885e7	-3.2109797625141436e-8	-1.4350006072322028e-7	1.8714414360322233e-15	2.6100663864572854e-14
1.697852947245993e7	-3.1280883587988236e-8	-1.327848759786992e-7	2.1275769040955358e-15	2.562229273399739e-14
1.7392639947397977e7	-3.035142999858965e-8	-1.2230081015063798e-7	2.3566515697581193e-15	2.498698566944285e-14
1.7806750422336027e7	-2.933307676940236e-8	-1.1210960800647902e-7	2.5565998263096517e-15	2.4210616489868888e-14
1.8220860897274073e7	-2.8238281078072232e-8	-1.0226619749657321e-7	2.725544599755179e-15	2.3310202413336008e-14
1.863497137221212e7	-2.708023364453939e-8	-9.281825630146754e-8	2.8618250370165236e-15	2.2303709034633643e-14
1.904908184715017e7	-2.5872763083230582e-8	-8.380586103539612e-8	2.9640263033668955e-15	2.1209846494729685e-14
1.9463192322088216e7	-2.4630227602934436e-8	-7.526122231826785e-8	3.0310107530354233e-15	2.0047858956936444e-14
1.987730279702626e7	-2.3367393669315313e-8	-6.720850803832867e-8	3.0619495572874778e-15	1.8837309570192395e-14
2.0291413271964308e7	-2.2099301658946973e-8	-5.966375621500187e-8	3.056353710003133e-15	1.7597863143208163e-14
2.0705523746902354e7	-2.084111901066116e-8	-5.263487794544572e-8	3.0141031927480664e-15	1.634906877398616e-14
2.1119634221840404e7	-1.9607981906629805e-8	-4.612174998852934e-8	2.935472981265151e-15	1.5110144677193868e-14
2.153374469677845e7	-1.8414827073773527e-8	-4.0116395615642025e-8	2.8211545248939054e-15	1.3899767427076283e-14
2.1947855171716496e7	-1.727621586299806e-8	-3.460325144840959e-8	2.672271340284961e-15	1.2735867786291319e-14
2.2361965646654546e7	-1.6206153312598094e-8	-2.9559517118218105e-8	2.4903874393564117e-15	1.1635435221727621e-14
2.2776076121592592e7	-1.5217905403292232e-8	-2.4955583730419855e-8	2.2775074637985915e-15	1.061433311772321e-14
2.319018659653064e7	-1.4323818134914623e-8	-2.075553630586627e-8	2.0360676251824466e-15	9.687126586070005e-15
2.3604297071468685e7	-1.3535142368757485e-8	-1.691772461219386e-8	1.7689168462001648e-15	8.86692464189141e-15
2.401840754640673e7	-1.2861868558005288e-8	-1.3395396094789549e-8	1.4792878544064277e-15	8.16523836624106e-15
2.443251802134478e7	-1.2312575510161075e-8	-1.0137383979709736e-8	1.1707583790793853e-15	7.591856511596368e-15
2.4846628496282827e7	-1.1894297176030497e-8	-7.088843054486329e-9	8.472030236204022e-16	7.154739826981386e-15
2.5260738971220873e7	-1.1612411135333265e-8	-4.19202514346197e-9	5.127368057757534e-16	6.859935187068945e-15
2.5674849446158923e7	-1.1470551955577226e-8	-1.3870858870243645e-9	1.7165174958836288e-16	6.711510406235861e-15
2.608895992109697e7	-1.1470551955577231e-8	1.3870858870244499e-9	-1.7165174958837334e-16	6.711510406235861e-15
2.6503070396035016e7	-1.1612411135333272e-8	4.192025143462032e-9	-5.127368057757606e-16	6.859935187068954e-15
2.691718087097306e7	-1.1894297176030504e-8	7.088843054486395e-9	-8.472030236204096e-16	7.154739826981389e-15
2.7331291345911108e7	-1.2312575510161084e-8	1.0137383979709802e-8	-1.170758379079392e-15	7.591856511596386e-15
2.7745401820849158e7	-1.2861868558005303e-8	1.3395396094789615e-8	-1.479287854406434e-15	8.165238366241067e-15
2.8159512295787204e7	-1.353514236875751e-8	1.6917724612193993e-8	-1.7689168462001741e-15	8.866924641891437e-15
2.857362277072525e7	-1.4323818134914637e-8	2.0755536305866345e-8	-2.0360676251824513e-15	9.687126586070025e-15
2.89877332456633e7	-1.5217905403292265e-8	2.4955583730419984e-8	-2.2775074637985994e-15	1.0614333117723241e-14
2.9401843720601346e7	-1.620615331259813e-8	2.9559517118218247e-8	-2.4903874393564188e-15	1.1635435221727652e-14
2.9815954195539393e7	-1.7276215862998083e-8	3.460325144840972e-8	-2.672271340284965e-15	1.273586778629134e-14
3.023006467047744e7	-1.8414827073773553e-8	4.011639561564215e-8	-2.821154524893908e-15	1.3899767427076305e-14
3.0644175145415485e7	-1.9607981906629828e-8	4.612174998852947e-8	-2.9354729812651532e-15	1.5110144677193893e-14
3.1058285620353535e7	-2.0841119010661186e-8	5.263487794544589e-8	-3.0141031927480676e-15	1.634906877398619e-14
3.147239609529158e7	-2.2099301658947003e-8	5.966375621500199e-8	-3.056353710003133e-15	1.7597863143208185e-14
3.1886506570229627e7	-2.3367393669315336e-8	6.720850803832882e-8	-3.061949557287476e-15	1.883730957019242e-14
3.2300617045167677e7	-2.4630227602934472e-8	7.52612223182681e-8	-3.031010753035422e-15	2.0047858956936482e-14
3.2714727520105723e7	-2.5872763083230622e-8	8.38058610353964e-8	-2.9640263033668927e-15	2.120984649472972e-14
3.312883799504377e7	-2.7080233644539428e-8	9.281825630146787e-8	-2.861825037016519e-15	2.2303709034633674e-14
3.3542948469981816e7	-2.8238281078072262e-8	1.0226619749657342e-7	-2.7255445997551763e-15	2.331020241333603e-14
3.395705894491986e7	-2.9333076769402374e-8	1.1210960800647916e-7	-2.5565998263096497e-15	2.4210616489868897e-14
3.437116941985791e7	-3.0351429998589667e-8	1.2230081015063812e-7	-2.3566515697581166e-15	2.498698566944286e-14
3.4785279894795954e7	-3.128088358798824e-8	1.3278487597869922e-7	-2.127576904095536e-15	2.5622292733997393e-14
3.5199390369734004e7	-3.2109797625141456e-8	1.435000607232205e-7	-1.871441436032218e-15	2.6100663864572863e-14
3.5613500844672054e7	-3.282742225463465e-8	1.5437831483777258e-7	-1.5904742766303233e-15	2.6407552827611757e-14
3.60276113196101e7	-3.3423960722610785e-8	1.6534586973144784e-7	-1.2870460398744406e-15	2.6529912404926832e-14
3.644172179454815e7	-3.3890623972948337e-8	1.763238915412599e-7	-9.636500596150084e-16	2.6456351274245126e-14
3.68558322694862e7	-3.4219678139013156e-8	1.8722919657088952e-7	-6.228868525874425e-16	2.6177274692672555e-14
3.726994274442424e7	-3.440448625491504e-8	1.9797502137496465e-7	-2.6745170582382645e-16	2.5685007497657303e-14
3.768405321936229e7	-3.443954543153371e-8	2.0847183988916515e-7	9.987486718887286e-17	2.497389811742721e-14
3.809816369430034e7	-3.432052061165402e-8	2.186282195038494e-7	4.762341757292362e-16	2.404040247364872e-14
3.851227416923838e7	-3.404427584167474e-8	2.2835170755774827e-7	8.586943841421048e-16	2.2883146861277823e-14
3.892638464417643e7	-3.360890378052752e-8	2.375497393928755e-7	1.2442540944493866e-15	2.15029691022079e-14
3.934049511911447e7	-3.301375391530793e-8	2.461305588656325e-7	1.629845122763561e-15	1.9902937488230167e-14
3.975460559405252e7	-3.2259459673073697e-8	2.540041420547033e-7	2.012335176393846e-15	1.808834725279732e-14
4.016871606899057e7	-3.1347964314657764e-8	2.610831148453435e-7	2.3885311888185435e-15	1.6066694537865103e-14
4.0582826543928616e7	-3.028254517480087e-8	2.6728365510279456e-7	2.755184105771162e-15	1.3847628049382311e-14
4.0996937018866666e7	-2.9067835479711405e-8	2.725263702745066e-7	3.1089959354655752e-15	1.1442878820519054e-14
4.141104749380471e7	-2.7709842635669485e-8	2.767371414804346e-7	3.4466298763415185e-15	8.866168723183939e-15
4.182515796874276e7	-2.6215961549369197e-8	2.798479254607423e-7	3.764724312523417e-15	6.133098583545456e-15
4.223926844368081e7	-2.459498122309382e-8	2.8179750614773096e-7	4.0599114154934355e-15	3.2610169639722377e-15
4.265337891861885e7	-2.285708257846862e-8	2.8253218810978047e-7	4.328841004788068e-15	2.6887086994366085e-16
4.30674893935569e7	-2.1013825216682326e-8	2.820064246747506e-7	4.5682101952486514e-15	-2.822960175917899e-15
4.348159986849495e7	-1.9078120638180132e-8	2.8018337417305986e-7	4.7747991884257574e-15	-5.992845081341423e-15
4.389571034343299e7	-1.7064189340241667e-8	2.7703537844022014e-7	4.945513347381735e-15	-9.218095388985397e-15
4.430982081837104e7	-1.4987499207038557e-8	2.725443584779554e-7	5.0774314257755164e-15	-1.2475170838224731e-14
4.472393129330909e7	-1.2864682724222738e-8	2.6670212298457256e-7	5.167859505351924e-15	-1.5739894267867137e-14
4.5138041768247135e7	-1.0713430807832862e-8	2.595105863208445e-7	5.2143898365654715e-15	-1.8987673747329965e-14
4.5552152243185185e7	-8.552361450930101e-9	2.509818933687389e-7	5.214963385852309e-15	-2.2193729748800477e-14
4.596626271812323e7	-6.400861970857233e-9	2.411384496579401e-7	5.1679344864652795e-15	-2.533332511984493e-14
4.638037319306128e7	-4.278904387318862e-9	2.300128560700452e-7	5.0721355900402615e-15	-2.8381995585366032e-14
4.679448366799933e7	-2.206834368232062e-9	2.1764774837320873e-7	4.926939750741239e-15	-3.131577850004197e-14
4.720859414293737e7	-2.0513522578046197e-10	2.040955427813611e-7	4.7323181746408765e-15	-3.411143758750846e-14
4.762270461787542e7	1.7058304050254324e-9	1.8941808966250845e-7	4.488889967719842e-15	-3.6746681440411217e-14
4.803681509281346e7	3.5060973670235616e-9	1.736862384306691e-7	4.197961149517586e-15	-3.9200373615691127e-14
4.845092556775151e7	5.176388221711219e-9	1.569793175365719e-7	3.861550094734417e-15	-4.145273224146566e-14
4.886503604268956e7	6.69841076688436e-9	1.3938453431449206e-7	3.4823968424647996e-15	-4.3485517154813535e-14
4.9279146517627604e7	8.055155697874908e-9	1.2099630023805145e-7	3.0639541807226306e-15	-4.5282202712628623e-14
4.9693256992565654e7	9.23118654162662e-9	1.0191548787847476e-7	2.6103590658144356e-15	-4.682813455924574e-14
5.0107367467503704e7	1.0212913559553589e-8	8.22486265372249e-8	2.1263837481142672e-15	-4.811066879333687e-14
5.052147794244175e7	1.0988843244422925e-8	6.210704413429492e-8	1.6173669067486457e-15	-4.9119292151036676e-14
5.09355884173798e7	1.1549795366410301e-8	4.160596346762243e-8	1.089126089008768e-15	-4.9845722010623385e-14
5.134969889231785e7	1.1889080266034932e-8	2.086356141270742e-8	5.478537379411926e-16	-5.02839852244667e-14
5.176380936725589e7	1.2002630229384954e-8	-6.362618079547211e-22	-1.6724893503266952e-29	-5.0430474994340285e-14
5.217791984219394e7	1.1889080266034919e-8	-2.086356141270869e-8	-5.478537379412259e-16	-5.028398522446668e-14
5.259203031713198e7	1.1549795366410283e-8	-4.1605963467623326e-8	-1.0891260890087913e-15	-4.9845722010623354e-14
5.300614079207003e7	1.0988843244422899e-8	-6.21070441342958e-8	-1.6173669067486682e-15	-4.9119292151036645e-14
5.342025126700808e7	1.0212913559553536e-8	-8.224862653722611e-8	-2.1263837481142976e-15	-4.811066879333679e-14
5.383436174194612e7	9.23118654162657e-9	-1.0191548787847563e-7	-2.610359065814455e-15	-4.682813455924566e-14
5.424847221688417e7	8.055155697874852e-9	-1.2099630023805227e-7	-3.063954180722648e-15	-4.5282202712628554e-14
5.4662582691822216e7	6.698410766884299e-9	-1.3938453431449286e-7	-3.482396842464818e-15	-4.3485517154813447e-14
5.5076693166760266e7	5.176388221711151e-9	-1.5697931753657264e-7	-3.861550094734432e-15	-4.145273224146556e-14
5.5490803641698316e7	3.5060973670234842e-9	-1.7368623843066983e-7	-4.1979611495175996e-15	-3.920037361569102e-14
5.590491411663636e7	1.7058304050253507e-9	-1.8941808966250908e-7	-4.488889967719853e-15	-3.67466814404111e-14
5.631902459157441e7	-2.051352257805786e-10	-2.0409554278136194e-7	-4.732318174640889e-15	-3.41114375875083e-14
5.673313506651246e7	-2.2068343682321837e-9	-2.176477483732095e-7	-4.9269397507412496e-15	-3.1315778500041796e-14
5.71472455414505e7	-4.278904387318955e-9	-2.3001285607004572e-7	-5.0721355900402655e-15	-2.8381995585365906e-14
5.756135601638855e7	-6.400861970857327e-9	-2.4113844965794056e-7	-5.167934486465282e-15	-2.5333325119844798e-14
5.79754664913266e7	-8.552361450930234e-9	-2.509818933687394e-7	-5.214963385852311e-15	-2.2193729748800285e-14
5.838957696626464e7	-1.071343080783296e-8	-2.5951058632084484e-7	-5.21438983656547e-15	-1.898767374732982e-14
5.880368744120269e7	-1.286468272422287e-8	-2.66702122984573e-7	-5.167859505351921e-15	-1.5739894267866935e-14
5.9217797916140735e7	-1.4987499207038646e-8	-2.725443584779556e-7	-5.077431425775513e-15	-1.2475170838224592e-14
5.9631908391078785e7	-1.7064189340241753e-8	-2.770353784402203e-7	-4.9455133473817284e-15	-9.218095388985258e-15
6.0046018866016835e7	-1.9078120638180257e-8	-2.8018337417306e-7	-4.774799188425745e-15	-5.992845081341226e-15
6.046012934095488e7	-2.1013825216682416e-8	-2.8200642467475065e-7	-4.568210195248642e-15	-2.8229601759177643e-15
6.087423981589293e7	-2.2857082578468728e-8	-2.825321881097804e-7	-4.328841004788052e-15	2.688708699438469e-16
6.128835029083097e7	-2.4594981223093897e-8	-2.817975061477309e-7	-4.0599114154934245e-15	3.2610169639723655e-15
6.170246076576902e7	-2.6215961549369273e-8	-2.798479254607422e-7	-3.764724312523405e-15	6.133098583545579e-15
6.211657124070707e7	-2.770984263566954e-8	-2.767371414804344e-7	-3.446629876341504e-15	8.866168723184054e-15
6.253068171564511e7	-2.9067835479711455e-8	-2.725263702745064e-7	-3.1089959354655602e-15	1.1442878820519164e-14
6.294479219058316e7	-3.0282545174800917e-8	-2.6728365510279435e-7	-2.7551841057711474e-15	1.3847628049382409e-14
6.335890266552121e7	-3.134796431465782e-8	-2.6108311484534314e-7	-2.388531188818521e-15	1.6066694537865232e-14
6.3773013140459254e7	-3.225945967307373e-8	-2.54004142054703e-7	-2.0123351763938296e-15	1.8088347252797406e-14
6.4187123615397304e7	-3.3013753915307956e-8	-2.461305588656321e-7	-1.6298451227635446e-15	1.9902937488230243e-14
6.4601234090335354e7	-3.360890378052755e-8	-2.3754973939287496e-7	-1.2442540944493634e-15	2.1502969102207992e-14
6.50153445652734e7	-3.404427584167476e-8	-2.2835170755774785e-7	-8.586943841420884e-16	2.2883146861277877e-14
6.542945504021145e7	-3.4320520611654025e-8	-2.1862821950384883e-7	-4.762341757292129e-16	2.4040402473648784e-14
6.584356551514949e7	-3.443954543153371e-8	-2.084718398891647e-7	-9.987486718885681e-17	2.497389811742725e-14
6.625767599008754e7	-3.4404486254915026e-8	-1.97975021374964e-7	2.674517058238484e-16	2.5685007497657337e-14
6.667178646502559e7	-3.4219678139013136e-8	-1.8722919657088865e-7	6.228868525874707e-16	2.6177274692672587e-14
6.708589693996363e7	-3.389062397294833e-8	-1.7632389154125939e-7	9.636500596150228e-16	2.645635127424513e-14
6.750000741490167e7	-3.342396072261076e-8	-1.653458697314474e-7	1.2870460398744544e-15	2.6529912404926832e-14
6.791411788983972e7	-3.2827422254634637e-8	-1.5437831483777237e-7	1.5904742766303311e-15	2.6407552827611754e-14
6.832822836477777e7	-3.2109797625141436e-8	-1.4350006072322022e-7	1.871441436032224e-15	2.6100663864572854e-14
6.874233883971582e7	-3.1280883587988216e-8	-1.3278487597869896e-7	2.1275769040955417e-15	2.5622292733997377e-14
6.915644931465387e7	-3.035142999858962e-8	-1.2230081015063767e-7	2.3566515697581252e-15	2.4986985669442822e-14
6.957055978959191e7	-2.9333076769402367e-8	-1.121096080064791e-7	2.5565998263096513e-15	2.4210616489868894e-14
6.998467026452996e7	-2.8238281078072232e-8	-1.0226619749657316e-7	2.725544599755179e-15	2.3310202413336005e-14
7.039878073946801e7	-2.7080233644539378e-8	-9.281825630146745e-8	2.8618250370165244e-15	2.230370903463363e-14
7.081289121440606e7	-2.587276308323057e-8	-8.380586103539601e-8	2.9640263033668962e-15	2.120984649472967e-14
7.122700168934411e7	-2.46302276029344e-8	-7.526122231826763e-8	3.031010753035425e-15	2.004785895693641e-14
7.164111216428216e7	-2.3367393669315264e-8	-6.720850803832837e-8	3.061949557287477e-15	1.8837309570192348e-14
7.20552226392202e7	-2.209930165894696e-8	-5.966375621500175e-8	3.0563537100031323e-15	1.759786314320814e-14
7.246933311415824e7	-2.0841119010661133e-8	-5.263487794544557e-8	3.0141031927480644e-15	1.634906877398613e-14
7.28834435890963e7	-1.9607981906629775e-8	-4.6121749988529196e-8	2.935472981265149e-15	1.511014467719384e-14
7.329755406403434e7	-1.841482707377348e-8	-4.011639561564182e-8	2.8211545248939e-15	1.3899767427076234e-14
7.37116645389724e7	-1.7276215862998004e-8	-3.460325144840932e-8	2.6722713402849532e-15	1.2735867786291266e-14
7.412577501391043e7	-1.6206153312598084e-8	-2.955951711821805e-8	2.49038743935641e-15	1.1635435221727603e-14
7.453988548884848e7	-1.521790540329222e-8	-2.495558373041975e-8	2.2775074637985868e-15	1.0614333117723186e-14
7.495399596378653e7	-1.4323818134914592e-8	-2.0755536305866137e-8	2.0360676251824383e-15	9.687126586069978e-15
7.536810643872458e7	-1.3535142368757455e-8	-1.691772461219372e-8	1.768916846200155e-15	8.866924641891383e-15
7.578221691366263e7	-1.2861868558005255e-8	-1.3395396094789352e-8	1.4792878544064106e-15	8.165238366241021e-15
7.619632738860068e7	-1.2312575510161045e-8	-1.0137383979709552e-8	1.170758379079367e-15	7.591856511596345e-15
7.661043786353871e7	-1.1894297176030499e-8	-7.088843054486343e-9	8.47203023620404e-16	7.154739826981386e-15
7.702454833847676e7	-1.1612411135333267e-8	-4.192025143461961e-9	5.127368057757519e-16	6.8599351870689495e-15
7.743865881341481e7	-1.1470551955577226e-8	-1.3870858870243545e-9	1.7165174958836153e-16	6.711510406235861e-15
7.785276928835286e7	-1.1470551955577233e-8	1.3870858870245103e-9	-1.7165174958838083e-16	6.711510406235866e-15
7.826687976329091e7	-1.1612411135333277e-8	4.1920251434621185e-9	-5.1273680577577095e-16	6.859935187068958e-15
7.868099023822895e7	-1.1894297176030505e-8	7.0888430544864045e-9	-8.4720302362041085e-16	7.154739826981394e-15
7.9095100713167e7	-1.2312575510161086e-8	1.0137383979709839e-8	-1.170758379079396e-15	7.59185651159639e-15
7.950921118810505e7	-1.2861868558005313e-8	1.3395396094789661e-8	-1.4792878544064378e-15	8.165238366241077e-15
7.99233216630431e7	-1.3535142368757525e-8	1.691772461219406e-8	-1.7689168462001798e-15	8.866924641891451e-15
8.033743213798115e7	-1.4323818134914673e-8	2.0755536305866514e-8	-2.036067625182462e-15	9.687126586070061e-15
8.075154261291918e7	-1.5217905403292272e-8	2.4955583730420004e-8	-2.2775074637986006e-15	1.0614333117723244e-14
8.116565308785723e7	-1.620615331259814e-8	2.955951711821831e-8	-2.4903874393564207e-15	1.1635435221727667e-14
8.157976356279528e7	-1.7276215862998107e-8	3.460325144840982e-8	-2.6722713402849686e-15	1.2735867786291363e-14
8.199387403773333e7	-1.841482707377359e-8	4.0116395615642317e-8	-2.821154524893912e-15	1.3899767427076341e-14
8.240798451267138e7	-1.9607981906629878e-8	4.6121749988529765e-8	-2.9354729812651576e-15	1.5110144677193953e-14
8.282209498760942e7	-2.0841119010661206e-8	5.2634877945445965e-8	-3.0141031927480684e-15	1.6349068773986202e-14
8.323620546254747e7	-2.2099301658947033e-8	5.966375621500217e-8	-3.056353710003134e-15	1.7597863143208214e-14
8.365031593748552e7	-2.336739366931538e-8	6.720850803832908e-8	-3.061949557287476e-15	1.8837309570192455e-14
8.406442641242357e7	-2.4630227602934512e-8	7.526122231826835e-8	-3.0310107530354198e-15	2.0047858956936516e-14
8.447853688736162e7	-2.5872763083230685e-8	8.380586103539681e-8	-2.9640263033668895e-15	2.1209846494729773e-14
8.489264736229967e7	-2.7080233644539484e-8	9.281825630146828e-8	-2.8618250370165146e-15	2.2303709034633728e-14
8.53067578372377e7	-2.8238281078072292e-8	1.0226619749657368e-7	-2.725544599755171e-15	2.3310202413336058e-14
8.572086831217575e7	-2.9333076769402387e-8	1.1210960800647928e-7	-2.556599826309647e-15	2.421061648986891e-14
8.61349787871138e7	-3.035142999858967e-8	1.2230081015063825e-7	-2.3566515697581142e-15	2.498698566944287e-14
8.654908926205185e7	-3.128088358798826e-8	1.3278487597869954e-7	-2.127576904095528e-15	2.5622292733997412e-14
8.69631997369899e7	-3.2109797625141476e-8	1.4350006072322086e-7	-1.8714414360322087e-15	2.610066386457287e-14
8.737731021192794e7	-3.2827422254634656e-8	1.5437831483777256e-7	-1.590474276630325e-15	2.6407552827611757e-14
8.779142068686599e7	-3.342396072261079e-8	1.65345869731448e-7	-1.2870460398744368e-15	2.6529912404926832e-14
8.820553116180404e7	-3.389062397294834e-8	1.7632389154126002e-7	-9.636500596150041e-16	2.645635127424512e-14
8.861964163674209e7	-3.421967813901316e-8	1.8722919657088968e-7	-6.228868525874385e-16	2.6177274692672552e-14
8.903375211168014e7	-3.440448625491503e-8	1.9797502137496494e-7	-2.674517058238153e-16	2.5685007497657284e-14
8.944786258661819e7	-3.4439545431533707e-8	2.0847183988916544e-7	9.987486718888417e-17	2.497389811742719e-14
8.986197306155622e7	-3.432052061165402e-8	2.1862821950384936e-7	4.762341757292342e-16	2.4040402473648727e-14
9.027608353649427e7	-3.404427584167473e-8	2.2835170755774854e-7	8.586943841421166e-16	2.2883146861277782e-14
9.069019401143232e7	-3.360890378052751e-8	2.3754973939287578e-7	1.2442540944493985e-15	2.1502969102207856e-14
9.110430448637037e7	-3.3013753915307903e-8	2.461305588656329e-7	1.6298451227635799e-15	1.9902937488230085e-14
9.151841496130842e7	-3.225945967307366e-8	2.5400414205470373e-7	2.0123351763938647e-15	1.8088347252797232e-14
9.193252543624645e7	-3.134796431465775e-8	2.610831148453436e-7	2.3885311888185486e-15	1.6066694537865077e-14
9.23466359111845e7	-3.028254517480084e-8	2.672836551027947e-7	2.755184105771174e-15	1.3847628049382238e-14
9.276074638612255e7	-2.9067835479711362e-8	2.7252637027450674e-7	3.108995935465586e-15	1.1442878820518978e-14
9.31748568610606e7	-2.7709842635669415e-8	2.7673714148043474e-7	3.4466298763415347e-15	8.866168723183812e-15
9.358896733599865e7	-2.6215961549369124e-8	2.7984792546074246e-7	3.764724312523433e-15	6.133098583545322e-15
9.400307781093669e7	-2.4594981223093794e-8	2.8179750614773096e-7	4.05991141549344e-15	3.261016963972202e-15
9.441718828587474e7	-2.285708257846857e-8	2.825321881097804e-7	4.328841004788076e-15	2.6887086994356894e-16
9.483129876081279e7	-2.1013825216682307e-8	2.820064246747506e-7	4.568210195248655e-15	-2.8229601759179394e-15
9.524540923575084e7	-1.9078120638180112e-8	2.801833741730598e-7	4.774799188425759e-15	-5.992845081341462e-15
9.565951971068889e7	-1.7064189340241608e-8	2.7703537844022003e-7	4.945513347381741e-15	-9.218095388985495e-15
9.607363018562692e7	-1.4987499207038567e-8	2.725443584779554e-7	5.0774314257755164e-15	-1.2475170838224717e-14
9.648774066056497e7	-1.2864682724222748e-8	2.667021229845726e-7	5.167859505351924e-15	-1.5739894267867118e-14
9.690185113550302e7	-1.0713430807832836e-8	2.5951058632084436e-7	5.21438983656547e-15	-1.8987673747330003e-14
9.731596161044107e7	-8.552361450930072e-9	2.5098189336873877e-7	5.214963385852308e-15	-2.2193729748800518e-14
9.773007208537912e7	-6.4008619708571684e-9	2.411384496579398e-7	5.167934486465277e-15	-2.5333325119845025e-14
9.814418256031717e7	-4.278904387318806e-9	2.3001285607004488e-7	5.0721355900402576e-15	-2.838199558536612e-14
9.855829303525521e7	-2.206834368232068e-9	2.1764774837320878e-7	4.92693975074124e-15	-3.1315778500041954e-14
9.897240351019326e7	-2.0513522578043824e-10	2.0409554278136093e-7	4.7323181746408725e-15	-3.41114375875085e-14
9.938651398513131e7	1.7058304050254874e-9	1.8941808966250797e-7	4.488889967719833e-15	-3.674668144041129e-14
9.980062446006936e7	3.506097367023645e-9	1.7368623843066832e-7	4.197961149517571e-15	-3.9200373615691234e-14
1.0021473493500741e8	5.176388221711301e-9	1.5697931753657105e-7	3.861550094734399e-15	-4.145273224146576e-14
1.0062884540994544e8	6.69841076688438e-9	1.3938453431449182e-7	3.4823968424647944e-15	-4.3485517154813554e-14
1.010429558848835e8	8.055155697874948e-9	1.2099630023805086e-7	3.0639541807226156e-15	-4.5282202712628674e-14
1.0145706635982154e8	9.231186541626652e-9	1.019154878784742e-7	2.610359065814421e-15	-4.682813455924577e-14
1.018711768347596e8	1.0212913559553612e-8	8.224862653722428e-8	2.1263837481142514e-15	-4.8110668793336904e-14
1.0228528730969764e8	1.0988843244422957e-8	6.210704413429394e-8	1.6173669067486201e-15	-4.9119292151036714e-14
1.026993977846357e8	1.1549795366410321e-8	4.160596346762143e-8	1.0891260890087422e-15	-4.98457220106234e-14
1.0311350825957373e8	1.1889080266034936e-8	2.0863561412707152e-8	5.478537379411857e-16	-5.02839852244667e-14
1.0352761873451178e8	1.2002630229384954e-8	-1.2725236159094422e-21	-3.3449787006533905e-29	-5.0430474994340285e-14
1.0394172920944983e8	1.1889080266034917e-8	-2.0863561412708955e-8	-5.478537379412329e-16	-5.028398522446667e-14
1.0435583968438788e8	1.1549795366410268e-8	-4.1605963467623954e-8	-1.0891260890088076e-15	-4.9845722010623335e-14
1.0476995015932593e8	1.0988843244422877e-8	-6.210704413429643e-8	-1.6173669067486844e-15	-4.911929215103661e-14
1.0518406063426396e8	1.0212913559553537e-8	-8.2248626537226e-8	-2.126383748114295e-15	-4.81106687933368e-14
1.0559817110920201e8	9.231186541626556e-9	-1.0191548787847587e-7	-2.6103590658144613e-15	-4.6828134559245656e-14
1.0601228158414006e8	8.055155697874839e-9	-1.2099630023805248e-7	-3.0639541807226534e-15	-4.5282202712628535e-14
1.0642639205907811e8	6.6984107668842536e-9	-1.3938453431449338e-7	-3.48239684246483e-15	-4.3485517154813396e-14
1.0684050253401616e8	5.176388221711104e-9	-1.5697931753657314e-7	-3.861550094734444e-15	-4.14527322414655e-14
1.072546130089542e8	3.506097367023494e-9	-1.7368623843066975e-7	-4.197961149517599e-15	-3.920037361569103e-14
1.0766872348389225e8	1.7058304050253278e-9	-1.8941808966250927e-7	-4.488889967719857e-15	-3.6746681440411065e-14
1.080828339588303e8	-2.0513522578060433e-10	-2.0409554278136212e-7	-4.732318174640892e-15	-3.411143758750827e-14
1.0849694443376835e8	-2.2068343682322502e-9	-2.176477483732099e-7	-4.926939750741255e-15	-3.13157785000417e-14
1.089110549087064e8	-4.278904387319055e-9	-2.3001285607004625e-7	-5.0721355900402726e-15	-2.838199558536576e-14
1.0932516538364443e8	-6.400861970857353e-9	-2.411384496579407e-7	-5.167934486465283e-15	-2.5333325119844757e-14
1.0973927585858248e8	-8.552361450930265e-9	-2.5098189336873957e-7	-5.2149633858523106e-15	-2.219372974880024e-14
1.1015338633352053e8	-1.0713430807833026e-8	-2.5951058632084505e-7	-5.21438983656547e-15	-1.8987673747329722e-14
1.1056749680845858e8	-1.2864682724222932e-8	-2.6670212298457315e-7	-5.1678595053519176e-15	-1.5739894267866838e-14
1.1098160728339663e8	-1.4987499207038745e-8	-2.725443584779559e-7	-5.077431425775506e-15	-1.2475170838224434e-14
1.1139571775833468e8	-1.706418934024186e-8	-2.7703537844022045e-7	-4.945513347381722e-15	-9.218095388985099e-15
1.1180982823327272e8	-1.9078120638180284e-8	-2.801833741730601e-7	-4.7747991884257424e-15	-5.992845081341185e-15
1.1222393870821077e8	-2.101382521668247e-8	-2.8200642467475065e-7	-4.5682101952486364e-15	-2.822960175917668e-15
1.1263804918314882e8	-2.2857082578468787e-8	-2.825321881097804e-7	-4.328841004788045e-15	2.688708699439388e-16
1.1305215965808687e8	-2.4594981223093947e-8	-2.817975061477308e-7	-4.059911415493416e-15	3.261016963972453e-15
1.1346627013302492e8	-2.621596154936932e-8	-2.798479254607422e-7	-3.764724312523397e-15	6.133098583545663e-15
1.1388038060796295e8	-2.7709842635669534e-8	-2.767371414804345e-7	-3.446629876341505e-15	8.866168723184043e-15
1.14294491082901e8	-2.9067835479711468e-8	-2.725263702745063e-7	-3.1089959354655555e-15	1.1442878820519192e-14
1.1470860155783905e8	-3.0282545174800936e-8	-2.6728365510279424e-7	-2.7551841057711423e-15	1.384762804938244e-14
1.151227120327771e8	-3.1347964314657836e-8	-2.61083114845343e-7	-2.388531188818517e-15	1.6066694537865257e-14
1.1553682250771515e8	-3.225945967307375e-8	-2.540041420547028e-7	-2.012335176393818e-15	1.8088347252797463e-14
1.159509329826532e8	-3.301375391530798e-8	-2.4613055886563184e-7	-1.629845122763533e-15	1.990293748823029e-14
1.1636504345759124e8	-3.360890378052755e-8	-2.3754973939287502e-7	-1.2442540944493651e-15	2.1502969102207982e-14
1.1677915393252929e8	-3.4044275841674764e-8	-2.2835170755774775e-7	-8.586943841420832e-16	2.2883146861277896e-14
1.1719326440746734e8	-3.432052061165403e-8	-2.186282195038485e-7	-4.762341757292016e-16	2.4040402473648816e-14
1.1760737488240539e8	-3.443954543153372e-8	-2.0847183988916412e-7	-9.987486718883864e-17	2.497389811742729e-14
1.1802148535734344e8	-3.4404486254915026e-8	-1.9797502137496367e-7	2.6745170582385934e-16	2.5685007497657362e-14
1.1843559583228147e8	-3.4219678139013136e-8	-1.8722919657088873e-7	6.228868525874689e-16	2.6177274692672584e-14
1.1884970630721952e8	-3.389062397294831e-8	-1.7632389154125907e-7	9.636500596150327e-16	2.645635127424514e-14
1.1926381678215757e8	-3.342396072261074e-8	-1.6534586973144705e-7	1.2870460398744638e-15	2.6529912404926832e-14
1.1967792725709562e8	-3.282742225463459e-8	-1.5437831483777163e-7	1.59047427663035e-15	2.6407552827611735e-14
1.2009203773203367e8	-3.210979762514138e-8	-1.435000607232195e-7	1.8714414360322415e-15	2.6100663864572826e-14
1.205061482069717e8	-3.128088358798818e-8	-1.3278487597869866e-7	2.127576904095549e-15	2.5622292733997364e-14
1.2092025868190975e8	-3.035142999858959e-8	-1.2230081015063735e-7	2.356651569758132e-15	2.49869856694428e-14
1.213343691568478e8	-2.9333076769402298e-8	-1.1210960800647841e-7	2.5565998263096627e-15	2.421061648986884e-14
1.2174847963178585e8	-2.8238281078072153e-8	-1.022661974965725e-7	2.725544599755189e-15	2.3310202413335942e-14
1.221625901067239e8	-2.708023364453934e-8	-9.281825630146717e-8	2.861825037016529e-15	2.23037090346336e-14
1.2257670058166194e8	-2.5872763083230576e-8	-8.380586103539605e-8	2.964026303366896e-15	2.1209846494729675e-14
1.2299081105659999e8	-2.4630227602934403e-8	-7.526122231826764e-8	3.031010753035425e-15	2.0047858956936415e-14
1.2340492153153804e8	-2.3367393669315264e-8	-6.720850803832837e-8	3.061949557287477e-15	1.8837309570192354e-14
1.2381903200647609e8	-2.2099301658946924e-8	-5.966375621500151e-8	3.056353710003132e-15	1.7597863143208103e-14
1.2423314248141414e8	-2.0841119010661097e-8	-5.263487794544536e-8	3.0141031927480625e-15	1.6349068773986092e-14
1.2464725295635219e8	-1.960798190662974e-8	-4.6121749988529004e-8	2.9354729812651457e-15	1.5110144677193805e-14
1.2506136343129022e8	-1.8414827073773497e-8	-4.011639561564182e-8	2.8211545248939014e-15	1.389976742707624e-14
1.2547547390622827e8	-1.727621586299801e-8	-3.460325144840935e-8	2.6722713402849544e-15	1.2735867786291267e-14
1.2588958438116632e8	-1.620615331259805e-8	-2.9559517118217897e-8	2.4903874393564038e-15	1.1635435221727572e-14
1.2630369485610437e8	-1.521790540329219e-8	-2.495558373041961e-8	2.27750746379858e-15	1.0614333117723156e-14
1.2671780533104242e8	-1.4323818134914569e-8	-2.0755536305866014e-8	2.0360676251824304e-15	9.687126586069954e-15
1.2713191580598046e8	-1.3535142368757459e-8	-1.691772461219374e-8	1.7689168462001562e-15	8.866924641891383e-15
1.2754602628091851e8	-1.2861868558005259e-8	-1.339539609478937e-8	1.4792878544064122e-15	8.165238366241025e-15
1.2796013675585656e8	-1.2312575510161046e-8	-1.013738397970957e-8	1.1707583790793688e-15	7.59185651159635e-15
1.2837424723079461e8	-1.1894297176030474e-8	-7.088843054486146e-9	8.472030236203823e-16	7.154739826981362e-15
1.2878835770573266e8	-1.161241113533325e-8	-4.192025143461773e-9	5.127368057757297e-16	6.859935187068931e-15
1.2920246818067071e8	-1.1470551955577221e-8	-1.3870858870241724e-9	1.7165174958833897e-16	6.711510406235857e-15
1.2961657865560874e8	-1.1470551955577233e-8	1.3870858870245944e-9	-1.716517495883912e-16	6.7115104062358705e-15
1.300306891305468e8	-1.1612411135333287e-8	4.192025143462203e-9	-5.127368057757814e-16	6.859935187068968e-15
1.3044479960548484e8	-1.1894297176030527e-8	7.0888430544866014e-9	-8.472030236204326e-16	7.15473982698142e-15
1.308589100804229e8	-1.2312575510161103e-8	1.0137383979709933e-8	-1.1707583790794056e-15	7.591856511596403e-15
1.3127302055536094e8	-1.286186855800533e-8	1.339539609478976e-8	-1.479287854406447e-15	8.165238366241099e-15
1.3168713103029898e8	-1.3535142368757518e-8	1.691772461219404e-8	-1.7689168462001782e-15	8.866924641891446e-15
1.3210124150523703e8	-1.4323818134914698e-8	2.0755536305866636e-8	-2.036067625182469e-15	9.687126586070085e-15
1.3251535198017508e8	-1.5217905403292332e-8	2.4955583730420295e-8	-2.2775074637986144e-15	1.0614333117723306e-14
1.3292946245511313e8	-1.620615331259821e-8	2.955951711821862e-8	-2.4903874393564338e-15	1.1635435221727736e-14
1.3334357293005118e8	-1.727621586299818e-8	3.4603251448410156e-8	-2.672271340284979e-15	1.2735867786291437e-14
1.3375768340498921e8	-1.8414827073773583e-8	4.0116395615642284e-8	-2.8211545248939117e-15	1.389976742707634e-14
1.3417179387992726e8	-1.9607981906629874e-8	4.612174998852973e-8	-2.935472981265157e-15	1.5110144677193943e-14
1.345859043548653e8	-2.0841119010661246e-8	5.263487794544617e-8	-3.0141031927480704e-15	1.634906877398624e-14
1.3500001482980335e8	-2.2099301658947073e-8	5.96637562150024e-8	-3.0563537100031343e-15	1.7597863143208252e-14
1.354141253047414e8	-2.3367393669315416e-8	6.72085080383293e-8	-3.0619495572874754e-15	1.8837309570192496e-14
1.3582823577967945e8	-2.463022760293446e-8	7.526122231826804e-8	-3.0310107530354226e-15	2.004785895693647e-14
1.362423462546175e8	-2.5872763083230718e-8	8.380586103539711e-8	-2.9640263033668868e-15	2.1209846494729808e-14
1.3665645672955555e8	-2.7080233644539434e-8	9.28182563014679e-8	-2.861825037016518e-15	2.2303709034633684e-14
1.3707056720449358e8	-2.8238281078072282e-8	1.0226619749657366e-7	-2.725544599755172e-15	2.3310202413336052e-14
1.3748467767943165e8	-2.933307676940242e-8	1.1210960800647959e-7	-2.556599826309642e-15	2.4210616489868932e-14
1.3789878815436968e8	-3.0351429998589706e-8	1.2230081015063857e-7	-2.3566515697581075e-15	2.4986985669442885e-14
1.3831289862930775e8	-3.1280883587988295e-8	1.3278487597869986e-7	-2.12757690409552e-15	2.5622292733997424e-14
1.3872700910424578e8	-3.2109797625141496e-8	1.4350006072322115e-7	-1.8714414360322013e-15	2.610066386457289e-14
1.3914111957918382e8	-3.282742225463465e-8	1.5437831483777253e-7	-1.5904742766303264e-15	2.6407552827611757e-14
1.3955523005412188e8	-3.3423960722610824e-8	1.6534586973144874e-7	-1.287046039874416e-15	2.6529912404926832e-14
1.3996934052905992e8	-3.389062397294835e-8	1.7632389154125997e-7	-9.636500596150063e-16	2.6456351274245126e-14
1.4038345100399798e8	-3.421967813901318e-8	1.872291965708904e-7	-6.228868525874159e-16	2.6177274692672524e-14
1.4079756147893602e8	-3.440448625491504e-8	1.9797502137496486e-7	-2.674517058238166e-16	2.568500749765729e-14
1.4121167195387408e8	-3.4439545431533707e-8	2.0847183988916613e-7	9.98748671889087e-17	2.4973898117427135e-14
1.4162578242881212e8	-3.4320520611654005e-8	2.1862821950384965e-7	4.762341757292457e-16	2.4040402473648696e-14
1.4203989290375015e8	-3.4044275841674725e-8	2.2835170755774883e-7	8.586943841421283e-16	2.2883146861277747e-14
1.4245400337868822e8	-3.36089037805275e-8	2.3754973939287605e-7	1.2442540944494103e-15	2.1502969102207812e-14
1.4286811385362625e8	-3.301375391530787e-8	2.4613055886563316e-7	1.6298451227635911e-15	1.9902937488230035e-14
1.4328222432856432e8	-3.225945967307363e-8	2.540041420547039e-7	2.0123351763938766e-15	1.808834725279717e-14
1.4369633480350235e8	-3.1347964314657684e-8	2.6108311484534404e-7	2.3885311888185727e-15	1.6066694537864932e-14
1.441104452784404e8	-3.028254517480084e-8	2.672836551027947e-7	2.7551841057711715e-15	1.3847628049382251e-14
1.4452455575337845e8	-2.9067835479711365e-8	2.725263702745067e-7	3.108995935465584e-15	1.144287882051899e-14
1.449386662283165e8	-2.770984263566942e-8	2.767371414804347e-7	3.4466298763415323e-15	8.866168723183823e-15
1.4535277670325455e8	-2.6215961549369134e-8	2.7984792546074246e-7	3.764724312523432e-15	6.1330985835453354e-15
1.457668871781926e8	-2.4594981223093745e-8	2.8179750614773096e-7	4.059911415493448e-15	3.26101696397211e-15
1.4618099765313062e8	-2.2857082578468638e-8	2.825321881097804e-7	4.3288410047880656e-15	2.6887086994369e-16
1.465951081280687e8	-2.101382521668218e-8	2.8200642467475054e-7	4.5682101952486696e-15	-2.8229601759181453e-15
1.4700921860300672e8	-1.907812063818012e-8	2.8018337417305986e-7	4.774799188425759e-15	-5.992845081341451e-15
1.474233290779448e8	-1.706418934024147e-8	2.7703537844021977e-7	4.945513347381749e-15	-9.218095388985709e-15
1.4783743955288282e8	-1.4987499207038504e-8	2.7254435847795524e-7	5.077431425775522e-15	-1.2475170838224816e-14
1.4825155002782086e8	-1.286468272422268e-8	2.667021229845724e-7	5.1678595053519255e-15	-1.5739894267867223e-14
1.4866566050275892e8	-1.0713430807832773e-8	2.5951058632084415e-7	5.214389836565471e-15	-1.8987673747330104e-14
1.4907977097769696e8	-8.552361450930005e-9	2.5098189336873846e-7	5.214963385852307e-15	-2.2193729748800622e-14
1.4949388145263502e8	-6.400861970857103e-9	2.4113844965793945e-7	5.167934486465276e-15	-2.5333325119845123e-14
1.4990799192757306e8	-4.278904387318738e-9	2.3001285607004448e-7	5.072135590040252e-15	-2.838199558536622e-14
1.503221024025111e8	-2.2068343682320803e-9	2.176477483732088e-7	4.926939750741241e-15	-3.131577850004194e-14
1.5073621287744915e8	-2.0513522578030768e-10	2.0409554278135998e-7	4.732318174640858e-15	-3.4111437587508683e-14
1.511503233523872e8	1.7058304050254796e-9	1.8941808966250803e-7	4.488889967719835e-15	-3.674668144041128e-14
1.5156443382732525e8	3.5060973670237584e-9	1.7368623843066729e-7	4.197961149517551e-15	-3.920037361569139e-14
1.519785443022633e8	5.17638822171129e-9	1.5697931753657113e-7	3.861550094734403e-15	-4.145273224146575e-14
1.5239265477720135e8	6.698410766884527e-9	1.3938453431449e-7	3.4823968424647546e-15	-4.348551715481375e-14
1.528067652521394e8	8.055155697874986e-9	1.209963002380503e-7	3.0639541807226034e-15	-4.528220271262873e-14
1.5322087572707742e8	9.231186541626612e-9	1.0191548787847496e-7	2.6103590658144404e-15	-4.682813455924572e-14
1.536349862020155e8	1.021291355955364e-8	8.224862653722369e-8	2.1263837481142365e-15	-4.8110668793336936e-14
1.5404909667695352e8	1.098884324442293e-8	6.210704413429476e-8	1.6173669067486412e-15	-4.9119292151036676e-14
1.544632071518916e8	1.1549795366410336e-8	4.160596346762081e-8	1.0891260890087258e-15	-4.9845722010623436e-14
1.5487731762682962e8	1.1889080266034934e-8	2.0863561412707258e-8	5.478537379411882e-16	-5.02839852244667e-14
1.5529142810176766e8	1.2002630229384954e-8	-1.1707628734745674e-21	-3.0774885639268796e-29	-5.0430474994340285e-14
1.5570553857670572e8	1.1889080266034909e-8	-2.0863561412709587e-8	-5.478537379412495e-16	-5.028398522446666e-14
1.5611964905164376e8	1.154979536641025e-8	-4.160596346762458e-8	-1.0891260890088236e-15	-4.984572201062333e-14
1.5653375952658182e8	1.0988843244422856e-8	-6.210704413429705e-8	-1.6173669067486996e-15	-4.911929215103659e-14
1.5694787000151986e8	1.0212913559553476e-8	-8.224862653722733e-8	-2.1263837481143268e-15	-4.811066879333673e-14
1.573619804764579e8	9.23118654162656e-9	-1.0191548787847578e-7	-2.6103590658144585e-15	-4.6828134559245656e-14
1.5777609095139596e8	8.055155697874755e-9	-1.2099630023805372e-7	-3.0639541807226822e-15	-4.528220271262843e-14
1.58190201426334e8	6.698410766884259e-9	-1.393845343144933e-7	-3.4823968424648276e-15	-4.3485517154813396e-14
1.5860431190127206e8	5.176388221710996e-9	-1.5697931753657425e-7	-3.861550094734467e-15	-4.145273224146535e-14
1.590184223762101e8	3.5060973670234425e-9	-1.736862384306702e-7	-4.197961149517607e-15	-3.920037361569096e-14
1.5943253285114813e8	1.7058304050252699e-9	-1.8941808966250977e-7	-4.4888899677198664e-15	-3.674668144041099e-14
1.598466433260862e8	-2.0513522578066362e-10	-2.0409554278136257e-7	-4.7323181746408986e-15	-3.4111437587508185e-14
1.6026075380102423e8	-2.2068343682323073e-9	-2.1764774837321032e-7	-4.926939750741259e-15	-3.131577850004161e-14
1.606748642759623e8	-4.278904387319119e-9	-2.3001285607004662e-7	-5.072135590040274e-15	-2.8381995585365663e-14
1.6108897475090033e8	-6.400861970857501e-9	-2.4113844965794135e-7	-5.167934486465288e-15	-2.533332511984455e-14
1.6150308522583836e8	-8.55236145093025e-9	-2.509818933687395e-7	-5.214963385852311e-15	-2.2193729748800263e-14
1.6191719570077643e8	-1.0713430807833169e-8	-2.595105863208456e-7	-5.214389836565468e-15	-1.898767374732951e-14
1.6233130617571446e8	-1.2864682724222923e-8	-2.6670212298457315e-7	-5.167859505351917e-15	-1.5739894267866853e-14
1.6274541665065253e8	-1.4987499207038735e-8	-2.7254435847795577e-7	-5.077431425775506e-15	-1.2475170838224449e-14
1.6315952712559056e8	-1.7064189340241846e-8	-2.770353784402204e-7	-4.945513347381722e-15	-9.218095388985116e-15
1.635736376005286e8	-1.90781206381802e-8	-2.8018337417305997e-7	-4.774799188425751e-15	-5.9928450813413164e-15
1.6398774807546666e8	-2.1013825216682525e-8	-2.8200642467475075e-7	-4.568210195248628e-15	-2.8229601759175714e-15
1.644018585504047e8	-2.2857082578468714e-8	-2.825321881097804e-7	-4.328841004788055e-15	2.688708699438155e-16
1.6481596902534276e8	-2.4594981223094052e-8	-2.8179750614773075e-7	-4.059911415493397e-15	3.261016963972646e-15
1.652300795002808e8	-2.621596154936931e-8	-2.798479254607422e-7	-3.764724312523398e-15	6.133098583545649e-15
1.6564418997521883e8	-2.770984263566958e-8	-2.7673714148043437e-7	-3.4466298763414964e-15	8.866168723184123e-15
1.660583004501569e8	-2.906783547971151e-8	-2.725263702745062e-7	-3.1089959354655445e-15	1.144287882051927e-14
1.6647241092509493e8	-3.028254517480097e-8	-2.6728365510279403e-7	-2.755184105771132e-15	1.384762804938251e-14
1.66886521400033e8	-3.134796431465787e-8	-2.610831148453428e-7	-2.3885311888185044e-15	1.6066694537865323e-14
1.6730063187497103e8	-3.2259459673073776e-8	-2.5400414205470257e-7	-2.0123351763938063e-15	1.808834725279752e-14
1.677147423499091e8	-3.3013753915307996e-8	-2.4613055886563163e-7	-1.6298451227635205e-15	1.9902937488230344e-14
1.6812885282484713e8	-3.360890378052759e-8	-2.3754973939287443e-7	-1.2442540944493397e-15	2.150296910220808e-14
1.6854296329978517e8	-3.404427584167476e-8	-2.2835170755774777e-7	-8.586943841420852e-16	2.288314686127789e-14
1.6895707377472323e8	-3.4320520611654045e-8	-2.1862821950384785e-7	-4.762341757291766e-16	2.4040402473648885e-14
1.6937118424966127e8	-3.443954543153371e-8	-2.0847183988916425e-7	-9.987486718884078e-17	2.497389811742729e-14
1.6978529472459933e8	-3.440448625491502e-8	-1.9797502137496298e-7	2.674517058238829e-16	2.56850074976574e-14
1.7019940519953737e8	-3.421967813901313e-8	-1.8722919657088839e-7	6.228868525874797e-16	2.6177274692672596e-14
1.706135156744754e8	-3.38906239729483e-8	-1.7632389154125872e-7	9.636500596150437e-16	2.6456351274245145e-14
1.7102762614941347e8	-3.342396072261073e-8	-1.653458697314467e-7	1.2870460398744735e-15	2.6529912404926832e-14
1.714417366243515e8	-3.282742225463462e-8	-1.5437831483777205e-7	1.5904742766303384e-15	2.640755282761175e-14
1.7185584709928957e8	-3.2109797625141357e-8	-1.4350006072321916e-7	1.87144143603225e-15	2.6100663864572816e-14
1.722699575742276e8	-3.1280883587988196e-8	-1.327848759786987e-7	2.127576904095548e-15	2.5622292733997368e-14
1.7268406804916564e8	-3.0351429998589594e-8	-1.223008101506374e-7	2.356651569758131e-15	2.4986985669442806e-14
1.730981785241037e8	-2.93330767694023e-8	-1.1210960800647844e-7	2.5565998263096616e-15	2.4210616489868844e-14
1.7351228899904174e8	-2.8238281078072156e-8	-1.0226619749657255e-7	2.725544599755189e-15	2.3310202413335945e-14
1.739263994739798e8	-2.7080233644539302e-8	-9.28182563014669e-8	2.8618250370165315e-15	2.2303709034633567e-14
1.7434050994891784e8	-2.587276308323049e-8	-8.38058610353955e-8	2.9640263033669014e-15	2.12098464947296e-14
1.7475462042385587e8	-2.4630227602934406e-8	-7.526122231826769e-8	3.0310107530354245e-15	2.0047858956936422e-14
1.7516873089879394e8	-2.3367393669315187e-8	-6.720850803832788e-8	3.061949557287478e-15	1.8837309570192272e-14
1.7558284137373197e8	-2.209930165894693e-8	-5.966375621500156e-8	3.0563537100031316e-15	1.759786314320811e-14
1.7599695184867004e8	-2.0841119010661014e-8	-5.263487794544493e-8	3.014103192748058e-15	1.6349068773986013e-14
1.7641106232360807e8	-1.960798190662975e-8	-4.612174998852905e-8	2.935472981265147e-15	1.5110144677193808e-14
1.768251727985461e8	-1.8414827073773454e-8	-4.011639561564168e-8	2.8211545248938967e-15	1.3899767427076204e-14
1.7723928327348417e8	-1.727621586299798e-8	-3.460325144840919e-8	2.6722713402849493e-15	1.2735867786291232e-14
1.776533937484222e8	-1.620615331259802e-8	-2.9559517118217738e-8	2.4903874393563967e-15	1.1635435221727545e-14
1.7806750422336027e8	-1.521790540329216e-8	-2.4955583730419488e-8	2.2775074637985734e-15	1.0614333117723132e-14
1.784816146982983e8	-1.4323818134914542e-8	-2.0755536305865892e-8	2.0360676251824225e-15	9.687126586069929e-15
1.7889572517323637e8	-1.3535142368757414e-8	-1.6917724612193494e-8	1.7689168462001372e-15	8.86692464189134e-15
1.793098356481744e8	-1.286186855800522e-8	-1.3395396094789145e-8	1.4792878544063926e-15	8.165238366240985e-15
1.7972394612311244e8	-1.2312575510161048e-8	-1.013738397970958e-8	1.17075837907937e-15	7.591856511596345e-15
1.801380565980505e8	-1.1894297176030451e-8	-7.088843054485953e-9	8.472030236203608e-16	7.154739826981335e-15
1.8055216707298854e8	-1.1612411135333252e-8	-4.192025143461787e-9	5.127368057757312e-16	6.859935187068936e-15
1.809662775479266e8	-1.1470551955577221e-8	-1.3870858870241841e-9	1.716517495883407e-16	6.711510406235857e-15
1.8138038802286464e8	-1.1470551955577236e-8	1.387085887024679e-9	-1.7165174958840166e-16	6.711510406235866e-15
1.8179449849780267e8	-1.1612411135333275e-8	4.19202514346209e-9	-5.127368057757677e-16	6.859935187068958e-15
1.8220860897274074e8	-1.1894297176030539e-8	7.088843054486691e-9	-8.472030236204426e-16	7.154739826981425e-15
1.8262271944767877e8	-1.2312575510161098e-8	1.0137383979709928e-8	-1.170758379079404e-15	7.591856511596408e-15
1.8303682992261684e8	-1.2861868558005371e-8	1.3395396094789985e-8	-1.4792878544064668e-15	8.16523836624114e-15
1.8345094039755487e8	-1.3535142368757545e-8	1.6917724612194152e-8	-1.7689168462001871e-15	8.866924641891476e-15
1.838650508724929e8	-1.4323818134914694e-8	2.0755536305866607e-8	-2.0360676251824683e-15	9.687126586070082e-15
1.8427916134743097e8	-1.5217905403292325e-8	2.495558373042026e-8	-2.277507463798613e-15	1.0614333117723304e-14
1.84693271822369e8	-1.6206153312598206e-8	2.9559517118218595e-8	-2.490387439356433e-15	1.1635435221727731e-14
1.8510738229730707e8	-1.7276215862998176e-8	3.4603251448410136e-8	-2.6722713402849785e-15	1.2735867786291434e-14
1.855214927722451e8	-1.8414827073773662e-8	4.0116395615642694e-8	-2.82115452489392e-15	1.3899767427076412e-14
1.8593560324718314e8	-1.960798190662987e-8	4.612174998852972e-8	-2.9354729812651568e-15	1.5110144677193937e-14
1.863497137221212e8	-2.0841119010661325e-8	5.263487794544661e-8	-3.0141031927480743e-15	1.6349068773986325e-14
1.8676382419705924e8	-2.209930165894707e-8	5.966375621500236e-8	-3.0563537100031347e-15	1.7597863143208242e-14
1.871779346719973e8	-2.33673936693155e-8	6.72085080383298e-8	-3.061949557287475e-15	1.8837309570192578e-14
1.8759204514693534e8	-2.463022760293454e-8	7.526122231826857e-8	-3.031010753035419e-15	2.004785895693655e-14
1.8800615562187338e8	-2.5872763083230708e-8	8.380586103539706e-8	-2.9640263033668868e-15	2.1209846494729804e-14
1.8842026609681144e8	-2.7080233644539514e-8	9.281825630146852e-8	-2.8618250370165106e-15	2.230370903463375e-14
1.8883437657174948e8	-2.8238281078072358e-8	1.0226619749657428e-7	-2.725544599755162e-15	2.3310202413336115e-14
1.8924848704668754e8	-2.933307676940249e-8	1.1210960800648026e-7	-2.5565998263096292e-15	2.4210616489868992e-14
1.8966259752162558e8	-3.035142999858969e-8	1.223008101506385e-7	-2.356651569758108e-15	2.4986985669442882e-14
1.900767079965636e8	-3.128088358798829e-8	1.3278487597869983e-7	-2.1275769040955208e-15	2.562229273399742e-14
1.9049081847150168e8	-3.2109797625141496e-8	1.4350006072322107e-7	-1.871441436032202e-15	2.610066386457288e-14
1.909049289464397e8	-3.282742225463469e-8	1.5437831483777322e-7	-1.5904742766303073e-15	2.6407552827611773e-14
1.9131903942137778e8	-3.3423960722610824e-8	1.6534586973144866e-7	-1.2870460398744177e-15	2.6529912404926832e-14
1.917331498963158e8	-3.389062397294837e-8	1.7632389154126068e-7	-9.636500596149836e-16	2.6456351274245114e-14
1.9214726037125385e8	-3.421967813901316e-8	1.8722919657088955e-7	-6.22886852587442e-16	2.6177274692672552e-14
1.925613708461919e8	-3.4404486254915046e-8	1.9797502137496562e-7	-2.6745170582379317e-16	2.568500749765725e-14
1.9297548132112995e8	-3.4439545431533707e-8	2.0847183988916528e-7	9.987486718888055e-17	2.4973898117427195e-14
1.93389591796068e8	-3.432052061165399e-8	2.1862821950385034e-7	4.762341757292708e-16	2.4040402473648623e-14
1.9380370227100605e8	-3.4044275841674725e-8	2.283517075577488e-7	8.586943841421267e-16	2.288314686127775e-14
1.942178127459441e8	-3.360890378052746e-8	2.3754973939287666e-7	1.2442540944494357e-15	2.1502969102207714e-14
1.9463192322088215e8	-3.3013753915307883e-8	2.461305588656331e-7	1.6298451227635891e-15	1.990293748823004e-14
1.9504603369582018e8	-3.225945967307363e-8	2.540041420547039e-7	2.012335176393874e-15	1.808834725279718e-14
1.9546014417075825e8	-3.1347964314657684e-8	2.61083114845344e-7	2.3885311888185707e-15	1.6066694537864948e-14
1.9587425464569628e8	-3.0282545174800764e-8	2.672836551027951e-7	2.755184105771196e-15	1.3847628049382098e-14
1.9628836512063435e8	-2.906783547971128e-8	2.7252637027450705e-7	3.1089959354656056e-15	1.1442878820518825e-14
1.9670247559557238e8	-2.7709842635669322e-8	2.7673714148043495e-7	3.446629876341554e-15	8.866168723183648e-15
1.9711658607051042e8	-2.6215961549369144e-8	2.798479254607424e-7	3.764724312523431e-15	6.133098583545351e-15
1.9753069654544848e8	-2.4594981223093635e-8	2.8179750614773107e-7	4.059911415493467e-15	3.261016963971917e-15
1.9794480702038652e8	-2.2857082578468516e-8	2.825321881097804e-7	4.328841004788083e-15	2.6887086994349045e-16
1.9835891749532458e8	-2.1013825216682062e-8	2.8200642467475044e-7	4.568210195248683e-15	-2.8229601759183497e-15
1.9877302797026262e8	-1.9078120638179986e-8	2.801833741730597e-7	4.77479918842577e-15	-5.992845081341661e-15
1.9918713844520065e8	-1.7064189340241624e-8	2.7703537844022003e-7	4.945513347381737e-15	-9.218095388985466e-15
1.9960124892013872e8	-1.4987499207038365e-8	2.7254435847795487e-7	5.077431425775526e-15	-1.2475170838225031e-14
2.0001535939507675e8	-1.2864682724222695e-8	2.6670212298457246e-7	5.167859505351926e-15	-1.5739894267867204e-14
2.0042946987001482e8	-1.0713430807832631e-8	2.595105863208436e-7	5.214389836565474e-15	-1.8987673747330315e-14
2.0084358034495285e8	-8.55236145093002e-9	2.509818933687385e-7	5.214963385852308e-15	-2.21937297488006e-14
2.012576908198909e8	-6.400861970857113e-9	2.411384496579395e-7	5.167934486465276e-15	-2.5333325119845107e-14
2.0167180129482895e8	-4.278904387318745e-9	2.3001285607004453e-7	5.072135590040253e-15	-2.8381995585366203e-14
2.02085911769767e8	-2.2068343682319467e-9	2.17647748373208e-7	4.926939750741231e-15	-3.131577850004213e-14
2.0250002224470505e8	-2.0513522578031758e-10	2.0409554278136006e-7	4.73231817464086e-15	-3.411143758750867e-14
2.029141327196431e8	1.7058304050256039e-9	1.8941808966250702e-7	4.488889967719818e-15	-3.674668144041145e-14
2.0332824319458112e8	3.5060973670236277e-9	1.7368623843066848e-7	4.1979611495175736e-15	-3.9200373615691215e-14
2.037423536695192e8	5.176388221711396e-9	1.5697931753657002e-7	3.861550094734378e-15	-4.1452732241465896e-14
2.0415646414445722e8	6.6984107668844165e-9	1.3938453431449137e-7	3.482396842464785e-15	-4.348551715481361e-14
2.045705746193953e8	8.05515569787507e-9	1.2099630023804906e-7	3.063954180722574e-15	-4.528220271262884e-14
2.0498468509433332e8	9.23118654162668e-9	1.0191548787847369e-7	2.6103590658144084e-15	-4.682813455924581e-14
2.053987955692714e8	1.0212913559553698e-8	8.224862653722237e-8	2.1263837481142033e-15	-4.811066879333701e-14
2.0581290604420942e8	1.0988843244422972e-8	6.210704413429341e-8	1.6173669067486069e-15	-4.911929215103673e-14
2.0622701651914746e8	1.1549795366410335e-8	4.160596346762091e-8	1.0891260890087282e-15	-4.984572201062343e-14
2.0664112699408552e8	1.1889080266034952e-8	2.0863561412705888e-8	5.4785373794115255e-16	-5.0283985224466714e-14
2.0705523746902356e8	1.2002630229384954e-8	-2.5450472318188845e-21	-6.689957401306781e-29	-5.0430474994340285e-14