0	0.6225018907922314
250000	0.6158098598683641
500000	0.6092073771558741
750000	0.602699810064763
1000000	0.5962925551130789
1250000	0.5899910973801984
1500000	0.5838008548197471
1750000	0.5777273160799994
2000000	0.5717761335342701
2250000	0.5659528379809273
2500000	0.5602627715519171
2750000	0.5547111485353812
3000000	0.5493036807925328
3250000	0.5440460490410847
3500000	0.5389437436715756
3750000	0.5340020279454826
4000000	0.5292259070284183
4250000	0.5246201029231968
4500000	0.5201891798411727
4750000	0.5159381212400024
5000000	0.511871859567078
5250000	0.5079950341762927
5500000	0.504311962016497
5750000	0.5008266134770527
6000000	0.4975425932027785
6250000	0.4944631256655656
6500000	0.49159104523787633
6750000	0.48892893860613557
7000000	0.4864795395539338
7250000	0.48424517168035885
7500000	0.4822277511564742
7750000	0.4804287838086963
8000000	0.47884935823812497
8250000	0.4774901431186537
8500000	0.47635138849207376
8750000	0.47543293085011273
9000000	0.4747342017667774
9250000	0.4742542398198127
9500000	0.4739917055180382
9750000	0.4739450951206098
10000000	0.4741129659358866
10250000	0.47449273631312716
10500000	0.4750814729909058
10750000	0.47587598610136156
11000000	0.47687284752065157
11250000	0.4780684105116116
11500000	0.4794588303784371
11750000	0.4810400858543431
12000000	0.4828080009496056
12250000	0.48475826699870017
12500000	0.48688646466060903
12750000	0.4891880856452197
13000000	0.49165855396010255
13250000	0.4942932852580737
13500000	0.49708802441571387
13750000	0.5000374329736245
14000000	0.50313593278559
14250000	0.506378063971768
14500000	0.5097584915561583
14750000	0.5132720110584382
15000000	0.5169135530838445
15250000	0.520678186958759
15500000	0.5245611234623666
15750000	0.5285577167061842
16000000	0.5326634652135576
16250000	0.536874012250409
16500000	0.5411851454567514
16750000	0.5455927958258013
17000000	0.5500930360740955
17250000	0.5546820784418741
17500000	0.5593563316534333
17750000	0.564111988382728
18000000	0.5689447633223726
18250000	0.573850576660372
18500000	0.5788255716433348
18750000	0.5838661025106139
19000000	0.5889687227693272
19250000	0.594130173811286
19500000	0.5993473738659058
19750000	0.6046174072769548
20000000	0.6099375140853535
20250000	0.6153050798951347
20500000	0.6207176259949614
20750000	0.6261727997031751
21000000	0.6316683649001698
21250000	0.6372021927077852
21500000	0.642772252271364
21750000	0.6483766015959986
22000000	0.6540133782023604
22250000	0.6596806475476119
22500000	0.665376239735621
22750000	0.6710980624841592
23000000	0.6768441306336185
23250000	0.6826125573723757
23500000	0.6884015461091941
23750000	0.6942093829438816
24000000	0.7000344296902229
24250000	0.7058751174077985
24500000	0.7117299404016761
24750000	0.7175974506511139
25000000	0.7234762526303474
25250000	0.729364998486245
25500000	0.7352623835390989
25750000	0.7411671420741094
26000000	0.74707804339218
26250000	0.752993888089511
26500000	0.7589135045361668
26750000	0.7648357455242888
27000000	0.7707594850569827
27250000	0.7766836175722516
27500000	0.7826070558631028
27750000	0.7885286002638041
28000000	0.7944469868362601
28250000	0.8003609101493586
28500000	0.8062690256221705
28750000	0.8121699528584843
29000000	0.8180622800367822
29250000	0.8239445694178027
29500000	0.8298153640271849
29750000	0.8356731955629252
30000000	0.8415165935660237
30250000	0.847344095877336
30500000	0.8531542603838426
30750000	0.8589456780329907
31000000	0.8647169870642002
31250000	0.870466888371999
31500000	0.8761941618756743
31750000	0.8818976837261701
32000000	0.8875764441329262
32250000	0.8932295655424244
32500000	0.8988563208478436
32750000	0.9044561512571831
33000000	0.9100287589778909
33250000	0.9155729392932905
33500000	0.9210866512670572
33750000	0.9265677363044923
34000000	0.9320139461087342
34250000	0.9374229711136459
34500000	0.9427924711096001
34750000	0.9481201076109477
35000000	0.953403577411971
35250000	0.9586406466870707
35500000	0.9638291849165567
35750000	0.968967197867091
36000000	0.9740528588301723
36250000	0.979084537326494
36500000	0.9840608245204128
36750000	0.9889805546571716
37000000	0.9938428219339774
37250000	0.9986469923407456
37500000	1.0033927101516227
37750000	1.0080798989074133
38000000	1.0127087568938677
38250000	1.0172796557924157
38500000	1.021790823846575
38750000	1.0262390758298914
39000000	1.0306214170450043
39250000	1.034934916077207
39500000	1.0391767373865892
39750000	1.04334416963939
40000000	1.0474346494913997
40250000	1.0514457806815642
40500000	1.055375348430847
40750000	1.0592213292650134
41000000	1.0629818964864155
41250000	1.0666554216067792
41500000	1.0702404721192704
41750000	1.0737358060338287
42000000	1.0771403636259236
42250000	1.0804532568573701
42500000	1.0836737569209334
42750000	1.0868012803408416
43000000	1.0898353740317637
43250000	1.0927756996819973
43500000	1.095622017785068
43750000	1.0983741715999416
44000000	1.1010310506477117
44250000	1.1035874085274056
44500000	1.106041400836076
44750000	1.1083917778060235
45000000	1.1106373483779874
45250000	1.11277697856958
45500000	1.1148095890396017
45750000	1.1167341519841911
46000000	1.118549687487317
46250000	1.1202552594347046
46500000	1.1218499710872352
46750000	1.1233329603974467
47000000	1.1247033951410725
47250000	1.1259604679247315
47500000	1.1271033911209798
47750000	1.128131391772953
48000000	1.12904370650275
48250000	1.1298395764505453
48500000	1.1305182422650661
48750000	1.1310789391605176
49000000	1.1315208920502187
49250000	1.1318433107630321
49500000	1.1320453853451082
49750000	1.132126281446444
50000000	1.132084777348794
50250000	1.1319168088882159
50500000	1.1316223087641035
50750000	1.131202278401332
51000000	1.1306576273813835
51250000	1.129989177086099
51500000	1.1291976640681587
51750000	1.1282837431556598
52000000	1.1272479902994577
52250000	1.126090905172895
52500000	1.1248129135343006
52750000	1.1234143693631933
53000000	1.1218955567815707
53250000	1.1202566917720056
53500000	1.1184979237045871
53750000	1.1166193366850348
54000000	1.114620950736626
54250000	1.1125027228289583
54500000	1.110264547767
54750000	1.1079062589544586
55000000	1.10542762904619
55250000	1.1028283705052524
55500000	1.100108136081298
55750000	1.0972665192283269
56000000	1.094303054481466
56250000	1.091217217814413
56500000	1.0880084270015562
56750000	1.0846761007621608
57000000	1.0812211105985594
57250000	1.0776454821937957
57500000	1.0739511346113035
57750000	1.0701399051890776
58000000	1.066213554122609
58250000	1.0621737687312447
58500000	1.0580221674406676
58750000	1.0537603035125462
59000000	1.049389668551167
59250000	1.0449116958159423
59500000	1.040327763368155
59750000	1.0356391970801084
60000000	1.030847273535024
60250000	1.025953222846565
60500000	1.0209582314278165
60750000	1.015863444740873
61000000	1.0106699700599795
61250000	1.0053788792834206
61500000	0.9999912118321034
61750000	0.9945079776761011
62000000	0.9889301605343401
62250000	0.9832587212971898
62500000	0.97749460172703
62750000	0.9716387284979612
63000000	0.965692017642813
63250000	0.9596553884701162
63500000	0.9535325606554004
63750000	0.9473274191297008
64000000	0.9410419847350169
64250000	0.9346783253049716
64500000	0.9282385606282261
64750000	0.921724867172772
65000000	0.9151394825220919
65250000	0.9084847094646991
65500000	0.9017629196685293
65750000	0.8949765568611101
66000000	0.888128139425524
66250000	0.8812202623110654
66500000	0.8742555981464211
66750000	0.867236897432518
67000000	0.8601669876822541
67250000	0.8530487713657346
67500000	0.8458852225129594
67750000	0.8386793818219298
68000000	0.8314343501197531
68250000	0.8241532800285003
68500000	0.8168393656974842
68750000	0.8094958304804482
69000000	0.8021259124612057
69250000	0.7947328477658233
69500000	0.7873198516447145
69750000	0.7798900973651389
70000000	0.7724466930243108
70250000	0.7649926564761413
70500000	0.7575321190424747
70750000	0.7500702201074402
71000000	0.7426099057577753
71250000	0.7351543930492226
71500000	0.7277072324697442
71750000	0.7202723010853946
72000000	0.7128537903646248
72250000	0.7054561883028904
72500000	0.6980842556018938
72750000	0.6907429958227379
73000000	0.683437619626819
73250000	0.6761735034369654
73500000	0.6689561430861092
73750000	0.6617911032612316
74000000	0.6546839637839181
74250000	0.6476402639818506
74500000	0.6406654465837011
74750000	0.6337648026997174
75000000	0.6269434195202123
75250000	0.6202061323657204
75500000	0.6135574826513
75750000	0.6070016831836345
76000000	0.6005425919985156
76250000	0.5941836956779779
76500000	0.587928102774984
76750000	0.5817786404329015
77000000	0.5757418521384103
77250000	0.5698249346629204
77500000	0.5640340298884465
77750000	0.558375431007321
78000000	0.5528555143026146
78250000	0.5474806724202858
78500000	0.5422572503219129
78750000	0.5371914849391092
79000000	0.5322894493654496
79250000	0.5275570022291778
79500000	0.5229997426993178
79750000	0.5186229713969575
80000000	0.514431657318581
80250000	0.5104304107338032
80500000	0.5066234618983136
80750000	0.5030146453252764
81000000	0.499607389284523
81250000	0.49640471014709775
81500000	0.493409211160817
81750000	0.49062308522774367
82000000	0.4880481212537561
82250000	0.4856857136507554
82500000	0.4835368745905561
82750000	0.4816022486335886
83000000	0.47988212938294866
83250000	0.47837694154608645
83500000	0.47709278562148444
83750000	0.4760311689633382
84000000	0.4751912297157405
84250000	0.47457177623336744
84500000	0.4741712909281065
84750000	0.4739879368750035
85000000	0.47401956702819087
85250000	0.47426373586372833
85500000	0.47471771323669987
85750000	0.47537850021519545
86000000	0.4762428466344742
86250000	0.4773072701010191
86500000	0.4785680761684551
86750000	0.48002137940536016
87000000	0.48166312507857356
87250000	0.48348911118424653
87500000	0.48549501057203065
87750000	0.4876763929247237
88000000	0.4900287463756843
88250000	0.4925474985685468
88500000	0.495228036987472
88750000	0.4980657284105589
89000000	0.5010559373634663
89250000	0.5041940434740926
89500000	0.5074754576518371
89750000	0.5108956370360471
90000000	0.5144501970209473
90250000	0.5181363360111737
90500000	0.5219487676952695
90750000	0.5258813968112706
91000000	0.5299284057491719
91250000	0.5340842463623416
91500000	0.538343631353359
91750000	0.5427015253387646
92000000	0.5471531356843898
92250000	0.5516939031906758
92500000	0.5563194926957189
92750000	0.5610257836528119
93000000	0.5658088607289824
93250000	0.5706650044614983
93500000	0.575590682000453
93750000	0.5805825379573882
94000000	0.5856373853723431
94250000	0.5907521968047484
94500000	0.5959240955470753
94750000	0.6011503469540949
95000000	0.6064283498748795
95250000	0.6117556281692342
95500000	0.6171298222849874
95750000	0.6225486808674133
96000000	0.6280100523669313
96250000	0.633511876606027
96500000	0.6390521762609813
96750000	0.6446290482084057
97000000	0.6502406546806325
97250000	0.6558852141676417
97500000	0.6615609377807018
97750000	0.667265145235333
98000000	0.6729954736017806
98250000	0.6787499114092718
98500000	0.6845265406204858
98750000	0.6903235280730529
99000000	0.6961391176534483
99250000	0.701971623157691
99500000	0.7078194217975549
99750000	0.7136809483150215
100000000	0.7195546896714535
100250000	0.7254391802814487
100500000	0.7313329977645308
100750000	0.7372347591907621
101000000	0.743143117799006
101250000	0.7490567601689146
101500000	0.754974403829766
101750000	0.7608947952909879
102000000	0.7668167084805867
102250000	0.7727389435786899
102500000	0.7786603262340032
102750000	0.7845797071511117
103000000	0.7904959620362033
103250000	0.7964079918878693
103500000	0.8023147236181347
103750000	0.8082151109866784
104000000	0.8141081358282973
104250000	0.8199928095499749
104500000	0.8258682784657461
104750000	0.8317343290755299
105000000	0.8375900328868519
105250000	0.84343417191714
105500000	0.8492653911605781
105750000	0.8550822038945424
106000000	0.8608829987053417
106250000	0.866666048397866
106500000	0.8724295209368939
106750000	0.8781714925428669
107000000	0.8838899630310538
107250000	0.8895828734396782
107500000	0.8952481259395065
107750000	0.900883605954829
108000000	0.9064872063544626
108250000	0.9120568534927357
108500000	0.9175905347964378
108750000	0.923086327507225
109000000	0.9285424281033359
109250000	0.9339571818437918
109500000	0.9393291118069091
109750000	0.9446569467376312
110000000	0.9499396469795037
110250000	0.9551764277511905
110500000	0.9603667790377914
110750000	0.9655104814061617
111000000	0.9706076171219379
111250000	0.9756585760433728
111500000	0.9806640558909624
111750000	0.9856250566380311
112000000	0.9905408836433474
112250000	0.9954073377631526
112500000	1.0002213941519433
112750000	1.0049799901567793
113000000	1.0096800451456993
113250000	1.0143185026886965
113500000	1.0188923703712824
113750000	1.023398756445258
114000000	1.0278349026390774
114250000	1.0321982125887323
114500000	1.0364862755017799
114750000	1.0406968848241025
115000000	1.0448280518336284
115250000	1.0488780142306835
115500000	1.0528452399251522
115750000	1.0567284263318801
116000000	1.0605264955748945
116250000	1.0642385860667312
116500000	1.0678640409714784
116750000	1.0714023940803068
117000000	1.0748533536284186
117250000	1.0782167845653128
117500000	1.0814926897592412
117750000	1.0846811905750535
118000000	1.0877825072155332
118250000	1.0907965621751563
118500000	1.0937170945684354
118750000	1.0965405467032991
119000000	1.0992653689427214
119250000	1.101890083103992
119500000	1.1044132837113567
119750000	1.1068336378501715
120000000	1.1091498838166756
120250000	1.1113608287453478
120500000	1.1134653453818997
120750000	1.1154623681550073
121000000	1.1173508886844974
121250000	1.11912995084835
121500000	1.1207986455159227
121750000	1.122356105040534
122000000	1.123801497591135
122250000	1.1251340213903698
122500000	1.1263528989149572
122750000	1.1274573711040525
123000000	1.1284466916120148
123250000	1.1293201211338182
123500000	1.1300769218241595
123750000	1.1307163518250043
124000000	1.1312376599108898
124250000	1.1316400802566144
124500000	1.131922827327987
124750000	1.1320850908929363
125000000	1.132126031147492
125250000	1.1320443247748033
125500000	1.1318351563116364
125750000	1.131498426801003
126000000	1.1310352932154588
126250000	1.1304468145010902
126500000	1.1297339556906938
126750000	1.1288975917181048
127000000	1.1279385109427043
127250000	1.1268574183943456
127500000	1.1256549387498367
127750000	1.1243316190527877
128000000	1.1228879311890956
128250000	1.1213242741307068
128500000	1.1196409759605448
128750000	1.1178382956917163
129000000	1.1159164248943165
129250000	1.1138754891433709
129500000	1.1117155493017368
129750000	1.109436602652138
130000000	1.1070385838929677
130250000	1.1045213660130964
130500000	1.101884761061692
130750000	1.099128520830021
131000000	1.0962523374634137
131250000	1.09325584402306
131500000	1.0901386150191188
131750000	1.0869001669388145
132000000	1.0835399587958405
132250000	1.0800573927305352
132500000	1.0764519587367587
132750000	1.0727250482609434
133000000	1.0688788654897559
133250000	1.0649154589660808
133500000	1.060836801640848
133750000	1.0566447956351621
134000000	1.0523412766803208
134250000	1.0479280182675192
134500000	1.0434067355370984
134750000	1.0387790889355717
135000000	1.034046687667414
135250000	1.0292110929676623
135500000	1.024273821220746
135750000	1.0192363469506882
136000000	1.0141001057078198
136250000	1.0088664968775112
136500000	1.0035368864371035
136750000	0.9981126096882601
137000000	0.9925949739933705
137250000	0.9869852615464356
137500000	0.9812847322110949
137750000	0.9754946264611272
138000000	0.969616168461926
138250000	0.963650569335139
138500000	0.957599030652912
138750000	0.9514627482130499
139000000	0.9452429161519097
139250000	0.9389407314580444
139500000	0.9325573989565455
139750000	0.9260947589283091
140000000	0.9195593479505038
140250000	0.912954119911904
140500000	0.9062810130082408
140750000	0.899542057269003
141000000	0.8927393806729873
141250000	0.8858752149353128
141500000	0.8789519008602392
141750000	0.8719718931375429
142000000	0.8649377644429403
142250000	0.8578522086854996
142500000	0.8507180432276077
142750000	0.843538209886461
143000000	0.836315774511034
143250000	0.8290539249159765
143500000	0.8217559669450555
143750000	0.8144253184329259
144000000	0.8070655008366642
144250000	0.7996801283193281
144500000	0.7922728940885289
144750000	0.7848475538254649
145000000	0.7774079060857719
145250000	0.7699577696144517
145500000	0.7625009575942958
145750000	0.7550412489412678
146000000	0.7475823568712578
146250000	0.7401278950895109
146500000	0.7326813420947309
146750000	0.7252460042410176
147000000	0.7178249783575289
147250000	0.710421339343838
147500000	0.7030405865165551
147750000	0.6956868326053682
148000000	0.6883638527134602
148250000	0.681075830501052
148500000	0.6738273382948449
148750000	0.6666233099605254
149000000	0.659469006611044
149250000	0.6523699754751935
149500000	0.6453320025151508
149750000	0.638361059644979
150000000	0.6314632476499185
150250000	0.6246447361236421
150500000	0.6179117019130703
150750000	0.6112702676755292
151000000	0.6047264422016891
151250000	0.5982860641346872
151500000	0.5919547506205343
151750000	0.5857378522617076
152000000	0.5796404155235606
152250000	0.5736671534745673
152500000	0.5678224254420506
152750000	0.5621102258518098
153000000	0.5565341822102121
153250000	0.5510975618966465
153500000	0.5458032871764029
153750000	0.5406539576294004
154000000	0.5356556172209146
154250000	0.5308177345901988
154500000	0.5261460496873087
154750000	0.5216462117410997
155000000	0.5173237481483229
155250000	0.513184010869721
155500000	0.5092321273615351
155750000	0.5054729563497453
156000000	0.5019110486417643
156250000	0.4985506130728224
156500000	0.49539548760192303
156750000	0.49244911550413534
157000000	0.48971452655073777
157250000	0.487194323024573
157500000	0.48489067038303646
157750000	0.4828052923536091
158000000	0.48093947022500777
158250000	0.47929404607958265
158500000	0.477869429698302
158750000	0.4766656088578519
159000000	0.47568216272956
159250000	0.47491827808176695
159500000	0.4743727679810315
159750000	0.474044092683256
160000000	0.4739303824037922
160250000	0.4740294616560708
160500000	0.4743388748516274
160750000	0.47485718447623987
161000000	0.47558661117064605
161250000	0.476523389646447
161500000	0.4776628874068707
161750000	0.4790003617278518
162000000	0.4805309768838174
162250000	0.4822498213269173
162500000	0.4841519246765802
162750000	0.4862322743821481
163000000	0.4884858319303961
163250000	0.49090754848129214
163500000	0.49349237982868605
163750000	0.4962353005971761
164000000	0.49913131760143153
164250000	0.5021754823094332
164500000	0.5053629023657552
164750000	0.5086887521449742
165000000	0.5121482823181296
165250000	0.5157368284267048
165500000	0.5194498184687112
165750000	0.5232827795100049
166000000	0.5272313433409689
166250000	0.5312912512040895
166500000	0.5354583576218392
166750000	0.5397286333567012
167000000	0.5440981675361553
167250000	0.5485631689751768
167500000	0.5531199667272697
167750000	0.5577650283350102
168000000	0.5624950685125296
168250000	0.5673056220662808
168500000	0.5721920724367834
168750000	0.5771500729813127
169000000	0.5821755314279231
169250000	0.58726459498076
169500000	0.5924136360728461
169750000	0.5976192387553648
170000000	0.6028781857063779
170250000	0.608187445836761
170500000	0.6135441624668105
170750000	0.6189456420433067
171000000	0.6243893433637204
171250000	0.6298728672716017
171500000	0.6353939467848887
171750000	0.6409504376168276
172000000	0.6465403090473352
172250000	0.6521616351008496
172500000	0.6578125859849794
172750000	0.6634914197424693
173000000	0.6691964740671313
173250000	0.6749261582323587
173500000	0.680678945078628
173750000	0.6864533630039319
174000000	0.6922479878983635
174250000	0.6980614349610269
174500000	0.7038923503340707
174750000	0.7097394024849174
175000000	0.715601273263643
175250000	0.7214765917840666
175500000	0.7273633853265546
175750000	0.7332601323133493
176000000	0.7391654974062923
176250000	0.7450781463329409
176500000	0.7509967424004185
176750000	0.7569199436711017
177000000	0.7628464008111056
177250000	0.7687747556279018
177500000	0.7747036403182362
177750000	0.7806316774517166
178000000	0.7865574807189216
178250000	0.7924796564754312
178500000	0.7983968061146771
178750000	0.8043075293026971
179000000	0.8102104281065461
179250000	0.8161041120449893
179500000	0.8219872040849048
179750000	0.8278583475992347
180000000	0.8337162142920848
180250000	0.8395595130833298
180500000	0.845386999928624
180750000	0.8511974885307818
181000000	0.8569898618749493
181250000	0.8627630844927959
181500000	0.8685162153301917
181750000	0.8742484210587763
182000000	0.8799589896349533
182250000	0.8856473438708578
182500000	0.8913131087352479
182750000	0.8969566197535637
183000000	0.9025767176005437
183250000	0.9081715754694932
183500000	0.9137391831711528
183750000	0.919277366481604
184000000	0.9247838097084569
184250000	0.9302560813982286
184500000	0.9356916630011204
184750000	0.9410879801955011
185000000	0.9464424364576491
185250000	0.9517524483479831
185500000	0.9570154818789961
185750000	0.9622290892385933
186000000	0.9673909450715377
186250000	0.972498881476768
186500000	0.9775509208638267
186750000	0.9825453058305382
187000000	0.9874805252774503
187250000	0.9923553360615176
187500000	0.9971687796089785
187750000	1.0019201930503614
188000000	1.0066092146023324
188250000	1.0112357830937693
188500000	1.0158001317083964
188750000	1.0203027761850183
189000000	1.0247444978706937
189250000	1.0291263221553413
189500000	1.0334488107971993
189750000	1.037706689505229
190000000	1.0418961036906225
190250000	1.0460140572227887
190500000	1.0500576247236264
190750000	1.0540239798417206
191000000	1.0579104190692226
191250000	1.0617143810493646
191500000	1.0654334614411303
191750000	1.069065423509931
192000000	1.0726082046973437
192250000	1.0760599194883285
192500000	1.0794188589410796
192750000	1.0826834872738322
193000000	1.085852435916221
193250000	1.0889244954322175
193500000	1.0918986057095565
193750000	1.0947738447892892
194000000	1.0975494166809239
194250000	1.1002246384757375
194500000	1.1027989270350962
194750000	1.1052717854937257
195000000	1.1076427897811263
195250000	1.1099115753288191
195500000	1.1120778240976315
195750000	1.114141252028371
196000000	1.1161015969912893
196250000	1.1179540376151174
196500000	1.1196936603433587
196750000	1.1213201507815282
197000000	1.1228331877264648
197250000	1.1242324425571555
197500000	1.125517578457632
197750000	1.1266882494543728
198000000	1.1277440992889265
198250000	1.1286847601443974
198500000	1.12950985124247
198750000	1.130218977325716
199000000	1.130811727038172
199250000	1.1312876712154836
199500000	1.131646361094391
199750000	1.131887326449891
200000000	1.1320100736671397
200250000	1.1320140837539832
200500000	1.1318988102989593
200750000	1.131663677378691
201000000	1.1313080774177655
201250000	1.1308313690035048
201500000	1.1302328746574224
201750000	1.129511878564685
202000000	1.1286676242625129
202250000	1.12769931228818
202500000	1.1266060977871293
202750000	1.125387088081671
203000000	1.1240413402008358
203250000	1.1225667111842923
203500000	1.1209610896187174
203750000	1.11922620277377
204000000	1.1173637913329586
204250000	1.1153754848069373
204500000	1.1132628069568202
204750000	1.1110271807947179
205000000	1.1086699331933088
205250000	1.1061922991345523
205500000	1.1035954256261395
205750000	1.1008803753129572
206000000	1.0980481298097342
206250000	1.09509959278013
206500000	1.092035592786849
206750000	1.088856885936905
207000000	1.0855641583459479
207250000	1.0821580284456116
207500000	1.0786390491581601
207750000	1.0750077099633268
208000000	1.0712644388831865
208250000	1.0674096044121997
208500000	1.063443517421269
208750000	1.0593664330667831
209000000	1.055178552738263
209250000	1.0508800260814204
209500000	1.0464709531372531
209750000	1.0419513866423695
210000000	1.0373213345410712
210250000	1.032580762766043
210500000	1.0277295983518642
210750000	1.0227677496864873
211000000	1.0176983435051534
211250000	1.0125252324890346
211500000	1.0072505002118002
211750000	1.0018762071916116
212000000	0.9964043953111403
212250000	0.9908370920221886
212500000	0.9851763143448552
212750000	0.9794240726682658
213000000	0.9735823743570297
213250000	0.9676532271647106
213500000	0.9616386424527228
213750000	0.9555406382101583
214000000	0.9493612418670972
214250000	0.9431024928909681
214500000	0.9367664451524774
214750000	0.9303551690445704
215000000	0.923870753334793
215250000	0.9173153067283806
215500000	0.9106909591163976
215750000	0.9039998624804154
216000000	0.8972441914225892
216250000	0.8904261432877068
216500000	0.8835479378419893
216750000	0.8766118164722667
217000000	0.8696200408688828
217250000	0.8625748911565201
217500000	0.8554786634394143
217750000	0.8483336667314444
218000000	0.8411432320904206
218250000	0.8339142362430608
218500000	0.8266491821607439
218750000	0.8193501484930592
219000000	0.8120194348330649
219250000	0.8046595696927508
219500000	0.7972733168892072
219750000	0.7898636799548083
220000000	0.7824339041596288
220250000	0.774987475718015
220500000	0.7675281177467129
220750000	0.7600597825523815
221000000	0.7525866398549318
221250000	0.745113060603009
221500000	0.7376435961117054
221750000	0.73018295235221
222000000	0.7227359593494196
222250000	0.715307535796004
222500000	0.7079026491677676
222750000	0.7005262718210682
223000000	0.6931833337621578
223250000	0.6858786729919648
223500000	0.6786169845376093
223750000	0.6714027694717497
224000000	0.664240285379927
224250000	0.6571334998515278
224500000	0.6500860486301573
224750000	0.6431012000545153
225000000	0.6361818273450602
225250000	0.62933039014268
225500000	0.6225517016478124
225750000	0.6158530696376515
226000000	0.609239909273419
226250000	0.6027179798298355
226500000	0.5962933328568508
226750000	0.589972249049267
227000000	0.5837611724363942
227250000	0.5776666434475642
227500000	0.5716952324033152
227750000	0.5658534749143868
228000000	0.5601478105473876
228250000	0.554584525946111
228500000	0.5491697033922607
228750000	0.5439091755613773
229000000	0.5388084869917764
229250000	0.5338728625485923
229500000	0.5291071829422498
229750000	0.5245159671597986
230000000	0.5201033614949561
230250000	0.5158731347226603
230500000	0.5118286788581445
230750000	0.50797301486883
231000000	0.5043088026676912
231250000	0.5008383547058511
231500000	0.4975636524959753
231750000	0.49448636543175933
232000000	0.4916126709961874
232250000	0.4889501378287966
232500000	0.48650114243921266
232750000	0.48426772781424254
233000000	0.4822515881462329
233250000	0.48045405231778887
233500000	0.4788760713637661
233750000	0.4775182098847592
234000000	0.4763806413478565
234250000	0.475463147172409
234500000	0.4747651194611424
234750000	0.47428556720081094
235000000	0.47402312572239375
235250000	0.473976069179385
235500000	0.47414232577490645
235750000	0.47451949544487715
236000000	0.4751048696860607
236250000	0.4758954532048918
236500000	0.47688798705595115
236750000	0.4780789729378222
237000000	0.47946469831876776
237250000	0.48104126207482445
237500000	0.4828046003380436
237750000	0.4847505122720442
238000000	0.4868746855150008
238250000	0.48917272105585363
238500000	0.49164015733703514
238750000	0.4942724934054823
239000000	0.4970662258136563
239250000	0.5000188172312703
239500000	0.5031239403642701
239750000	0.5063752403702417
240000000	0.5097665724983697
240250000	0.5132920028405819
240500000	0.5169458080397862
240750000	0.5207224740625085
241000000	0.5246166941382703
241250000	0.5286233659623157
241500000	0.5327375882518927
241750000	0.5369546567394234
242000000	0.5412700596787102
242250000	0.5456794729328992
242500000	0.5501787547054345
242750000	0.5547639399677321
243000000	0.5594312346298624
243250000	0.5641770094932145
243500000	0.5689977940169413
243750000	0.5738902699229875
244000000	0.5788512646576572
244250000	0.5838777447209912
244500000	0.5889668088686612
244750000	0.5941156811846127
245000000	0.5993217040162433
245250000	0.6045823307574456
245500000	0.6098951184582926
245750000	0.6152577202334248
246000000	0.6206678774342358
246250000	0.6261234115426224
246500000	0.6316216723040027
246750000	0.6371595096822967
247000000	0.642734242387885
247250000	0.6483433432241261
247500000	0.6539844267469198
247750000	0.6596552381092321
248000000	0.6653536427098006
248250000	0.6710776165888453
248500000	0.6768252375166308
248750000	0.6825946767236123
249000000	0.6883841912236456
249250000	0.6941921166843162
249500000	0.7000168608008306
249750000	0.7058568971321175
250000000	0.7117107593597815
250250000	0.7175770359323419
250500000	0.7234543650587772
250750000	0.7293414300167754
251000000	0.7352369547422641
251250000	0.7411396996677808
251500000	0.7470484577780268
251750000	0.7529620508515626
252000000	0.7588793258580608
252250000	0.7647991514808091
252500000	0.7707204147343665
252750000	0.7766420176473295
253000000	0.7825628739802023
253250000	0.7884819059483674
253500000	0.7943980417041835
253750000	0.8003104500795498
254000000	0.806218325776719
254250000	0.8121206252913787
254500000	0.8180161978943824
254750000	0.8239037871299794
255000000	0.8297820334301088
255250000	0.835649477977783
255500000	0.8415045679536927
255750000	0.8473456632974415
256000000	0.8531710451074239
256250000	0.8589789257905418
256500000	0.8647674610539223
256750000	0.8705347638048324
257000000	0.8762789199915577
257250000	0.8819980063767363
257500000	0.8876901101854585
257750000	0.8933533505136615
258000000	0.8989859013186731
258250000	0.9045860157444745
258500000	0.9101520514611386
258750000	0.9156824966233393
259000000	0.9211759959798045
259250000	0.9266313765974827
259500000	0.9320476726049151
259750000	0.9374241483128265
260000000	0.9427603190403624
260250000	0.9480559689664064
260500000	0.9533111653402243
260750000	0.9585262684265868
261000000	0.9637019366286248
261250000	0.9688387920567387
261500000	0.9739342896495844
261750000	0.9789854124154234
262000000	0.9839892781116057
262250000	0.9889429137334662
262500000	0.9938432983750669
262750000	0.9986874060602045
263000000	1.0034722475982316
263250000	1.0081949105414494
263500000	1.0128525963796213
263750000	1.0174426541994246
264000000	1.0219626101573
264250000	1.0264101922565454
264500000	1.0307833500759505
264750000	1.0350802692595553
265000000	1.0392993807373097
265250000	1.0434393647970321
265500000	1.047499150262985
265750000	1.0514779091506827
266000000	1.0553750472581327
266250000	1.0591901912189066
266500000	1.0629231725822983
266750000	1.066574009501648
267000000	1.0701428866059755
267250000	1.0736301336056762
267500000	1.0770362031435825
267750000	1.080360916403849
268000000	1.083597672303098
268250000	1.086743144341338
268500000	1.0897953905778694
268750000	1.0927525581195123
269000000	1.0956128876137987
269250000	1.0983747156014219
269500000	1.101036474982347
269750000	1.1035966938446269
270000000	1.1060539928945339
270250000	1.108407081712464
270500000	1.1106547540422815
270750000	1.1127958823033715
271000000	1.114829411495434
271250000	1.1167543526467023
271500000	1.118569775937262
271750000	1.1202748036109371
272000000	1.1218686027720464
272250000	1.1233503781474015
272500000	1.1247193648793634
272750000	1.1259748214026046
273000000	1.1271160224454555
273250000	1.1281422521863247
273500000	1.1290527975865654
273750000	1.1298469419132804
274000000	1.1305239584587654
274250000	1.1310831044575516
274500000	1.131523615197143
274750000	1.1318441438459022
275000000	1.132039245217426
275250000	1.132108526236418
275500000	1.1320529157156998
275750000	1.1318732552291348
276000000	1.1315703024601618
276250000	1.1311447343129217
276500000	1.1305971497869152
276750000	1.129928072618277
277000000	1.1291379536924504
277250000	1.1282271732343956
277500000	1.1271960427835068
277750000	1.126044806961243
278000000	1.124773645040119
278250000	1.1233826723232323
278500000	1.1218719413439249
278750000	1.1202414428955663
279000000	1.1184911069018126
279250000	1.116620803138076
279500000	1.1146303418153576
279750000	1.1125194740381028
280000000	1.1102878921483406
280250000	1.1079352299690903
280500000	1.1054610629609374
280750000	1.1028649083067632
281000000	1.1001462249409755
281250000	1.0973044135412056
281500000	1.094338816502403
281750000	1.0912487179156354
282000000	1.0880334544287675
282250000	1.0846939413362306
282500000	1.0812322541618522
282750000	1.0776504078919436
283000000	1.0739503316918542
283250000	1.070133873839405
283500000	1.0662028063052542
283750000	1.0621588290144341
284000000	1.0580035738212117
284250000	1.0537386082277578
284500000	1.0493654388757547
284750000	1.0448855148390979
285000000	1.040300230745208
285250000	1.0356109297521638
285500000	1.0308189064089193
285750000	1.0259254094262602
286000000	1.0209316443869338
286250000	1.0158387764245347
286500000	1.0106479329022984
286750000	1.0053602061249711
287000000	0.9999766561193957
287250000	0.9944983135224692
287500000	0.9889261826186851
287750000	0.9832612445736629
288000000	0.977504460914918
288250000	0.9716567773167242
288500000	0.9657191277523306
288750000	0.9596924390840672
289000000	0.9535776361701316
289250000	0.9473756835486007
289500000	0.9410916353855693
289750000	0.9347299194259725
290000000	0.9282924891736227
290250000	0.9217813625822513
290500000	0.9151986276139279
290750000	0.9085464475607937
291000000	0.9018270660638934
291250000	0.8950428117508193
291500000	0.8881961024010874
291750000	0.8812894485347424
292000000	0.8743254563059109
292250000	0.8673068295690837
292500000	0.8602363709722792
292750000	0.8531169819183424
293000000	0.8459516612241468
293250000	0.838743502298106
293500000	0.8314956886501209
293750000	0.8242114875459127
294000000	0.8168942416208813
294250000	0.8095473582784759
294500000	0.802174296716071
294750000	0.7947785524490018
295000000	0.7873636392421874
295250000	0.7799330684101365
295500000	0.7724903255111798
295750000	0.7650388445413845
296000000	0.7575819798280609
296250000	0.7501229759316614
296500000	0.7426649359869105
296750000	0.7352110061641955
297000000	0.7277667521972474
297250000	0.72033593861807
297500000	0.7129218516497711
297750000	0.7055281669331186
298000000	0.6981589402920588
298250000	0.6908185921134667
298500000	0.6835118850345802
298750000	0.6762438948184121
299000000	0.6690199745154811
299250000	0.6618457122523224
299500000	0.6547268832434145
299750000	0.6476693968811187
300000000	0.6406792400038053
300250000	0.6337624176606376
300500000	0.6269248928678033
300750000	0.620172526972172
301000000	0.6135110222939875
301250000	0.6069458687037
301500000	0.6004822956973023
301750000	0.5941252313726149
302000000	0.5878792694836198
302250000	0.5817486454734209
302500000	0.5757372220742499
302750000	0.5698484847328141
303000000	0.5640855467894519
303250000	0.5584511640275205
303500000	0.5529481757730135
303750000	0.5475854970278425
304000000	0.5423705779061352
304250000	0.5373094445126291
304500000	0.5324081215565711
304750000	0.5276725698297262
305000000	0.5231086274032255
305250000	0.5187219551779432
305500000	0.5145179872647
305750000	0.5105018865229146
306000000	0.5066785054531079
306250000	0.5030523525222639
306500000	0.49962756390243235
306750000	0.49640788052199114
307000000	0.49339663026466846
307250000	0.4905967151021299
307500000	0.48801060290964166
307750000	0.48564032368890625
308000000	0.48348746990541386
308250000	0.48155320063765555
308500000	0.4798382492305046
308750000	0.4783429341435961
309000000	0.4770671726865256
309250000	0.4760104973353946
309500000	0.4751720743291293
309750000	0.474550724248941
310000000	0.4741449442901514
310250000	0.4739533007170897
310500000	0.4739795606859813
310750000	0.47422266109338834
311000000	0.47467906520757536
311250000	0.4753450344665435
311500000	0.47621664411168896
311750000	0.477289799709366
312000000	0.47856025437680677
312250000	0.48002362652142994
312500000	0.48167541790040336
312750000	0.4835110318099602
313000000	0.4855257912208183
313250000	0.4877149566865329
313500000	0.4900737438649625
313750000	0.49259734050861254
314000000	0.4952809227966987
314250000	0.49811967089972925
314500000	0.5011087836856146
314750000	0.5042434924942575
315000000	0.5075190739248177
315250000	0.5109308615959839
315500000	0.5144742568543652
315750000	0.5181447384193043
316000000	0.5219378709638579
316250000	0.5258493126413688
316500000	0.5298748215748424
316750000	0.5340102613323605
317000000	0.5382516054159832
317250000	0.5425949407941112
317500000	0.5470369224537813
317750000	0.5515733123809397
318000000	0.5561989125659197
318250000	0.5609088129520508
318500000	0.5656983790312329
318750000	0.5705632373818001
319000000	0.5754992616543481
319250000	0.5805025590260224
319500000	0.58556945713434
319750000	0.5906964914933523
320000000	0.5958803933877304
320250000	0.6011180782340833
320500000	0.6064066343933311
320750000	0.6117433124131721
321000000	0.6171255146754919
321250000	0.6225507854198263
321500000	0.6280168011106521
321750000	0.6335213611132031
322000000	0.6390623786396473
322250000	0.6446378719246888
322500000	0.6502459555869436
322750000	0.6558848321296643
323000000	0.6615527835315319
323250000	0.667248162875184
323500000	0.67296938595789
323750000	0.6787149228252286
324000000	0.6844832891647197
324250000	0.6902730374920862
324500000	0.6960827480580816
324750000	0.7019110193986134
325000000	0.7077561854326915
325250000	0.7136160433778878
325500000	0.7194890639487185
325750000	0.725373787788555
326000000	0.7312687782161815
326250000	0.737172616713699
326500000	0.7430838990680189
326750000	0.7490012321602668
327000000	0.754923231402471
327250000	0.7608485188255493
327500000	0.7667757218267932
327750000	0.772703472588696
328000000	0.7786304081840142
328250000	0.784555171384267
328500000	0.7904764121903498
328750000	0.7963927901044091
329000000	0.8023029771614241
329250000	0.8082056617368837
329500000	0.8140995531433012
329750000	0.819983387022876
330000000	0.8258559315361303
330250000	0.8317159943365933
330500000	0.8375624303093526
330750000	0.8433941500363346
331000000	0.8492101289333396
331250000	0.8550094169830925
331500000	0.860791148964791
331750000	0.8665545550540414
332000000	0.8722989716378425
332250000	0.8780243773218831
332500000	0.883730594357462
332750000	0.8894160940632456
333000000	0.8950791492421519
333250000	0.900717861102997
333500000	0.9063301754303176
333750000	0.911913901725503
334000000	0.9174667353335242
334250000	0.9229862824823214
334500000	0.9284700880642063
334750000	0.933915665883259
335000000	0.9393205309834161
335250000	0.9446822335633672
335500000	0.9499983938818161
335750000	0.9552667374658514
336000000	0.960485129861951
336250000	0.965651610118976
336500000	0.9707644221701548
336750000	0.9758220432899907
337000000	0.9808232088442096
337250000	0.9857669326263354
337500000	0.9906525221812659
337750000	0.9954795886503622
338000000	1.000248050828258
338250000	1.004958133291571
338500000	1.0096103586357563
338750000	1.0142055340298244
339000000	1.018744732461158
339250000	1.0232286162403055
339500000	1.0276522051411145
339750000	1.0320116522163532
340000000	1.0363038794848327
340250000	1.040525858310326
340500000	1.0446746427313847
340750000	1.048747398484651
341000000	1.0527414274757523
341250000	1.056654187592995
341500000	1.0604833078893339
341750000	1.0642265992733355
342000000	1.0678820609471802
342250000	1.0714478829075862
342500000	1.074922444883437
342750000	1.0783043121224318
343000000	1.0815922284596278
343250000	1.0847851071052972
343500000	1.08788201958042
343750000	1.0908821832079063
344000000	1.093784947538893
344250000	1.096589780058587
344500000	1.0992962514773936
344750000	1.101904020872442
345000000	1.104412820903725
345250000	1.1068224432892366
345500000	1.1091327246857605
345750000	1.1113433578890564
346000000	1.1134480172431571
346250000	1.115443140839192
346500000	1.1173281366556251
346750000	1.1191024248159254
347000000	1.1207654366497375
347250000	1.1223166134148455
347500000	1.1237554047293057
347750000	1.1250812667578967
348000000	1.1262936601920155
348250000	1.1273920480573927
348500000	1.1283758933795767
348750000	1.129244656733023
349000000	1.129997793695878
349250000	1.1306347522291147
349500000	1.1311549699956067
349750000	1.1315578716319445
350000000	1.1318428659833417
350250000	1.1320093433097842
350500000	1.1320566724696621
350750000	1.13198419808543
351000000	1.131791237694399
351250000	1.1314770788865016
351500000	1.1310409764298188
351750000	1.130482149383776
352000000	1.129799778199199
352250000	1.1289930018038754
352500000	1.1280609146718488
352750000	1.127002563874453
353000000	1.1258150536342457
353250000	1.124496693226502
353500000	1.1230492089309525
353750000	1.121474222749966
354000000	1.119773246397277
354250000	1.1179476865295075
354500000	1.1159988495721942
354750000	1.1139279461683804
355000000	1.1117360952766178
355250000	1.1094243279440752
355500000	1.106993590779476
355750000	1.104444749149684
356000000	1.1017785901230612
356250000	1.09899582518216
356500000	1.0960970927279423
356750000	1.0930829603975445
357000000	1.0899539272176464
357250000	1.0867104256157867
357500000	1.0833528233124914
357750000	1.0798814251179194
358000000	1.0762964746578556
358250000	1.0725981560553912
358500000	1.0687865955965161
358750000	1.064861863410201
359000000	1.0608239751963955
359250000	1.0566728940388086
359500000	1.0524085323434242
359750000	1.048030753948569
360000000	1.043539376458056
360250000	1.0389341738556552
360500000	1.0342152170347432
360750000	1.0293863317202179
361000000	1.024450337448474
361250000	1.019409314203267
361500000	1.014265307048345
361750000	1.009020330501617
362000000	1.0036763726800089
362250000	0.9982353992311648
362500000	0.9926993570658014
362750000	0.9870701779022983
363000000	0.981349781633009
363250000	0.9755400795197475
363500000	0.9696429772239732
363750000	0.9636603776753161
364000000	0.9575941837802673
364250000	0.9514463009710902
364500000	0.9452186395933012
364750000	0.9389131171284164
365000000	0.9325316602470785
365250000	0.926076206686204
365500000	0.9195487069424196
365750000	0.9129511257728529
366000000	0.9062854434933555
366250000	0.8995536570635085
366500000	0.8927577809473918
366750000	0.8858998477391691
367000000	0.8789819085431916
367250000	0.8720060330996419
367500000	0.8649743096489547
367750000	0.8578910512097314
368000000	0.8507626195341215
368250000	0.8435909876001383
368500000	0.836378182068862
368750000	0.8291264227347919
369000000	0.8218381304135831
369250000	0.8145159336441855
369500000	0.8071626738874808
369750000	0.7997814088755013
370000000	0.7923754137423017
370250000	0.7849481795518334
370500000	0.7775034088323611
370750000	0.7700450077338032
371000000	0.762577074446876
371250000	0.7551038835638616
371500000	0.747629866122882
371750000	0.7401595851628164
372000000	0.7326977067257416
372250000	0.7252489663782273
372500000	0.717818131480661
372750000	0.7104099596121034
373000000	0.7030291537520399
373250000	0.6956803150228763
373500000	0.6883678939992688
373750000	0.6810961417817353
374000000	0.6738690622006626
374250000	0.6666903666504178
374500000	0.6595634331397137
374750000	0.6524912711729989
375000000	0.6454764940401532
375250000	0.6385226335621952
375500000	0.6316368599105991
375750000	0.6248243848713777
376000000	0.6180906087588717
376250000	0.6114412767540018
376500000	0.6048824220833457
376750000	0.5984203046633746
377000000	0.5920613466654953
377250000	0.5858120665521116
377500000	0.5796790131636471
377750000	0.5736687014007867
378000000	0.5677875509485343
378250000	0.5620418293362606
378500000	0.5564376004310349
378750000	0.5509806792325438
379000000	0.5456765935903494
379250000	0.5405305532116205
379500000	0.5355474260824366
379750000	0.5307317221992531
380000000	0.5260875843077417
380250000	0.5216187851801782
380500000	0.5173287308332727
380750000	0.5132204689968646
381000000	0.5092967020890896
381250000	0.5055598039326152
381500000	0.5020118394550978
381750000	0.4986574966159012
382000000	0.49550618674646896
382250000	0.4925614662788282
382500000	0.48982633215410937
382750000	0.4873034590574467
383000000	0.4849951745598919
383250000	0.4829034384762668
383500000	0.48102982645561304
383750000	0.47937551778207377
384000000	0.47794128732649904
384250000	0.4767275015523591
384500000	0.4757341184435826
384750000	0.4749606911869201
385000000	0.47440637540774494
385250000	0.47406993972657624
385500000	0.47394977937464877
385750000	0.4740439325814616
386000000	0.4743500994260716
386250000	0.47486566282763215
386500000	0.4755877113398222
386750000	0.47651306340861804
387000000	0.47763829275346814
387250000	0.47895975453820283
387500000	0.48047361200961064
387750000	0.4821758632980294
388000000	0.4840623680949305
388250000	0.4861288739464532
388500000	0.48837104192847536
388750000	0.49078508413999583
389000000	0.4933694348445444
389250000	0.4961182849307338
389500000	0.4990252809095206
389750000	0.502084236759994
390000000	0.5052891389275812
390250000	0.5086341501261888
390500000	0.5121136120294405
390750000	0.5157220469365098
391000000	0.5194541584971842
391250000	0.5233048315789058
391500000	0.5272691313556725
391750000	0.5313423016950146
392000000	0.5355197629148695
392250000	0.5397971089772364
392500000	0.544170104180086
392750000	0.5486346794032328
393000000	0.5531869279578896
393250000	0.5578231010834098
393500000	0.5625396031284504
393750000	0.5673329864473805
394000000	0.5721999460363635
394250000	0.5771373139270837
394500000	0.5821420533496046
394750000	0.587211252669321
395000000	0.5923421190963631
395250000	0.597531972159081
395500000	0.6027782369263515
395750000	0.6080784369563089
396000000	0.6134301794240963
396250000	0.6188305160805657
396500000	0.6242761632320293
396750000	0.6297641533695323
397000000	0.6352916950472761
397250000	0.6408561598062578
397500000	0.646455069981972
397750000	0.652086087336489
398000000	0.6577470024572626
398250000	0.663435724867117
398500000	0.6691502737919514
398750000	0.6748887695347475
399000000	0.6806494254064314
399250000	0.6864305401659719
399500000	0.6922304909238144
399750000	0.6980477264642758
400000000	0.7038807609439102
400250000	0.7097281679240212
400500000	0.7155885746965087
400750000	0.7214606568630286
401000000	0.72734313312807
401250000	0.7332347602669854
401500000	0.739134328230274
401750000	0.7450406553455324
402000000	0.7509525835784683
402250000	0.7568689738142536
402500000	0.7627887011203124
402750000	0.7687106499514468
403000000	0.7746337092580556
403250000	0.7805567675094244
403500000	0.7864787730369492
403750000	0.7923987599200266
404000000	0.7983156831150761
404250000	0.8042284096351608
404500000	0.8101357190552521
404750000	0.8160363049665449
405000000	0.8219287774867509
405250000	0.8278116669370342
405500000	0.8336834287974211
405750000	0.8395424500504144
406000000	0.8453870570165863
406250000	0.8512155247753806
406500000	0.8570260882485802
406750000	0.8628169550022462
407000000	0.8685863197948648
407250000	0.8743323808645683
407500000	0.8800533579064405
407750000	0.8857475116421515
408000000	0.8914131648289811
408250000	0.897048724494494
408500000	0.9026527051180893
408750000	0.9082237524131824
409000000	0.9137606672962538
409250000	0.9192624295642431
409500000	0.9247282207431011
409750000	0.9301574455212683
410000000	0.9355497511462412
410250000	0.9409050441438247
410500000	0.9462235037215974
410750000	0.9515055912432715
411000000	0.9567517073886798
411250000	0.9619598007368749
411500000	0.9671271852288593
411750000	0.9722511086558725
412000000	0.9773287040230062
412250000	0.9823570303782727
412500000	0.987333114662406
412750000	0.992253993679932
413000000	0.9971167552612316
413250000	1.0019185776911805
413500000	1.0066567665228903
413750000	1.0113287879733204
414000000	1.0159322982070682
414250000	1.0204651679496768
414500000	1.0249255020250831
414750000	1.0293116535752531
415000000	1.0336222328853069
415250000	1.0378561108964692
415500000	1.0420124176349383
415750000	1.046090535911375
416000000	1.050090090748983
416250000	1.0540109350755107
416500000	1.0578531322651576
416750000	1.0616169361409415
417000000	1.0653027690486465
417250000	1.0689111985929083
417500000	1.0724425293151476
417750000	1.0758908474043962
418000000	1.0792521650572564
418250000	1.0825242797189585
418500000	1.0857050845563776
418750000	1.0887925763259603
419000000	1.091784860511139
419250000	1.0946801540058895
419500000	1.0974767856276915
419750000	1.1001731947414468
420000000	1.1027679282674299
420250000	1.1052596363326888
420500000	1.1076470668078473
420750000	1.1099290589512234
421000000	1.1121045363606616
421250000	1.1141724994112945
421500000	1.116132017335418
421750000	1.117982220079211
422000000	1.119722290050686
422250000	1.1213514538542224
422500000	1.122868974089539
422750000	1.1242741412770925
423000000	1.1255662659576706
423250000	1.1267446710013647
423500000	1.1278086841500883
423750000	1.128757630808278
424000000	1.1295908270882273
424250000	1.1303075731095955
424500000	1.130905998508747
424750000	1.1313803811241756
425000000	1.1317307187000258
425250000	1.1319577372646048
425500000	1.1320620864093058
425750000	1.1320443419238195
426000000	1.1319050082398363
426250000	1.1316445206796604
426500000	1.1312632475086923
426750000	1.1307614917928013
427000000	1.1301394930632385
427250000	1.1293974287930706
427500000	1.1285354156901555
427750000	1.1275535108125232
428000000	1.1264517125126838
428250000	1.125229961217948
428500000	1.123888140054294
428750000	1.1224260753217394
429000000	1.1208435368295642
429250000	1.1191402381001356
429500000	1.1173158364505307
429750000	1.115369932961656
430000000	1.1133020723451772
430250000	1.1111117427192891
430500000	1.1087983753052533
430750000	1.1063613440576952
431000000	1.103799965242981
431250000	1.1011134969815588
431500000	1.098301138772074
431750000	1.0953620647591333
432000000	1.0922973749012463
432250000	1.089109119663822
432500000	1.0857992532280454
432750000	1.0823696384491934
433000000	1.0788220518166836
433250000	1.0751581880491858
433500000	1.0713796643595928
433750000	1.0674880244225586
434000000	1.0634847420756748
434250000	1.0593712247840177
434500000	1.0551488168968515
434750000	1.0508188027246392
435000000	1.0463824094642442
435250000	1.0418408100002865
435500000	1.0371951256110428
435750000	1.0324464286081154
436000000	1.027595744940299
436250000	1.0226440567937385
436500000	1.017592305222566
436750000	1.0124413928468394
437000000	1.0071921866577533
437250000	1.001845520973877
437500000	0.9964022005966175
437750000	0.9908630042182701
438000000	0.9852286881420388
438250000	0.9794999903802989
438500000	0.9736776352052948
438750000	0.967762338235476
439000000	0.9617550050278125
439250000	0.9556610356788171
439500000	0.9494840825761347
439750000	0.9432261420312452
440000000	0.9368892563055258
440250000	0.9304755187208794
440500000	0.9239870785542139
440750000	0.9174261456700912
441000000	0.9107949948365436
441250000	0.9040959696591057
441500000	0.8973314860576355
441750000	0.890504035199557
442000000	0.8836161857919289
442250000	0.876670585623437
442500000	0.8696699622363082
442750000	0.8626171225976331
443000000	0.8555149516301624
443250000	0.8483664094548472
443500000	0.8411745271920065
443750000	0.8339424011658065
444000000	0.8266731853587275
444250000	0.8193700819699452
444500000	0.8120363299452908
444750000	0.8046751913678993
445000000	0.7972899356291847
445250000	0.7898838213406044
445500000	0.7824600759990157
445750000	0.7750218734831871
446000000	0.7675723095368546
446250000	0.7601143754846824
446500000	0.7526522781440534
446750000	0.7451913994141572
447000000	0.737734572154722
447250000	0.7302849070058272
447500000	0.7228458758944598
447750000	0.7154213070435502
448000000	0.7080153743977255
448250000	0.7006325810343319
448500000	0.6932777362653859
448750000	0.6859559263078572
449000000	0.6786724786028325
449250000	0.6714329200928809
449500000	0.664242930012698
449750000	0.6571082879998392
450000000	0.650034818576844
450250000	0.6430283332789214
450500000	0.6360945718878336
450750000	0.6292391443688209
451000000	0.6224674751816447
451250000	0.6157847516405819
451500000	0.6091958779273756
451750000	0.6027054362163564
452000000	0.5963176561580624
452250000	0.5900363936972094
452500000	0.5838651198874671
452750000	0.5778069200265753
453000000	0.5718645030898681
453250000	0.5660407896827029
453500000	0.5603446086638553
453750000	0.554783124877738
454000000	0.549362502379185
454250000	0.5440889762379769
454500000	0.5389687862031067
454750000	0.5340081132554877
455000000	0.5292130199418349
455250000	0.5245893952057812
455500000	0.5201429042562968
455750000	0.5158789438453312
456000000	0.5118026031718166
456250000	0.5079186304917152
456500000	0.5042314053959331
456750000	0.5007449166206648
457000000	0.4974627451776671
457250000	0.49438805253391815
457500000	0.49152357352910925
457750000	0.48887161369318677
458000000	0.48643405061205325
458250000	0.4842123389852045
458500000	0.4822075190219983
458750000	0.4804202278314972
459000000	0.4788507134724939
459250000	0.4774988513441602
459500000	0.47636416261258396
459750000	0.47544583438366383
460000000	0.47474459564409066
460250000	0.47426548320212825
460500000	0.47400686007563986
460750000	0.4739661969432871
461000000	0.4741407013609207
461250000	0.47452733006763975
461500000	0.4751228029598587
461750000	0.4759236185427192
462000000	0.47692607064947273
462250000	0.4781262662064401
462500000	0.47952014381379277
462750000	0.4811034929104889
463000000	0.48287197329490106
463250000	0.484821134780391
463500000	0.486946436776815
463750000	0.48924326760391096
464000000	0.4917069633600128
464250000	0.4943328261888717
464500000	0.49711614180778135
464750000	0.500052196181057
465000000	0.5031362912436238
465250000	0.5063637595995061
465500000	0.5097299781389177
465750000	0.5132303805351213
466000000	0.5168604685979445
466250000	0.5206158224746988
466500000	0.5244921097010147
466750000	0.5284850931138738
467000000	0.5325907652850806
467250000	0.5368059775510415
467500000	0.5411254835972544
467750000	0.545543771027215
468000000	0.5500556191585328
468250000	0.5546560858337217
468500000	0.5593404943925008
468750000	0.5641044208637194
469000000	0.5689436814226002
469250000	0.5738543201477326
469500000	0.5788325971021695
469750000	0.5838749767539292
470000000	0.5889781167431583
470250000	0.5941388569960313
470500000	0.599354209179084
470750000	0.6046213464819631
471000000	0.609937593711462
471250000	0.615300417675068
471500000	0.6207074178279939
471750000	0.62615631715372
472000000	0.631644953244311
472250000	0.6371712695431502
472500000	0.6427333067091392
472750000	0.6483291940577838
473000000	0.6539571410308308
473250000	0.6596154286421892
473500000	0.6653024008436541
473750000	0.6710164557494219
474000000	0.6767560366534294
474250000	0.682519622768122
474500000	0.6883057196072995
474750000	0.6941124295588817
475000000	0.6999373848281581
475250000	0.7057789261906556
475500000	0.711635460331
475750000	0.7175054371479946
476000000	0.7233873441292588
476250000	0.7292797013853465
476500000	0.7351810573235883
476750000	0.7410899849467198
477000000	0.7470050787658323
477250000	0.7529249523212951
477500000	0.7588482363090011
477750000	0.7647735773125673
478000000	0.7706996371448926
478250000	0.7766250928046892
478500000	0.7825486370551701
478750000	0.7884689796328775
479000000	0.7943848490945804
479250000	0.8002949953090993
479500000	0.8061981925986883
479750000	0.8120932435310542
480000000	0.8179789833580405
480250000	0.8238542850902771
480500000	0.8297180651884897
480750000	0.8355692898415434
481000000	0.8414069817884678
481250000	0.8472302276265915
481500000	0.8530381855304227
481750000	0.8588301206829814
482000000	0.8646062323404663
482250000	0.8703658236327492
482500000	0.8761074593292016
482750000	0.8818295315807371
483000000	0.8875302703969208
483250000	0.8932077566620871
483500000	0.8988599378298346
483750000	0.9044846463812214
484000000	0.9100796210656373
484250000	0.9156425308652417
484500000	0.9211710015353995
484750000	0.9266626444769082
485000000	0.932115087594063
485250000	0.9375260076896981
485500000	0.9428931638489244
485750000	0.9482144311725977
486000000	0.9534878341450636
486250000	0.9587115788638627
486500000	0.9638840833267813
486750000	0.9690040049679202
487000000	0.9740702646621284
487250000	0.9790820664772615
487500000	0.9840389125456089
487750000	0.988940612546726
488000000	0.9937872874392341
488250000	0.9985793672426408
488500000	1.0033175828443013
488750000	1.008002951982958
489000000	1.012636625598278
489250000	1.0172151051413003
489500000	1.021734000251978
489750000	1.0261901972332002
490000000	1.0305805996083381
490250000	1.0349021662456055
490500000	1.0391519456944032
490750000	1.0433271062626408
491000000	1.0474249615136961
491250000	1.051442991010127
491500000	1.0553788562721649
491750000	1.0592304120471194
492000000	1.0629957130971575
492250000	1.0666730168048066
492500000	1.0702607819667311
492750000	1.073757664196632
493000000	1.0771625083885163
493250000	1.080474338703723
493500000	1.083692346541262
493750000	1.0868158769339002
494000000	1.08984441378467
494250000	1.0927775643229478
494500000	1.0956150431184124
494750000	1.098356655947407
495000000	1.1010022837614828
495250000	1.103551866963794
495500000	1.1060053228169844
495750000	1.108356875948314
496000000	1.1106021944125366
496250000	1.1127404254532722
496500000	1.114770745791638
496750000	1.1166923607716512
497000000	1.1185045029665133
497250000	1.1202064303284964
497500000	1.1217974239568516
497750000	1.1232767855500474
498000000	1.1246438346008696
498250000	1.1258979053855285
498500000	1.1270383437910754
498750000	1.1280645040190538
499000000	1.128975745197554
499250000	1.1297714279285445
499500000	1.1304509107926675
499750000	1.1310135468294404
500000000	1.13145868000708