0	0.6225018907922314
250000	0.6158885055152324
500000	0.6095234364536223
750000	0.603414066937257
1000000	0.5975675119367746
1250000	0.5919906836476421
1500000	0.5866899252207153
1750000	0.5816714945393655
2000000	0.5769413822944522
2250000	0.5725048122448676
2500000	0.5683660174451622
2750000	0.5645291298880464
3000000	0.5609985856829135
3250000	0.5577780421536266
3500000	0.5548702356343426
3750000	0.5522769053369987
4000000	0.5499987596663717
4250000	0.5480355459316993
4500000	0.5463871670554878
4750000	0.5450534996317768
5000000	0.5440335536526332
5250000	0.5433254580326211
5500000	0.5429264784631075
5750000	0.5428330575579748
6000000	0.5430408721791726
6250000	0.5435449028453895
6500000	0.5443398058012823
6750000	0.5454203738544094
7000000	0.54678062350376
7250000	0.5484141189303287
7500000	0.5503140314160164
7750000	0.5524731870270658
8000000	0.5548841158254734
8250000	0.5575391013506794
8500000	0.5604302293347747
8750000	0.563549434823102
9000000	0.5668885470614776
9250000	0.5704394222591963
9500000	0.5741942861613956
9750000	0.5781447515275372
10000000	0.5822824921603447
10250000	0.5865993785584339
10500000	0.5910874769657393
10750000	0.5957390482610913
11000000	0.6005465467049843
11250000	0.605502618524818
11500000	0.6106001003005268
11750000	0.6158320171045945
12000000	0.6211915803501956
12250000	0.6266721853056413
12500000	0.6322674188856025
12750000	0.637971251672948
13000000	0.6437776218705662
13250000	0.6496806940658701
13500000	0.6556749797781563
13750000	0.6617553064362732
14000000	0.6679167889873954
14250000	0.6741548038911376
14500000	0.6804649652640268
14750000	0.6868431029526669
15000000	0.6932852423285852
15250000	0.6997875856128646
15500000	0.706346494553661
15750000	0.7129584742941406
16000000	0.7196201582820252
16250000	0.7263282940846116
16500000	0.7330797851753275
16750000	0.7398720045609823
17000000	0.7467024350035324
17250000	0.753568747512013
17500000	0.7604688123180946
17750000	0.7674006759828099
18000000	0.7743625403759065
18250000	0.7813527433102347
18500000	0.7883697406351182
18750000	0.7954120896120483
19000000	0.802478433413485
19250000	0.8095674866012165
19500000	0.8166780214548325
19750000	0.8238088550335636
20000000	0.8309588368661842
20250000	0.8381268371740492
20500000	0.8453117355417418
20750000	0.8525124099584177
21000000	0.8597278113590117
21250000	0.866957778907905
21500000	0.8742018518915946
21750000	0.8814594666541204
22000000	0.8887301339735623
22250000	0.8960134284106304
22500000	0.9033089782747161
22750000	0.9106164561273525
23000000	0.9179355697516803
23250000	0.9252660535243904
23500000	0.9326076601338303
23750000	0.9399601525946623
24000000	0.94732329651568
24250000	0.9546968525833051
24500000	0.9620805692288632
24750000	0.9694741754531563
25000000	0.9768773737870665
25250000	0.9842898333720868
25500000	0.99171118314974
25750000	0.9991410051539217
26000000	1.0065788281321733
26250000	1.014025483666046
26500000	1.0214815454257318
26750000	1.028946225534636
27000000	1.0364187493086972
27250000	1.0438983554341499
27500000	1.0513842963298914
27750000	1.0588758386626207
28000000	1.0663722639825544
28250000	1.0738728694471391
28500000	1.0813769685998473
28750000	1.088883892170879
29000000	1.0963929888664825
29250000	1.1039036261136674
29500000	1.1114151907273824
29750000	1.1189270894677756
30000000	1.126438749456033
30250000	1.1339496184184688
30500000	1.1414591647300933
30750000	1.148966877230805
31000000	1.1564722647896448
31250000	1.1639748555952267
31500000	1.171475463537654
31750000	1.1789771773302404
32000000	1.1864775019720797
32250000	1.193973461588706
32500000	1.2014621052464733
32750000	1.2089405233361474
33000000	1.2164058635489603
33250000	1.223855346262569
33500000	1.231286279159104
33750000	1.2386960709057984
34000000	1.2460822437404082
34250000	1.253442444818471
34500000	1.260774456197066
34750000	1.2680762033496524
35000000	1.2753457621282962
35250000	1.2825813641125512
35500000	1.2897814003078913
35750000	1.2969444231802736
36000000	1.3040691470365886
36250000	1.3111544467828993
36500000	1.3181993551129656
36750000	1.3252030581982293
37000000	1.3321648899668002
37250000	1.3390843250728357
37500000	1.3459609706688442
37750000	1.3527945571017952
38000000	1.3595839021910614
38250000	1.3663234749052255
38500000	1.3730089277374635
38750000	1.3796363034350796
39000000	1.386201827515067
39250000	1.3927019166252625
39500000	1.3991331847119068
39750000	1.4054924470864965
40000000	1.4117767225019557
40250000	1.4179832333623428
40500000	1.4241094042015359
40750000	1.4301528585746375
41000000	1.4361114145112788
41250000	1.4419830786827745
41500000	1.447766039435355
41750000	1.4534586588397231
42000000	1.4590594639032053
42250000	1.4645671370850633
42500000	1.469980506248383
42750000	1.4752985341736233
43000000	1.480520129874568
43250000	1.4856415393206786
43500000	1.4906593723914425
43750000	1.4955709159003572
44000000	1.5003735810122139
44250000	1.5050649040186719
44500000	1.5096425462446297
44750000	1.5141042931717512
45000000	1.5184480528604773
45250000	1.5226718537468404
45500000	1.52677384188549
45750000	1.530752277705521
46000000	1.5346055323410446
46250000	1.5383320835939271
46500000	1.5419305115817905
46750000	1.5453994941202136
47000000	1.5487378018840985
47250000	1.5519442933893808
47500000	1.5550179098326575
47750000	1.5579576698228923
48000000	1.5607626640361156
48250000	1.5634320498209664
48500000	1.565965045780041
48750000	1.5683609263492695
49000000	1.5706190163949796
49250000	1.572737919054305
49500000	1.5747146649098052
49750000	1.5765489149294754
50000000	1.5782405470250613
50250000	1.5797894365191307
50500000	1.581195457391206
50750000	1.5824584833276545
51000000	1.5835783885832224
51250000	1.5845550486619078
51500000	1.5853883408246707
51750000	1.5860781444312557
52000000	1.586624341123189
52250000	1.5870268148547957
52500000	1.587285451778846
52750000	1.5874001399932272
53000000	1.5873707691548
53250000	1.5871972299663741
53500000	1.5868794135424953
53750000	1.586417210659511
54000000	1.5858105108951215
54250000	1.5850592016623841
54500000	1.5841631671428715
54750000	1.5831222871234076
55000000	1.581936435740538
55250000	1.5806050294258396
55500000	1.5791277280791645
55750000	1.5775056961619585
56000000	1.5757400735157567
56250000	1.573831937420395
56500000	1.5717823045143209
56750000	1.5695921325865916
57000000	1.5672623222453248
57250000	1.5647937184672054
57500000	1.562187112032474
57750000	1.5594432408496282
58000000	1.5565627911738835
58250000	1.5535463987232312
58500000	1.5503946496957257
58750000	1.5471080816914353
59000000	1.5436871845422697
59250000	1.5401324010526976
59500000	1.5364441276541534
59750000	1.5326227149757248
60000000	1.5286684683335086
60250000	1.5245816481408152
60500000	1.5203624702411989
60750000	1.5160111061660924
61000000	1.5115276833186313
61250000	1.5069122850850514
61500000	1.5021649508748611
61750000	1.4972856007566282
62000000	1.4922738226373085
62250000	1.4871309218901487
62500000	1.4818585249848704
62750000	1.4764581836967512
63000000	1.4709313764385035
63250000	1.4652795095067046
63500000	1.4595039182454432
63750000	1.4536058681297144
64000000	1.447586555771046
64250000	1.4414471098477808
64500000	1.4351885919624547
64750000	1.428811997428742
65000000	1.4223182559905334
65250000	1.4157082324758372
65500000	1.4089827273883924
65750000	1.4021424774401172
66000000	1.3951881560278396
66250000	1.3881203736581345
66500000	1.3809396783245873
66750000	1.3736465558423592
67000000	1.3662414301456378
67250000	1.3587246635543795
67500000	1.3510965570177311
67750000	1.3433573503426866
68000000	1.3355072224179088
68250000	1.3275462837896894
68500000	1.3194749205395104
68750000	1.3112951495887144
69000000	1.3030093196909265
69250000	1.2946197443995249
69500000	1.286128703844418
69750000	1.2775384464655768
70000000	1.2688511907078401
70250000	1.2600691266813788
70500000	1.2511944177921124
70750000	1.2422292023463122
71000000	1.233175595133591
71250000	1.224035688992518
71500000	1.2148115563631392
71750000	1.2055052508308182
72000000	1.1961188086659829
72250000	1.186654250364607
72500000	1.1771135821946013
72750000	1.1674987977537021
73000000	1.157811879545005
73250000	1.1480548005769788
73500000	1.138229525995659
73750000	1.1283380147577864
74000000	1.118382221354987
74250000	1.1083640976007203
74500000	1.098285594493731
74750000	1.0881486641742195
75000000	1.077955261991972
75250000	1.0677091689795464
75500000	1.0574191785475429
75750000	1.0470886795094805
76000000	1.036720633110326
76250000	1.0263181359500384
76500000	1.0158844278050454
76750000	1.005422899622636
77000000	0.99493710162527
77250000	0.9844307514424913
77500000	0.9739077421647045
77750000	0.9633721501847068
78000000	0.952828242658676
78250000	0.9422804843773069
78500000	0.9317335437887457
78750000	0.9211922978566478
79000000	0.9106618353676292
79250000	0.9001474582210639
79500000	0.8896546801390315
79750000	0.8791892221236728
80000000	0.8687570038618386
80250000	0.858364130131673
80500000	0.8480168711021655
80750000	0.8377216352353104
81000000	0.8274849333034313
81250000	0.8173133318259085
81500000	0.807213394017769
81750000	0.7971916061398083
82000000	0.7872542913791234
82250000	0.7774108125285436
82500000	0.7676688628206133
82750000	0.7580331260977115
83000000	0.7485087706184504
83250000	0.7391014752738267
83500000	0.7298174525472019
83750000	0.7206634662710792
84000000	0.7116468417443049
84250000	0.7027754652394471
84500000	0.6940577693816735
84750000	0.6855027003675351
85000000	0.6771196625907016
85250000	0.6689184360584557
85500000	0.6609090621567516
85750000	0.6531016940207908
86000000	0.6455064091761387
86250000	0.6381329844059377
86500000	0.6309906360939415
86750000	0.624087733601299
87000000	0.6174314983879471
87250000	0.6110277071718594
87500000	0.6048804227303113
87750000	0.5989917800162727
88000000	0.5933618569524898
88250000	0.5879915320512653
88500000	0.582892945161126
88750000	0.5780728268778533
89000000	0.5735372872802932
89250000	0.5692926621265713
89500000	0.5653453100072025
89750000	0.5617013853648538
90000000	0.5583666031396015
90250000	0.5553460120521311
90500000	0.5526437926515939
90750000	0.5502630934047953
91000000	0.5482059138227412
91250000	0.5464730386629374
91500000	0.5450640224024971
91750000	0.5439772191084716
92000000	0.5432098499571549
92250000	0.5427580991176824
92500000	0.542617228421167
92750000	0.5427817019260632
93000000	0.5432453128310805
93250000	0.5440013068499543
93500000	0.5450424978743237
93750000	0.5463613733180391
94000000	0.547950187845807
94250000	0.5498010451972862
94500000	0.5519059685303274
94750000	0.554257148158659
95000000	0.5568543426924695
95250000	0.5596923831284102
95500000	0.5627617762156572
95750000	0.5660532899510468
96000000	0.5695579491150545
96250000	0.5732670289636086
96500000	0.5771720480286502
96750000	0.5812647606681574
97000000	0.5855371497678307
97250000	0.5899814198202831
97500000	0.5945899904819755
97750000	0.5993554906225478
98000000	0.6042707528262752
98250000	0.6093288082732902
98500000	0.6145228819125244
98750000	0.6198463878339987
99000000	0.6252929247512354
99250000	0.6308562715122551
99500000	0.6365303825677101
99750000	0.6423093833357171
100000000	0.6481875654138024
100250000	0.6541593815984711
100500000	0.6602194406817937
100750000	0.6663625020019218
101000000	0.6725834697305089
101250000	0.678877386884645
101500000	0.685239508207842
101750000	0.6916662631765972
102000000	0.6981536150907875
102250000	0.7046975579048227
102500000	0.7112944439794517
102750000	0.7179409472585764
103000000	0.7246340298662893
103250000	0.7313709117615215
103500000	0.7381490431208619
103750000	0.7449660791508935
104000000	0.7518198570597353
104250000	0.7587083749434114
104500000	0.7656297723662917
104750000	0.7725823124362692
105000000	0.7795643651947082
105250000	0.7865743921586835
105500000	0.7936109318687566
105750000	0.8006725863097177
106000000	0.8077580080844481
106250000	0.8148658882325536
106500000	0.8219949445957462
106750000	0.8291439106413211
107000000	0.8363115246635507
107250000	0.84349651929057
107500000	0.8506976112314115
107750000	0.8579134912044418
108000000	0.8651428139945608
108250000	0.8723843405848652
108500000	0.8796394261904165
108750000	0.8869082133859152
109000000	0.8941900453104623
109250000	0.9014843463569754
109500000	0.9087906127507739
109750000	0.9161084037730748
110000000	0.9234373335510212
110250000	0.9307770633440653
110500000	0.9381272942638991
110750000	0.9454877603717995
111000000	0.9528582221033178
111250000	0.9602384599758236
111500000	0.9676282685395414
111750000	0.9750274505375364
112000000	0.9824358112445998
112250000	0.9898531529592794
112500000	0.9972792696273998
112750000	1.0047139415793793
113000000	1.012156930367515
113250000	1.0196079736931862
113500000	1.027066780417666
113750000	1.034533025653924
114000000	1.042006345940474
114250000	1.0494863345019794
114500000	1.0569725366049445
114750000	1.0644644450204268
115000000	1.0719614956092485
115250000	1.07946306304866
115500000	1.0869714097212908
115750000	1.0944888348074557
116000000	1.10201354255717
116250000	1.109543714698395
116500000	1.117077530580933
116750000	1.1246131756224025
117000000	1.1321488499391612
117250000	1.1396827770736233
117500000	1.1472132127237886
117750000	1.1547384533764076
118000000	1.1622568447421964
118250000	1.1697667898900614
118500000	1.177266756977469
118750000	1.1847552864760136
119000000	1.192230997794875
119250000	1.199692595210266
119500000	1.207138873015999
119750000	1.2145687198189368
120000000	1.2219811219130952
120250000	1.2293751656773988
120500000	1.2367500389542998
120750000	1.2441050313794029
121000000	1.2514395336456225
121250000	1.2587530356989451
121500000	1.2660451238762906
121750000	1.2733154770089836
122000000	1.28056386152768
122250000	1.2877911019873225
122500000	1.294996149187883
122750000	1.3021745922303296
123000000	1.30932207528672
123250000	1.3164343558751423
123500000	1.323507324326342
123750000	1.3305370211974903
124000000	1.337519652535484
124250000	1.3444516029239177
124500000	1.351329446279549
124750000	1.358149954394971
125000000	1.364910103253646
125250000	1.371607077170838
125500000	1.3782382708388086
125750000	1.3848012893765422
126000000	1.3912939465029415
126250000	1.3977142609677018
126500000	1.4040604513858963
126750000	1.410330929630669
127000000	1.416524292943496
127250000	1.4226393149233878
127500000	1.42867493555545
127750000	1.4346302504356692
128000000	1.440504499342975
128250000	1.4462970543019091
128500000	1.4520074072699372
128750000	1.4576351575729203
129000000	1.463177896192923
129250000	1.4686282311966066
129500000	1.47398268305039
129750000	1.4792381810067927
130000000	1.4843917971639333
130250000	1.4894407478258598
130500000	1.4943823937711342
130750000	1.4992142395344117
131000000	1.5039339318010907
131250000	1.5085392570101965
131500000	1.5130281382555457
131750000	1.5173986315700572
132000000	1.5216489216728128
132250000	1.5257773172532398
132500000	1.5297822458615906
132750000	1.533662248469783
133000000	1.5374159737616746
133250000	1.541042172206978
133500000	1.544539689968328
133750000	1.5479074626864735
134000000	1.5511445091842269
134250000	1.5542499251256445
134500000	1.5572228766629477
134750000	1.560062594099952
135000000	1.5627683655972011
135250000	1.565337916927239
135500000	1.5677674254335598
135750000	1.5700565076223651
136000000	1.5722048906116672
136250000	1.5742123043775331
136500000	1.5760784831455155
136750000	1.5778031665655228
137000000	1.5793861006795642
137250000	1.5808270386914876
137500000	1.5821257415475227
137750000	1.5832819783361303
138000000	1.5842955265153575
138250000	1.585166171975596
138500000	1.585893708945362
138750000	1.5864779397474236
139000000	1.5869186744123354
139250000	1.5872157301561705
139500000	1.587368930728975
139750000	1.587378105640214
140000000	1.5872430892672214
140250000	1.5869637198523987
140500000	1.5865398383946587
140750000	1.5859712874403389
141000000	1.5852579097785306
141250000	1.5843995470455003
141500000	1.5833960382425765
141750000	1.5822472181715717
142000000	1.5809527502988576
142250000	1.5795116672833411
142500000	1.577924921453723
142750000	1.5761937635814898
143000000	1.5743193782073308
143250000	1.57230288570224
143500000	1.5701453441973658
143750000	1.567847751387486
144000000	1.565411046212818
144250000	1.5628361104237163
144500000	1.5601237700326183
144750000	1.5572747966574096
145000000	1.5542899087601936
145250000	1.5511697727852436
145500000	1.5479150041997232
145750000	1.544526168440547
146000000	1.5410037817705637
146250000	1.5373483120470386
146500000	1.5335601794052034
146750000	1.5296397568594615
147000000	1.5255873708246257
147250000	1.5214033015593853
147500000	1.517087783534007
147750000	1.5126410057240907
148000000	1.5080631118320305
148250000	1.503354200437651
148500000	1.4985143250793265
148750000	1.493543494266729
149000000	1.4884416714262028
149250000	1.4832083076887213
149500000	1.4778438937097909
149750000	1.4723502037876774
150000000	1.4667289412830924
150250000	1.4609817358583794
150500000	1.4551101447823764
150750000	1.4491156541510863
151000000	1.4429996800268763
151250000	1.4367635694988363
151500000	1.4304086016668636
151750000	1.423935988552034
152000000	1.4173468759358414
152250000	1.410642344130972
152500000	1.4038234086863914
152750000	1.3968910210297283
153000000	1.3898460690501513
153250000	1.3826893776252835
153500000	1.3754217090960652
153750000	1.3680437636939757
154000000	1.360556179925615
154250000	1.352959534920342
154500000	1.3452543447475416
154750000	1.33744106471108
155000000	1.329520089629735
155250000	1.321491754113803
155500000	1.3133563328497768
155750000	1.30511404090699
156000000	1.2967650385840426
156250000	1.288310352654436
156500000	1.2797524391971602
156750000	1.2710937719353435
157000000	1.2623368042417589
157250000	1.2534839713037786
157500000	1.2445376922653435
157750000	1.2355003723500777
158000000	1.2263744049692928
158250000	1.2171621738182223
158500000	1.2078660549634057
158750000	1.1984884189236829
159000000	1.189031632746751
159250000	1.1794980620826903
159500000	1.1698900732552346
159750000	1.1602100353308757
160000000	1.1504603221850862
160250000	1.1406433145640602
160500000	1.130761402139332
160750000	1.1208169855514623
161000000	1.110812478437634
161250000	1.1007503094364446
161500000	1.0906329241614183
161750000	1.0804627871327142
162000000	1.0702423836541812
162250000	1.0599742216202463
162500000	1.0496608332340727
162750000	1.0393047766149797
163000000	1.0289086372691854
163250000	1.0184761585434468
163500000	1.008018967639387
163750000	0.9975416878835414
164000000	0.9870471615473395
164250000	0.976538414440305
164500000	0.9660186667750018
164750000	0.955491344413677
165000000	0.9449600904118698
165250000	0.9344287767438287
165500000	0.9239015160570142
165750000	0.9133826732568404
166000000	0.9028768766665706
166250000	0.8923890284390753
166500000	0.8819243138150348
166750000	0.8714882087238939
167000000	0.8610864851072314
167250000	0.8507252132068931
167500000	0.8404107599002174
167750000	0.830149781980382
168000000	0.81994921307066
168250000	0.809816242628041
168500000	0.7997582852374816
168750000	0.7897829381296988
169000000	0.7798979245846633
169250000	0.7701110206284919
169500000	0.7604299622213643
169750000	0.7508623300088029
170000000	0.7414154087239869
170250000	0.7320960185594567
170500000	0.7229103163688565
170750000	0.7138648881580743
171000000	0.7049692671492668
171250000	0.696229115051975
171500000	0.6876502509671728
171750000	0.6792391137194825
172000000	0.671002783494018
172250000	0.6629489900476194
172500000	0.6550861024658498
172750000	0.6474230948780849
173000000	0.6399694823186357
173250000	0.6327352212325897
173500000	0.625730570190876
173750000	0.618965908403634
174000000	0.6124515127369364
174250000	0.6061972981362707
174500000	0.6002125314162462
174750000	0.5945055337945052
175000000	0.5890833925560179
175250000	0.5839517058537829
175500000	0.5791143858640976
175750000	0.5745735435022757
176000000	0.5703294723222148
176250000	0.5663807404055445
176500000	0.5627243880680544
176750000	0.5593565765734717
177000000	0.5562880803046906
177250000	0.5535278962986498
177500000	0.5510784984817639
177750000	0.5489419320376305
178000000	0.5471196734428049
178250000	0.545612512130157
178500000	0.5444204595218899
178750000	0.5435426882467784
179000000	0.5429775016565387
179250000	0.5427223315690558
179500000	0.5427737606315969
179750000	0.5431275648263487
180000000	0.5437787713518395
180250000	0.5447217272739836
180500000	0.5459501748023587
180750000	0.5474573296755688
181000000	0.5492359598254176
181250000	0.5512784621558122
181500000	0.5535769358711073
181750000	0.556123251296269
182000000	0.5589091135416816
182250000	0.5619261206836528
182500000	0.5651658163689508
182750000	0.568619736921706
183000000	0.5722794531475123
183250000	0.5761366071049993
183500000	0.580182944160076
183750000	0.5844116579897232
184000000	0.5888189562138465
184250000	0.5933956710120987
184500000	0.598132671332716
184750000	0.6030213931523574
185000000	0.6080537939381684
185250000	0.6132223101082152
185500000	0.6185198175901017
185750000	0.6239395954542248
186000000	0.6294752925141726
186250000	0.6351208967324786
186500000	0.6408707072377048
186750000	0.64671930874254
187000000	0.6526615481477027
187250000	0.6586925131193108
187500000	0.6648075124354388
187750000	0.6710020579088047
188000000	0.6772718477055059
188250000	0.6836127508934411
188500000	0.6900207930677871
188750000	0.6964921429141602
189000000	0.7030230995826192
189250000	0.7096100807572021
189500000	0.7162496113162388
189750000	0.7229383124881069
190000000	0.7296728914155199
190250000	0.736450131048809
190500000	0.7432668802950998
190750000	0.7501200443558329
191000000	0.7570065751898128
191250000	0.7639240612311498
191500000	0.770871918124587
191750000	0.7778482760799738
192000000	0.7848513360280438
192250000	0.791879498080474
192500000	0.7989313396543304
192750000	0.806005595427062
193000000	0.8131011389099077
193250000	0.8202169654496907
193500000	0.8273521764886769
193750000	0.8345059649297264
194000000	0.8416776014696469
194250000	0.8488664217776729
194500000	0.8560718144085715
194750000	0.8632932093511915
195000000	0.8705300671234932
195250000	0.8777818683343801
195500000	0.8850481036411466
195750000	0.8923282640391673
196000000	0.8996218314277058
196250000	0.9069282694025389
196500000	0.9142470142325355
196750000	0.9215774659835207
197000000	0.9289189797587567
197250000	0.9362708570312724
197500000	0.9436323370491206
197750000	0.9510025883005233
198000000	0.9583815036199929
198250000	0.9657722899931461
198500000	0.9731747648638743
198750000	0.9805882052740348
199000000	0.9880119118357464
199250000	0.9954452064518444
199500000	1.00288743035021
199750000	1.0103379423988001
200000000	1.0177961176697767
200250000	1.0252613462224422
200500000	1.032733032075789
200750000	1.0402105923423548
201000000	1.0476934564958749
201250000	1.0551810657458802
201500000	1.0626728724930223
201750000	1.0701683398395034
202000000	1.0776669411296025
202250000	1.0851681594959643
202500000	1.092671487388049
202750000	1.1001764260600075
203000000	1.1076824849962292
203250000	1.1151891812539554
203500000	1.1226960387036773
203750000	1.130202587149553
204000000	1.1377083613137835
204250000	1.145212899670827
204500000	1.152715743119439
204750000	1.160216433482873
205000000	1.167714511830083
205250000	1.1752097322737587
205500000	1.1827058351872646
205750000	1.1902019252124134
206000000	1.1976948037791146
206250000	1.2051812842849086
206500000	1.2126582100405678
206750000	1.2201224718791814
207000000	1.2275710252314778
207250000	1.2350009064737415
207500000	1.242409248362237
207750000	1.2497932943793582
208000000	1.2571504118315642
208250000	1.264478103557113
208500000	1.2717740181222412
208750000	1.2790359584071982
209000000	1.2862618885078132
209250000	1.293449938903476
209500000	1.3005984098678112
209750000	1.3077057731234178
210000000	1.3147706717661074
210250000	1.32179191850667
210500000	1.3287684922988026
210750000	1.3356995334400692
211000000	1.3425843372483655
211250000	1.349422346429076
211500000	1.3562131422578876
211750000	1.362956434711005
212000000	1.36965205167839
212250000	1.3762991056818432
212500000	1.38289257262389
212750000	1.3894278622058813
213000000	1.3959007201187208
213250000	1.4023070624888625
213500000	1.4086429858796905
213750000	1.4149047750913393
214000000	1.4210889088593723
214250000	1.4271920635662367
214500000	1.4332111150903537
214750000	1.4391431389261389
215000000	1.444985408714245
215250000	1.4507353933250071
215500000	1.456390752639573
215750000	1.4619493321727597
216000000	1.4674091566793863
216250000	1.4727684228820186
216500000	1.4780254914528437
216750000	1.4831788783760522
217000000	1.4882272458098222
217250000	1.493169392558997
217500000	1.4980042442610144
217750000	1.502730843378759
218000000	1.507348339084942
218250000	1.5118559771134978
218500000	1.516252981762504
218750000	1.5205340356429358
219000000	1.5246951296390168
219250000	1.5287344910750091
219500000	1.5326504206498825
219750000	1.5364412931984348
220000000	1.540105557961363
220250000	1.5436417384088197
220500000	1.5470484316586408
220750000	1.5503243075272912
221000000	1.553468107248676
221250000	1.5564786418932473
221500000	1.559354790517356
221750000	1.5620954980704795
222000000	1.5646997730858343
222250000	1.5671666851779211
222500000	1.569495362368735
222750000	1.5716849882627084
223000000	1.5737347990889048
223250000	1.5756440806275525
223500000	1.5774121650366764
223750000	1.5790384275933544
224000000	1.5805222833629542
224250000	1.5818631838086372
224500000	1.5830606133523801
224750000	1.5841140858978042
225000000	1.5850231413241773
225250000	1.585787333435014
225500000	1.5864045656760406
225750000	1.5868739836192813
226000000	1.58719631591469
226250000	1.5873722475593879
226500000	1.5874024221134715
226750000	1.5872874437444142
227000000	1.5870278791053032
227250000	1.5866242590522386
227500000	1.5860770802062492
227750000	1.5853868063650631
228000000	1.5845538697700141
228250000	1.5835786722332659
228500000	1.5824615861304194
228750000	1.581202955263421
229000000	1.5798030955985227
229250000	1.578262295883859
229500000	1.5765808181510093
229750000	1.5747588981047012
230000000	1.5727967454045795
230250000	1.5706945438427373
230500000	1.5684524514204528
230750000	1.566070600327318
231000000	1.5635490968256813
231250000	1.5608880210430436
231500000	1.558087426674758
231750000	1.555147340599084
232000000	1.552067762406327
232250000	1.5488486599126456
232500000	1.5454895076381885
232750000	1.5419910553037224
233000000	1.5383548167945604
233250000	1.53458223048287
233500000	1.5306746609172521
233750000	1.5266334004121278
234000000	1.522459670540365
234250000	1.5181546235323862
234500000	1.513719343584805
234750000	1.5091548480814725
235000000	1.5044620887296625
235250000	1.4996419526140017
235500000	1.4946952631706296
235750000	1.4896227810839857
236000000	1.4844252051085496
236250000	1.4791031728178095
236500000	1.4736572612827072
236750000	1.468087987681808
237000000	1.4623958098454668
237250000	1.4565811267363271
237500000	1.450644278868574
237750000	1.4445855486684966
238000000	1.438405160779089
238250000	1.4321032823116457
238500000	1.4256800230475841
238750000	1.4191354355940748
239000000	1.4124695154974845
239250000	1.4056820953611744
239500000	1.3987724666229038
239750000	1.3917422520881497
240000000	1.3845935670646619
240250000	1.3773284666254078
240500000	1.3699489470160455
240750000	1.362456946987668
241000000	1.3548543490587595
241250000	1.347142980710245
241500000	1.3393246155175131
241750000	1.3314009742233461
242000000	1.323373725755812
242250000	1.3152444881953598
242500000	1.3070148296956279
242750000	1.298686269362834
243000000	1.2902602780990693
243250000	1.2817382794154033
243500000	1.273121650221414
243750000	1.2644117215986337
244000000	1.2556097795664631
244250000	1.2467170658503792
244500000	1.237734778663811
244750000	1.2286640735168908
245000000	1.2195060640675028
245250000	1.2102618230326807
245500000	1.2009323831815544
245750000	1.1915187384347943
246000000	1.1820218450999835
246250000	1.1724426232776823
246500000	1.1627822132473016
246750000	1.1530464264321862
247000000	1.1432394362228369
247250000	1.1333640015548865
247500000	1.1234229397211064
247750000	1.113419130965751
248000000	1.103355523175835
248250000	1.0932351366568116
248500000	1.0830610689750895
248750000	1.0728364998438016
249000000	1.0625646960210116
249250000	1.05224901618086
249500000	1.0418929157078165
249750000	1.0314999513518135
250000000	1.0210737856673247
250250000	1.0106181911419256
250500000	1.0001370538991052
250750000	0.9896343768354889
251000000	0.9791142820235897
251250000	0.9685810121769758
251500000	0.958038930934555
251750000	0.9474925216736116
252000000	0.9369463845063503
252250000	0.9264052310509735
252500000	0.9158738764946787
252750000	0.9053572283814236
253000000	0.8948602714609535
253250000	0.8843880478267612
253500000	0.8739469761438955
253750000	0.863549103593902
254000000	0.8531991108724262
254250000	0.8429007172504503
254500000	0.8326579969565361
254750000	0.8224754001576484
255000000	0.8123577737151567
255250000	0.8023103811036023
255500000	0.7923389206926638
255750000	0.7824495413668768
256000000	0.7726488541894648
256250000	0.7629439385043315
256500000	0.7533423405151308
256750000	0.7438520619886252
257000000	0.7344815363150217
257250000	0.725239588745015
257500000	0.716135377250831
257750000	0.7071783101843953
258000000	0.6983779368108267
258250000	0.6897438069872005
258500000	0.6812852968697758
258750000	0.6730113987260686
259000000	0.6649304748716862
259250000	0.6570499786055369
259500000	0.6493761488929091
259750000	0.6419136904549912
260000000	0.6346654567082964
260250000	0.6276349732844596
260500000	0.620833206649413
260750000	0.6142667324463417
261000000	0.6079423193457301
261250000	0.6018673955300814
261500000	0.5960499680169032
261750000	0.5904984940907778
262000000	0.5852217043514646
262250000	0.5802283817477232
262500000	0.5755271063295139
262750000	0.5711259805281184
263000000	0.5670323536566408
263250000	0.563252566178746
263500000	0.5597917335803703
263750000	0.5566535863203683
264000000	0.5538403767784484
264250000	0.5513528572517973
264500000	0.549190326002265
264750000	0.5473507322233381
265000000	0.5458308264113944
265250000	0.5446263404037639
265500000	0.5437321812611094
265750000	0.543142624842734
266000000	0.5428514977638124
266250000	0.5428523398003091
266500000	0.5431388061331681
266750000	0.5437169617303051
267000000	0.5445872499780968
267250000	0.5457429282371481
267500000	0.5471770140123448
267750000	0.5488823121591953
268000000	0.5508514412304136
268250000	0.5530768593901007
268500000	0.5555508901341061
268750000	0.5582657478943602
269000000	0.5612135634792192
269250000	0.564386409212257
269500000	0.5677763235758858
269750000	0.5713753351387786
270000000	0.5751754855416874
270250000	0.5791688513290538
270500000	0.5833475644385722
270750000	0.5877038311929296
271000000	0.5922299496736587
271250000	0.596918325393451
271500000	0.6017614852182682
271750000	0.606752089522695
272000000	0.6118829425902447
272250000	0.6171470012943113
272500000	0.6225373821149427
272750000	0.6280473665617426
273000000	0.6336704050841916
273250000	0.6394001593049063
273500000	0.6452316434884057
273750000	0.651159045971342
274000000	0.6571763058994045
274250000	0.6632778447119466
274500000	0.6694585193385871
274750000	0.675713579685218
275000000	0.6820386300221195
275250000	0.6884295939057883
275500000	0.6948826822882396
275750000	0.7013943644913333
276000000	0.7079613417479732
276250000	0.7145805230360099
276500000	0.7212490029538128
276750000	0.7279640414084056
277000000	0.7347230449075689
277250000	0.7415235492662976
277500000	0.7483632035554508
277750000	0.7552397551363356
278000000	0.7621510356394048
278250000	0.7690949477583144
278500000	0.776069452742339
278750000	0.7830725584807178
279000000	0.7901023080820099
279250000	0.7971567688600326
279500000	0.804234021645627
279750000	0.8113321503503489
280000000	0.818449231714397
280250000	0.8255838526660748
280500000	0.8327367529131169
280750000	0.8399071112027889
281000000	0.8470939802267564
281250000	0.8542965364746409
281500000	0.8615140661589272
281750000	0.8687459521769736
282000000	0.8759916619852884
282250000	0.8832507362743695
282500000	0.8905227783441321
282750000	0.8978074440904649
283000000	0.9051044325228865
283250000	0.9124134767418519
283500000	0.9197343353120161
283750000	0.9270667839749325
284000000	0.9344106076512515
284250000	0.9417655926886526
284500000	0.9491315193175558
284750000	0.9565081542821806
285000000	0.9638952436198434
285250000	0.9712925055665467
285500000	0.9786996235719843
285750000	0.986116239412106
286000000	0.9935419463923851
286250000	1.0009762826399564
286500000	1.0084187244878575
286750000	1.015868679959725
287000000	1.0233254823684839
287250000	1.0307890699922222
287500000	1.0382633433931103
287750000	1.0457480462570774
288000000	1.0532419526196912
288250000	1.0607438345271334
288500000	1.0682524654989183
288750000	1.0757666242662436
289000000	1.0832850987428173
289250000	1.0908066901813895
289500000	1.09833021746575
289750000	1.105854521484745
290000000	1.1133784695320554
290250000	1.1209009596730986
290500000	1.1284209250186468
290750000	1.1359373378436126
291000000	1.1434492134890708
291250000	1.1509556139859887
291500000	1.1584556513404176
291750000	1.1659484904220552
292000000	1.1734333514011397
292250000	1.1809095116826036
292500000	1.1883763072912252
292750000	1.1958331336671364
293000000	1.2032794458374239
293250000	1.2107147579365427
293500000	1.2181386420558118
293750000	1.2255507264101844
294000000	1.2329506928186813
294250000	1.2403406408405608
294500000	1.2477245057146198
294750000	1.2550983265142868
295000000	1.2624577781334179
295250000	1.2697985736015838
295500000	1.2771164880277102
295750000	1.2844073813216965
296000000	1.2916672194770453
296250000	1.2988920942195294
296500000	1.3060782408524643
296750000	1.3132220541575044
297000000	1.3203201022403217
297250000	1.327369138242166
297500000	1.3343661098703972
297750000	1.3413081667327773
298000000	1.3481926654908927
298250000	1.35501717287687
298500000	1.3617794666439524
298750000	1.3684775345450664
299000000	1.3751095714538557
299250000	1.3816739747595368
299500000	1.3881693381802371
299750000	1.394594444149155
300000000	1.400948254934045
300250000	1.4072299026533328
300500000	1.413438678351829
300750000	1.4195740202958829
301000000	1.4256355016421656
301250000	1.4316228176265255
301500000	1.4375357724098623
301750000	1.4433742657070714
302000000	1.4491382793132517
302250000	1.4548217835045565
302500000	1.4604160967099218
302750000	1.465917874300267
303000000	1.4713239249438328
303250000	1.4766312118755915
303500000	1.48183685405923
303750000	1.4869381261656867
304000000	1.4919324574817083
304250000	1.4968174298577317
304500000	1.501590774799729
304750000	1.5062503698046394
305000000	1.5107942340337126
305250000	1.5152205234126062
305500000	1.5195275252414642
305750000	1.523713652392553
306000000	1.5277774371673558
306250000	1.531717524879435
306500000	1.5355326672238332
306750000	1.5392217154884094
307000000	1.5427836136572584
307250000	1.5462173914513149
307500000	1.549522157346393
307750000	1.5526970916042613
308000000	1.5557412184827806
308250000	1.5586499293916312
308500000	1.5614212431633696
308750000	1.5640546645842979
309000000	1.566549709531385
309250000	1.5689059064787516
309500000	1.5711227977558335
309750000	1.5731999405697235
310000000	1.5751369078036113
310250000	1.576933288602679
310500000	1.5785886887582603
310750000	1.58010273090057
311000000	1.5814750545098257
311250000	1.58270531575513
311500000	1.5837931871700532
311750000	1.5847383571734623
312000000	1.585540529443758
312250000	1.5861994221543245
312500000	1.5867147670776631
312750000	1.5870863085653464
313000000	1.5873138024106213
313250000	1.5873970146001797
313500000	1.5873357199613176
313750000	1.5871297007103953
314000000	1.586778744908225
314250000	1.5862826448276897
314500000	1.585641195238602
314750000	1.58485419161448
315000000	1.5839214282655862
315250000	1.5828426061891783
315500000	1.5816165247752232
315750000	1.5802438875341553
316000000	1.578725955678655
316250000	1.5770639241564153
316500000	1.5752589238031285
316750000	1.5733120233590487
317000000	1.571224231354146
317250000	1.5689964978667357
317500000	1.5666297161603078
317750000	1.5641247242031142
318000000	1.5614823060748861
318250000	1.5587031932648727
318500000	1.5557880658651877
318750000	1.552737553663258
319000000	1.5495522371369592
319250000	1.5462326483558213
319500000	1.5427792717914743
319750000	1.5391925450403108
320000000	1.5354728594611151
320250000	1.5316205607302293
320500000	1.5276359493166014
320750000	1.5235192808788758
321000000	1.5192707665864829
321250000	1.5148905733664897
321500000	1.5103788240777893
321750000	1.5057355976140108
322000000	1.50096092893636
322250000	1.4960548090374135
322500000	1.4910171848367262
322750000	1.4858475462655734
323000000	1.4805464151062309
323250000	1.475115568702032
323500000	1.4695567142674404
323750000	1.463871485005761
324000000	1.4580614414315294
324250000	1.4521280726081125
324500000	1.4460727973032452
324750000	1.4398969650651356
325000000	1.4336018572216866
325250000	1.427188687805377
325500000	1.4206586044063472
325750000	1.4140126889563036
326000000	1.4072519584459693
326250000	1.4003773655789666
326500000	1.3933897993652482
326750000	1.3862900856574825
327000000	1.3790789876341654
327250000	1.371757206233688
327500000	1.364325380544142
327750000	1.3567840881543112
328000000	1.3491338454721054
328250000	1.341375108017643
328500000	1.3335082706993329
328750000	1.3255336680826475
329000000	1.3174515746628805
329250000	1.3092622051550673
329500000	1.3009657148164662
329750000	1.2925626129664791
330000000	1.284055099448467
330250000	1.2754456648884809
330500000	1.266736772392302
330750000	1.257930865969895
331000000	1.2490303726929044
331250000	1.2400377048315931
331500000	1.2309552619751774
331750000	1.2217854331390958
332000000	1.2125305988623667
332250000	1.2031931332977142
332500000	1.1937754062966865
332750000	1.1842797854914426
333000000	1.1747086383743006
333250000	1.1650643343754754
333500000	1.1553492469386848
333750000	1.1455657555934486
334000000	1.135716248021941
334250000	1.1258031221171332
334500000	1.1158287880276991
334750000	1.1057956701836842
335000000	1.0957062092952619
335250000	1.0855628643149702
335500000	1.075368114351604
335750000	1.0651244605214105
336000000	1.0548344277193218
336250000	1.0445005662896694
336500000	1.0341254535720474
336750000	1.023711695293752
337000000	1.013264664491604
337250000	1.002795990166646
337500000	0.9923090817005494
337750000	0.9818068191360503
338000000	0.9712922713081524
338250000	0.9607687069948402
338500000	0.9502396064443704
338750000	0.9397086731861353
339000000	0.9291798459992576
339250000	0.9186573108725528
339500000	0.9081455127397788
339750000	0.8976491667135377
340000000	0.8871732684678186
340250000	0.8767231033309288
340500000	0.8663042535451576
340750000	0.855922603024625
341000000	0.8455843387961436
341250000	0.8352959481375681
341500000	0.8250642102327083
341750000	0.8148961809411991
342000000	0.8047991690373716
342250000	0.7947807020085023
342500000	0.7848484792283111
342750000	0.775010310050435
343000000	0.7652740341209716
343250000	0.7556474210217641
343500000	0.746138046273212
343750000	0.736753140810321
344000000	0.7274994113818929
344250000	0.7183828300162133
344500000	0.7094104670123997
344750000	0.7005915457418482
345000000	0.6919315230502255
345250000	0.683436295809882
345500000	0.6751123923743128
345750000	0.6669669934795761
346000000	0.6590079385621396
346250000	0.6512437121817306
346500000	0.643683404725174
346750000	0.6363366414485636
347000000	0.6292134744043142
347250000	0.622324233121406
347500000	0.6156793322542657
347750000	0.6092890378872806
348000000	0.6031631987085225
348250000	0.5973109535382832
348500000	0.5917404321235965
348750000	0.5864584708321823
349000000	0.5814703678808825
349250000	0.5767797030331868
349500000	0.5723882436125965
349750000	0.5682959520718165
350000000	0.5645011008180689
350250000	0.5610004888134662
350500000	0.5577898028560555
350750000	0.5548779618744503
351000000	0.5522757067450231
351250000	0.5499850941187495
351500000	0.5480077253593225
351750000	0.5463446188128585
352000000	0.5449961041084724
352250000	0.543961743173324
352500000	0.5432402799240361
352750000	0.5428296181814468
353000000	0.5427268254706259
353250000	0.5429281591032699
353500000	0.5434291102751487
353750000	0.5442244617537922
354000000	0.5453083549518997
354250000	0.5466743626463716
354500000	0.548315564193618
354750000	0.5502246207173925
355000000	0.5523938483427923
355250000	0.5548152880817063
355500000	0.557480771423565
355750000	0.5603819810474829
356000000	0.5635105063535979
356250000	0.5668578937227997
356500000	0.5704156915672662
356750000	0.5741754903409848
357000000	0.5781289577504372
357250000	0.5822678694496626
357500000	0.5865847150903741
357750000	0.5910758616947569
358000000	0.5957328557684588
358250000	0.6005465704833585
358500000	0.6055084669652597
358750000	0.6106105460459702
359000000	0.6158453032945624
359250000	0.6212056873941778
359500000	0.6266850618130948
359750000	0.6322771696393384
360000000	0.6379761013973637
360250000	0.6437762656358713
360500000	0.6496723620617019
360750000	0.6556593569915692
361000000	0.6617324608976513
361250000	0.6678871078322143
361500000	0.6741189365286239
361750000	0.6804237729898455
362000000	0.6867976143899771
362250000	0.6932366141286902
362500000	0.6997370678923105
362750000	0.7062954005883092
363000000	0.7129081540320409
363250000	0.7195719752755579
363500000	0.726283605478248
363750000	0.7330398692278801
364000000	0.7398376642284527
364250000	0.7466739512780866
364500000	0.7535457444661479
364750000	0.7604501015239113
365000000	0.7673841473051081
365250000	0.7743469613173204
365500000	0.7813374831329831
365750000	0.7883539381787997
366000000	0.7953947521694861
366250000	0.8024585292925958
366500000	0.8095440322257746
366750000	0.8166501637742701
367000000	0.8237759499387657
367250000	0.8309205242433965
367500000	0.8380831131714316
367750000	0.8452630225718136
368000000	0.8524596249138093
368250000	0.8596723472796055
368500000	0.8669006599960183
368750000	0.8741440658167033
369000000	0.8814020895755461
369250000	0.8886742682403895
369500000	0.8959601413040696
369750000	0.9032592414569702
370000000	0.9105710854921104
370250000	0.917895165400209
370500000	0.9252309396183361
370750000	0.9325778244017466
371000000	0.9399351852943478
371250000	0.94730232867907
371500000	0.954678493395242
371750000	0.9620628424159617
372000000	0.9694570668408184
372250000	0.9768633997497006
372500000	0.9842810676667719
372750000	0.9917093123082188
373000000	0.9991473940458127
373250000	1.0065945904028308
373500000	1.0140501948424074
373750000	1.0215135158169282
374000000	1.0289838760479588
374250000	1.0364606120068438
374500000	1.0439430735665929
374750000	1.0514306237960231
375000000	1.0589226388673758
375250000	1.0664185080488564
375500000	1.073917633753756
375750000	1.0814194316180594
376000000	1.0889233305788004
376250000	1.096428772925838
376500000	1.1039352143003525
376750000	1.1114421236141159
377000000	1.1189489828645809
377250000	1.1264552868220403
377500000	1.133960542566585
377750000	1.1414642688542944
378000000	1.1489659952941096
378250000	1.1564652613190993
378500000	1.1639616149383563
378750000	1.1714546112585604
379000000	1.1789438107672496
379250000	1.1864299738139905
379500000	1.1939165135417646
379750000	1.201400741052781
380000000	1.2088793194283647
380250000	1.2163489337566364
380500000	1.2238063097969119
380750000	1.2312482321367462
381000000	1.2386715616383175
381250000	1.2460732519781037
381500000	1.25345036509508
381750000	1.2608000853776593
382000000	1.2681197324379363
382250000	1.275406772343005
382500000	1.282658827196605
382750000	1.2898736829895399
383000000	1.2970492956634625
383250000	1.3041837953591477
383500000	1.3112754888465465
383750000	1.3183228601591384
384000000	1.325324569478811
384250000	1.3322794503391737
384500000	1.3391865052344714
384750000	1.346044899737778
385000000	1.352853955245699
385250000	1.3596131404772946
385500000	1.3663220618623055
385750000	1.3729804529581195
386000000	1.379588163036355
386250000	1.386143634087402
386500000	1.3926411159977454
386750000	1.3990761908843
387000000	1.4054446975998531
387250000	1.4117426482374287
387500000	1.417966236732112
387750000	1.42411184535435
388000000	1.4301760492075493
388250000	1.436155618853106
388500000	1.442047521193927
388750000	1.4478489187531414
389000000	1.4535571674881314
389250000	1.4591698132814392
389500000	1.4646845872496388
389750000	1.4700994000091354
390000000	1.4754123350342352
390250000	1.480621641237923
390500000	1.4857257248998088
390750000	1.4907231410588324
391000000	1.495612584480757
391250000	1.5003928803024171
391500000	1.5050629744462527
391750000	1.5096219238900657
392000000	1.5140688868682457
392250000	1.5184031130721172
392500000	1.5226234265186935
392750000	1.526723811495966
393000000	1.530701378071585
393250000	1.5345545305298405
393500000	1.5382817385740544
393750000	1.5418815380325426
394000000	1.5453525311280765
394250000	1.5486933863490475
394500000	1.5519028379576367
394750000	1.5549796851675937
395000000	1.5579227910217357
395250000	1.5607310809969759
395500000	1.5634035413625695
395750000	1.565939217315321
396000000	1.568337210913698
396250000	1.570596678831161
396500000	1.5727168299474934
396750000	1.5746969227955343
397000000	1.5765362628794202
397250000	1.5782341998792597
397500000	1.5797901247560557
397750000	1.5812034667696635
398000000	1.5824736904216081
398250000	1.58360029233368
398500000	1.5845827980723703
398750000	1.5854207589283873
399000000	1.5861137486597332
399250000	1.586661356204174
399500000	1.5870616510373652
399750000	1.5873138472613075
400000000	1.5874187665527346
400250000	1.5873771828635508
400500000	1.5871898246790026
400750000	1.586857377108095
401000000	1.586380483811477
401250000	1.5857597487720925
401500000	1.5849957379139004
401750000	1.5840889805739395
402000000	1.5830399708329426
402250000	1.5818491687095937
402500000	1.580517001223401
402750000	1.5790438633309913
403000000	1.5774301187404705
403250000	1.5756761006082902
403500000	1.57378211212287
403750000	1.5717484269789888
404000000	1.5695752897467499
404250000	1.567262916138665
404500000	1.564811493178171
404750000	1.5622211792726197
405000000	1.5594921041935212
405250000	1.5566243689665475
405500000	1.5536180456735007
405750000	1.5504731771681726
406000000	1.5471897767076959
406250000	1.543767827500677
406500000	1.5402070211288792
406750000	1.5365074380353527
407000000	1.5326705899008655
407250000	1.5286979701622982
407500000	1.5245909973086438
407750000	1.520351016457389
408000000	1.5159793008355968
408250000	1.5114770531688244
408500000	1.5068454069808301
408750000	1.5020854278068576
409000000	1.4971981143231425
409250000	1.492184399395168
409500000	1.4870451510470923
409750000	1.481781173354699
410000000	1.4763932072641663
410250000	1.4708819313389208
410500000	1.4652479624368429
410750000	1.4594918563201178
411000000	1.453614108200085
411250000	1.4476151532195347
411500000	1.4414953668750357
411750000	1.4352550653820602
412000000	1.4288945059858988
412250000	1.4224138872216523
412500000	1.4158133491269362
412750000	1.4090929734113775
413000000	1.4022527835874834
413250000	1.3952927450681059
413500000	1.3882121922382498
413750000	1.381011997108574
414000000	1.3736943478490358
414250000	1.3662613754453368
414500000	1.3587151551795582
414750000	1.3510577080384496
415000000	1.3432910020531563
415250000	1.3354169535744926
415500000	1.3274374284878292
415750000	1.3193542433717127
416000000	1.3111691666044205
416250000	1.302883919422823
416500000	1.294500176938159
416750000	1.2860195691136662
417000000	1.2774436817094215
417250000	1.268774057200293
417500000	1.2600121956735755
417750000	1.2511595557136985
418000000	1.2422175552824137
418250000	1.2331875726040744
418500000	1.2240709470671
418750000	1.214868980154471
419000000	1.2055829364182327
419250000	1.1962140445155036
419500000	1.1867634983265285
419750000	1.1772324581789364
420000000	1.1676220522066953
420250000	1.1579333778774297
420500000	1.1481675037279668
420750000	1.1383278166150999
421000000	1.128421173578577
421250000	1.1184504764969405
421500000	1.108418552850248
421750000	1.0983283055939446
422000000	1.0881827183745423
422250000	1.077984860855206
422500000	1.0677378941294822
422750000	1.0574450761940128
423000000	1.0471097674421794
423250000	1.0367354361299128
423500000	1.026325663752062
423750000	1.0158841502523628
424000000	1.0054147189717018
424250000	0.9949213212175356
424500000	0.9844080403113759
424750000	0.9738790949405167
425000000	0.9633388416038581
425250000	0.9527917758989067
425500000	0.9422425323468347
425750000	0.9316958823937893
426000000	0.921156730158364
426250000	0.9106301054160933
426500000	0.9001211532209374
426750000	0.8896351194599662
427000000	0.8791773315201405
427250000	0.8687531731149876
427500000	0.8583680524110011
427750000	0.8480320601762361
428000000	0.8377538547534262
428250000	0.8275371615800732
428500000	0.817386079513821
428750000	0.8073051036262501
429000000	0.797299147765343
429250000	0.7873735661883338
429500000	0.7775341733488215
429750000	0.7677872606596002
430000000	0.7581396087423283
430250000	0.7485984933165218
430500000	0.7391716824774132
430750000	0.7298674226761261
431000000	0.7206944102678216
431250000	0.711661745069731
431500000	0.7027788620258937
431750000	0.6940554368870775
432000000	0.6855012618881288
432250000	0.6771260878748788
432500000	0.6689394303580875
432750000	0.6609503387263373
433000000	0.653167130498758
433250000	0.6455970961621852
433500000	0.6382461848376337
433750000	0.6311186866137072
434000000	0.6242169334877249
434250000	0.6175428046314384
434500000	0.6111074191627934
434750000	0.6049180108262459
435000000	0.5989812357415361
435250000	0.5933043653501481
435500000	0.587895179244202
435750000	0.5827618088648692
436000000	0.5779125352602242
436250000	0.5733555494063841
436500000	0.5690986886939016
436750000	0.5651491671749695
437000000	0.5615133192447629
437250000	0.5581963760675459
437500000	0.5552022911750294
437750000	0.552533626674308
438000000	0.5501915052280634
438250000	0.5481756264468449
438500000	0.5464843405692316
438750000	0.5451147680627012
439000000	0.5440629514453026
439250000	0.5433240252039959
439500000	0.5428923908543739
439750000	0.5427618864494936
440000000	0.5429259426582024
440250000	0.5433777204142118
440500000	0.5441102277317614
440750000	0.5451206248155795
441000000	0.5464145973176072
441250000	0.5479853054586221
441500000	0.5498248664467019
441750000	0.5519253175061059
442000000	0.5542786375646707
442250000	0.5568767668233643
442500000	0.5597116249426294
442750000	0.5627751283291653
443000000	0.566059206802746
443250000	0.5695558197665528
443500000	0.5732569718926266
443750000	0.5771547282603396
444000000	0.5812412288431009
444250000	0.5855087022198293
444500000	0.589949478386602
444750000	0.594556000554781
445000000	0.5993208358403408
445250000	0.6042366847715034
445500000	0.6092963895654939
445750000	0.6144929411483508
446000000	0.6198194849130018
446250000	0.6252693252294333
446500000	0.6308359287363644
446750000	0.6365129264562249
447000000	0.6422941147845145
447250000	0.6481734554109685
447500000	0.6541454560436317
447750000	0.6602055086103722
448000000	0.6663479933508943
448250000	0.6725676525858371
448500000	0.6788596584616444
448750000	0.6852195703338171
449000000	0.6916432961008094
449250000	0.6981270571029287
449500000	0.7046673562278154
449750000	0.7112609488916024
450000000	0.7179048165918541
450250000	0.724596142754347
450500000	0.7313322906202651
450750000	0.7381107829433208
451000000	0.7449292832874937
451250000	0.7517855787355568
451500000	0.7586775638363161
451750000	0.7656032256346342
452000000	0.7725606296429031
452250000	0.7795479066258051
452500000	0.7865632400820697
452750000	0.7936048543175952
453000000	0.8006710030139067
453250000	0.80775995820455
453500000	0.814869999579806
453750000	0.8219994040471436
454000000	0.8291464354812271
454250000	0.8363093695415754
454500000	0.8434886195982885
454750000	0.8506842812021328
455000000	0.8578954726950524
455250000	0.8651214280483255
455500000	0.8723614838398814
455750000	0.8796150671838194
456000000	0.8868816844975433
456250000	0.8941609110040158
456500000	0.9014523808774191
456750000	0.9087557779501724
457000000	0.916070826907971
457250000	0.9233972849073954
457500000	0.9307349335578429
457750000	0.9380835712161498
458000000	0.9454430055484008
458250000	0.9528130463191671
458500000	0.9601934983738165
458750000	0.9675841547847245
459000000	0.974984790137172
459250000	0.9823951539355749
459500000	0.9898149641154238
459750000	0.9972439006510277
460000000	1.0046815992538236
460250000	1.0121276451607057
460500000	1.019581567016536
460750000	1.0270428308597337
461000000	1.034510834224625
461250000	1.0419849003790234
461500000	1.0494667022387147
461750000	1.0569592149282356
462000000	1.0644611247253364
462250000	1.0719710416891084
462500000	1.0794875729413522
462750000	1.0870093276437254
463000000	1.0945349222273473
463250000	1.1020629858203308
463500000	1.1095921658141306
463750000	1.1171211335054676
464000000	1.1246485897470044
464250000	1.1321732705370138
464500000	1.1396939524761827
464750000	1.1472094580184535
465000000	1.1547186604425652
465250000	1.1622204884717797
465500000	1.1697139304711812
465750000	1.1771980381549891
466000000	1.1846719297404733
466250000	1.1921347924903094
466500000	1.199585884591468
466750000	1.2070245363259449
467000000	1.2144501504966447
467250000	1.2218622020804393
467500000	1.2292602370896355
467750000	1.2366438706326732
468000000	1.2440127841746038
468250000	1.2513670242244286
468500000	1.2587101864299526
468750000	1.266040004104247
469000000	1.2733521398644863
469250000	1.2806423118193402
469500000	1.2879063167598244
469750000	1.2951400519045349
470000000	1.3023395350046032
470250000	1.3095009226392922
470500000	1.3166205265615254
470750000	1.3236948279830245
471000000	1.330720489720277
471250000	1.3376943661545158
471500000	1.3446135109904196
471750000	1.3514751828286449
472000000	1.3582768485958927
472250000	1.365016184902433
472500000	1.3716910774204003
472750000	1.3782996183963538
473000000	1.3848401024283798
473250000	1.3913110206512043
473500000	1.3977110534824513
473750000	1.4040390620893304
474000000	1.4102940787378697
474250000	1.416475296186586
474500000	1.422582056283432
474750000	1.4286138379193816
475000000	1.4345702444844282
475250000	1.4404509909624437
475500000	1.4462558907906757
475750000	1.4519828452881272
476000000	1.4576229242340837
476250000	1.4631721043775476
476500000	1.468627113768561
476750000	1.4739848335286372
477000000	1.4792422997218992
477250000	1.484396703982669
477500000	1.4894453930146205
477750000	1.4943858670727053
478000000	1.4992157775346546
478250000	1.5039329236640322
478500000	1.508535248661668
478750000	1.5130208350969303
479000000	1.5173878998047707
479250000	1.5216347883288592
479500000	1.5257599689854975
479750000	1.5297620266173826
480000000	1.533639656100757
480250000	1.5373916556640514
480500000	1.541016920070838
480750000	1.5445144337147907
481000000	1.5478832636694155
481250000	1.5511225527305912
481500000	1.554231512485455
481750000	1.5572089908567264
482000000	1.5600502547765944
482250000	1.5627537680830248
482500000	1.5653190466712081
482750000	1.567745617837672
483000000	1.5700330216883693
483250000	1.5721808123039394
483500000	1.5741885586743416
483750000	1.5760558454144906
484000000	1.5777822732719773
484250000	1.5793674594374323
484500000	1.5808110376676046
484750000	1.5821126582307463
485000000	1.5832719876834742
485250000	1.5842887084878507
485500000	1.5851625184770526
485750000	1.5858931301776114
486000000	1.5864802699958807
486250000	1.586923677276037
486500000	1.5872231032366055
486750000	1.5873783097922005
487000000	1.587389068266849
487250000	1.5872551580049818
487500000	1.586976364885866
487750000	1.5865524797469561
488000000	1.5859832967213277
488250000	1.5852686114940444
488500000	1.5844082194819826
488750000	1.5834018973178947
489000000	1.5822484365735072
489250000	1.580948122718444
489500000	1.5795022150825726
489750000	1.5779119068628344
490000000	1.5761783273032663
490250000	1.5743025437368512
490500000	1.57228556349426
490750000	1.570128335684411
491000000	1.5678317528516268
491250000	1.5653966525140086
491500000	1.5628238185874566
491750000	1.5601139826995944
492000000	1.5572678253976522
492250000	1.5542859772541637
492500000	1.5511690198741312
492750000	1.5479174868071042
493000000	1.544531864367406
493250000	1.5410125923655407
493500000	1.537360064753596
493750000	1.5335746301872553
494000000	1.529656592506822
494250000	1.5256062111394584
494500000	1.5214237014246337
494750000	1.517109234864579
495000000	1.5126629393013535
495250000	1.5080848990219249
495500000	1.5033751547924823
495750000	1.4985337038230107
496000000	1.4935604996629768
496250000	1.4884551028416473
496500000	1.4832179156844425
496750000	1.4778506899458312
497000000	1.4723551184785415
497250000	1.466732819920077
497500000	1.4609853400192696
497750000	1.455114152877831
498000000	1.4491206621096202
498250000	1.4430062019202223
498500000	1.4367720381093898
498750000	1.430419368998838
499000000	1.4239493262879273
499250000	1.4173629758397999
499500000	1.4106613184006558
499750000	1.4038452902550036
500000000	1.3969157638199368