0	0.9593116623857867	0.9593116623857867
500000	0.9471890127085184	0.9472003493888175
1000000	0.935430240661583	0.9354759992877367
1500000	0.924065843278704	0.9241696202509008
2000000	0.9131257817803031	0.9133116574284903
2500000	0.9026393112877513	0.9029314101497609
3000000	0.8926348018975948	0.8930584933069033
3500000	0.8831395529746654	0.8837190531798707
4000000	0.8741796030030033	0.8749387024133299
4500000	0.8657795378138519	0.866743818468033
5000000	0.857962300464157	0.8591569540012107
5500000	0.850749006436316	0.8521965146171081
6000000	0.8441587681371778	0.8458806407529795
6500000	0.8382085328582768	0.8402273758504019
7000000	0.8329129383898112	0.8352510393733313
7500000	0.8282841903341188	0.8309620996312396
8000000	0.8243319648262555	0.8273674526300864
8500000	0.8210633398380026	0.8244732543255201
9000000	0.8184827575298214	0.822282812569409
9500000	0.8165920192501315	0.8207959574281056
10000000	0.8153903138035757	0.8200099475138427
10500000	0.814874278571099	0.8199196968474173
11000000	0.8150380920227609	0.8205180435760742
11500000	0.8158735951787581	0.821796920423846
12000000	0.8173704387008904	0.8237454778119535
12500000	0.8195162515826062	0.826346508799196
13000000	0.8222968268851297	0.829582215135711
13500000	0.8256963196592431	0.8334345929532186
14000000	0.8296974521005196	0.8378855497650094
14500000	0.8342817210988707	0.8429170228189578
15000000	0.8394296036373096	0.8485110980405017
15500000	0.8451207559369489	0.8546502491937074
16000000	0.8513342027969832	0.8613098483502709
16500000	0.858048514199799	0.8684632773945146
17000000	0.8652419669038817	0.8760856392248989
17500000	0.8728926893966341	0.8841536433460895
18000000	0.8809787891971799	0.8926454936437324
18500000	0.889478462064109	0.90154077591858
19000000	0.8983700831602344	0.9108203423037973
19500000	0.907632280647531	0.9204661867308259
20000000	0.9172439925278606	0.9304582743702364
20500000	0.9271845078106804	0.9407716819805537
21000000	0.9374334932829086	0.9513827262011723
21500000	0.9479710072858458	0.9622695291528076
22000000	0.958777501978253	0.9734118045832778
22500000	0.9698338155924404	0.9847906556283652
23000000	0.9811211561804994	0.9963883794481956
23500000	0.9926210783089084	1.0081882737017125
24000000	1.0043154540991315	1.0201744393634409
24500000	1.0161864399358214	1.032330925562549
25000000	1.028216440078213	1.0446383598159235
25500000	1.04038806831841	1.0570776701125295
26000000	1.0526841087358354	1.069630373686806
26500000	1.0650874765025289	1.0822783516374361
27000000	1.077581179600885	1.0950038013631216
27500000	1.0901482822249409	1.1077892268141651
28000000	1.1027718705489844	1.1206174689712967
28500000	1.1154350214633564	1.1334717790825233
29000000	1.1281207747967867	1.1463359367990187
29500000	1.1408121094672734	1.1591944142578847
30000000	1.1534919239290962	1.1720319686921434
30500000	1.1661430212116994	1.1848315915594052
31000000	1.1787480987766188	1.1975749831771685
31500000	1.1912897433510508	1.2102424149276634
32000000	1.2037504308309241	1.2228131769715294
32500000	1.216112531282309	1.2352662057234298
33000000	1.2283583190077039	1.2475808591941049
33500000	1.2404699875832983	1.2597378136980641
34000000	1.2524296697148962	1.271720032428238
34500000	1.2642194617041618	1.2835137329656279
35000000	1.2758214522635505	1.2951092612941886
35500000	1.2872177553682311	1.3064981407379634
36000000	1.2983905467869297	1.317659464865696
36500000	1.3093221038915763	1.3285674319213785
37000000	1.3199948483083648	1.339196024826129
37500000	1.3303913909409706	1.3495204428394025
38000000	1.340494578870712	1.3595183922792553
38500000	1.3502875436188495	1.3691711190774472
39000000	1.3597537502434178	1.3784640990592396
39500000	1.368877046737315	1.387387346361955
40000000	1.3776417131960115	1.3959353472176306
40500000	1.386032510232356	1.404106653648318
41000000	1.3940347261324866	1.411889358621888
41500000	1.4016342222706815	1.4192578670490967
42000000	1.408817476331818	1.4261924754446555
42500000	1.4155716229275188	1.4326758505915955
43000000	1.4218844912355224	1.4386932381955244
43500000	1.4277446393406032	1.4442324666527528
44000000	1.4331413850087107	1.4492837938690173
44500000	1.4380648326829735	1.4538396435947005
45000000	1.4425058965498476	1.4578942723251704
45500000	1.446456319584893	1.4614434003654155
46000000	1.4499086885493604	1.464483832655055
46500000	1.452856444969845	1.4670103596753796
47000000	1.4552938921925849	1.469004114496592
47500000	1.4572161986604988	1.4704634696724301
48000000	1.4586193976137785	1.4713901510443255
48500000	1.4595003834628202	1.471785660715856
49000000	1.4598569051247487	1.4716512543683251
49500000	1.4596875566510539	1.4709879111442121
50000000	1.4589917655034066	1.4697962971120382
50500000	1.4577697788572113	1.4680767232999474
51000000	1.4560226483276524	1.4658290992481338
51500000	1.453752213520883	1.4630528830016778
52000000	1.4509610848137007	1.4597470284623197
52500000	1.4476526257588165	1.45590993105629
53000000	1.4438309355000345	1.4515368689436545
53500000	1.439500831562845	1.4466362492813376
54000000	1.4346678333616538	1.4412243823185564
54500000	1.4293381467358355	1.435315944066456
55000000	1.423518649793658	1.4289241348617492
55500000	1.4172168803066743	1.4220608180452534
56000000	1.4104410248580999	1.4147366425724497
56500000	1.4031999099077481	1.4069611532869664
57000000	1.3955029948939317	1.3987428926218928
57500000	1.3873603674500332	1.3900894976726859
58000000	1.3787827407707562	1.3810077969398948
58500000	1.3697814531209112	1.3715039116100178
59000000	1.3603684694384286	1.3615833670816258
59500000	1.3505563849434803	1.351253268879198
60000000	1.3403584306274188	1.340534614686861
60500000	1.3297884804589608	1.3294481291532712
61000000	1.3188610601107593	1.3180131883867956
61500000	1.3075913569773279	1.3062487568745347
62000000	1.295995231225193	1.2941735083152366
62500000	1.284089227588109	1.281805931289253
63000000	1.271890587594051	1.2691644206551165
63500000	1.2594172618863215	1.2562673550966215
64000000	1.2466879222782508	1.243133160845419
64500000	1.2337219731593443	1.2297803612822389
65000000	1.220539561850031	1.2162276118983495
65500000	1.2071615874820247	1.2024937200179342
66000000	1.1936097079613879	1.1885988735733437
66500000	1.1799063445512998	1.1745742688282355
67000000	1.166074683590944	1.1604425806460459
67500000	1.1521386748455795	1.146225715723746
68000000	1.1381230259605617	1.1319482216161627
68500000	1.1240531924687955	1.1176372112498267
69000000	1.109955362777062	1.1033221313435286
69500000	1.0958564375322997	1.0890343399008784
70000000	1.0817840027450982	1.0748064651995237
70500000	1.0677662960257241	1.0606715337651025
71000000	1.053832165269741	1.0466618788668984
71500000	1.0400110191182481	1.03280787378324
72000000	1.0263327685151542	1.0191365728134063
72500000	1.0128277586946786	1.0056703822878914
73000000	0.9995266909611613	0.9924280908072307
73500000	0.9864605336757252	0.9794412021223111
74000000	0.9736604219462935	0.9667452137727027
74500000	0.9611575456352659	0.9543781663322731
75000000	0.9489830254589022	0.9423798110057037
75500000	0.9371677771597857	0.9307896816965567
76000000	0.9257423639928573	0.919645235830861
76500000	0.9147368380786238	0.908980249226973
77000000	0.904180571543424	0.8988236133248506
77500000	0.8941020787813864	0.8891986237860146
78000000	0.8845288316264753	0.8801227813276953
78500000	0.8754870697010261	0.8716080628544428
79000000	0.867001608689023	0.8636622191335919
79500000	0.8590956497423337	0.8563151907850618
80000000	0.8517905936360242	0.8495986604717644
80500000	0.8451058636117768	0.8435339250079577
81000000	0.8390587410529181	0.8381390085385024
81500000	0.8336642181897969	0.8334283153102486
82000000	0.8289348719152329	0.829412504305498
82500000	0.8248807624807182	0.8260985432511513
83000000	0.8215093603412806	0.8234898999460802
83500000	0.8188255037307747	0.8215868325940215
84000000	0.8168313887049109	0.8203867463038186
84500000	0.8155265924254302	0.8198845889604424
85000000	0.8149081294255711	0.8200732655201658
85500000	0.814970539551695	0.820944055012439
86000000	0.815706005278352	0.8224970235076221
86500000	0.8171044952007427	0.8247262674193033
87000000	0.8191539297680629	0.8276078248713077
87500000	0.8218403647699944	0.8311182453147924
88000000	0.8251481877481881	0.8352346836659315
88500000	0.8290603223808146	0.8399349228542765
89000000	0.8335584359718695	0.8451973988649729
89500000	0.8386231454457658	0.8510012272184853
90000000	0.8442342176700266	0.8573262292114016
90500000	0.85037076046675	0.8641529558298725
91000000	0.8570114012869917	0.8714627069506913
91500000	0.8641344511723861	0.8792375431853915
92000000	0.8717180522801901	0.8874602874309958
92500000	0.879740307872164	0.8961145219937086
93000000	0.8881793942416416	0.9051815723471244
93500000	0.8970136545610743	0.9146329560810491
94000000	0.9062216750651304	0.9244402026376086
94500000	0.9157823443386236	0.9345771750113478
95000000	0.9256748967553939	0.9450198203177833
95500000	0.935878941318535	0.9557459423573151
96000000	0.9463744772911918	0.9667349918411327
96500000	0.957141898089094	0.9779678699893735
97000000	0.9681619849401092	0.9894267411287112
97500000	0.979415891811471	1.001094849698845
98000000	0.9908851230702937	1.0129563367141972
98500000	1.0025515052851817	1.0249960502056312
99000000	1.0143971545027128	1.037199343474048
99500000	1.0264044402477217	1.0495518541127749
100000000	1.0385559474050854	1.0620353469944637
100500000	1.050834437046499	1.0746278978887518
101000000	1.0632228071710308	1.0873123015455077
101500000	1.075704054234849	1.100071053432753
102000000	1.0882612362546045	1.112886241800432
102500000	1.1008774381811075	1.1257395528531857
103000000	1.1135357401555201	1.1386123353421125
103500000	1.1262191891792699	1.151485733205322
104000000	1.1389107746510856	1.1643408945816731
104500000	1.1515934081497161	1.1771592638704507
105000000	1.1642499077686983	1.189922960037994
105500000	1.1768629872396248	1.2026152386162763
106000000	1.1894152500125197	1.215221026455085
106500000	1.2018891883959242	1.2277275072187674
107000000	1.2142671877950102	1.240124458838734
107500000	1.2265315360234796	1.2523986422296307
108000000	1.238664437604284	1.2645300782897246
108500000	1.2506480329154597	1.2764955718369912
109000000	1.262464421980965	1.2882698093957803
109500000	1.2740956926526852	1.2998265302875294
110000000	1.2855239528791744	1.3111398521737518
110500000	1.2967313667097655	1.3221856487555366
111000000	1.3077001936399368	1.3329428547680549
111500000	1.3184128308657919	1.3433945682421615
112000000	1.3288518579828132	1.3535288355595472
112500000	1.3390000836371734	1.363339039673522
113000000	1.3488405936173051	1.3728238597747981
113500000	1.3583567998595973	1.3819863307709923
114000000	1.3675324898353298	1.3908083249250458
114500000	1.3763518757864919	1.3992595646208277
115000000	1.3847996432861143	1.407315867121122
115500000	1.3928609986141873	1.4149551514207601
116000000	1.4005217144629651	1.4221580600986257
116500000	1.4077681735152758	1.4289082814097862
117000000	1.4145874094759165	1.4351926113703328
117500000	1.4209671451787946	1.4410008083304684
118000000	1.42689582744052	1.4463252961835618
118500000	1.4323626583838722	1.4511607691612298
119000000	1.4373576230110607	1.4555037436397507
119500000	1.4418715128659843	1.4593520928047827
120000000	1.4458959456857527	1.4627044315421673
120500000	1.4494233810034227	1.4655393367334282
121000000	1.4524471317251313	1.4678428512987916
121500000	1.4549613717644694	1.4696159231277452
122000000	1.4569611398739486	1.4708594346270794
122500000	1.4584423398667474	1.471574177024142
123000000	1.4594017374706736	1.4717608152029586
123500000	1.4598369540996106	1.4714198447548665
124000000	1.4597464578649473	1.4705515427222138
124500000	1.4591295521800811	1.469155913319056
125000000	1.457986362334637	1.467232629743114
125500000	1.4563178204313472	1.4647809730600403
126000000	1.4541256490875267	1.4617997690535887
126500000	1.4514123443048306	1.4582873239028908
127000000	1.44818115790576	1.4542408343485542
127500000	1.444436079923555	1.4496539441844711
128000000	1.4401818213141504	1.444540216228594
128500000	1.4354237973353854	1.4389171456142196
129000000	1.4301681119102732	1.432800537271099
129500000	1.4244215432585823	1.4262046748926025
130000000	1.4181915310449673	1.4191424682680995
130500000	1.4114861652531614	1.4116255830195605
131000000	1.404314176955029	1.4036645566093247
131500000	1.3966849311012557	1.3952689044413857
132000000	1.3886084214177952	1.3864472199799867
132500000	1.3800952674494478	1.3772072730813034
133000000	1.3711567137496976	1.3675561112098296
133500000	1.3618046311745908	1.3575001689355888
134000000	1.3520515201983954	1.3470453921416539
134500000	1.3419105161303604	1.3361978788859938
135000000	1.3313953960753195	1.3249793731752522
135500000	1.3205205874462749	1.3134139290086142
136000000	1.3093011778046186	1.3015213051088763
136500000	1.2977529257732496	1.2893211275751535
137000000	1.2858922727394853	1.2768330125312448
137500000	1.2737363550382856	1.264076669586726
138000000	1.2613030162816816	1.2510719848566936
138500000	1.2486108194772163	1.2378390813629758
139000000	1.235679058556431	1.2243983537415386
139500000	1.2225277689136087	1.2107704733500804
140000000	1.2091777365347796	1.196976359185346
140500000	1.1956505052770636	1.1830371096088519
141000000	1.1819683818383921	1.1689738899315167
141500000	1.1681544379371427	1.1548079593817784
142000000	1.1542325092000143	1.1405703583689926
142500000	1.1402271902343126	1.126286557506081
143000000	1.1261638253376725	1.1119785885529183
143500000	1.1120684942742953	1.0976720848056103
144000000	1.0979679925224262	1.0833961311332403
144500000	1.0838898053738149	1.0691828870819307
145000000	1.0698620752435861	1.055066943228458
145500000	1.0559135615299835	1.0410843898822497
146000000	1.042073592350316	1.0272716077102997
146500000	1.02837200747515	1.0136638307164838
147000000	1.0148390917913037	1.0002935787846454
147500000	1.0015054986500391	0.987189101731147
148000000	0.9884021625053945	0.9743730090413117
148500000	0.9755602003247601	0.961861268622548
149000000	0.9630108013658251	0.9496698952550813
149500000	0.9507851050670935	0.9378384804035133
150000000	0.9389140669990736	0.9264053594039159
150500000	0.9274283130743862	0.9154097292431228
151000000	0.9163579825200266	0.9048903920480653
151500000	0.9057325604735382	0.8948839607858985
152000000	0.8955807014728121	0.8854234023344925
152500000	0.8859300455579412	0.8765370108920261
153000000	0.8768070291791099	0.8682478433608942
153500000	0.8682366935872816	0.8605735927732125
154000000	0.8602424938495088	0.8535268344377951
154500000	0.8528461120484682	0.8471155559399869
155000000	0.846067278563602	0.8413438756910091
155500000	0.8399236055555253	0.8362280654803183
156000000	0.8344304368547528	0.8317998277672698
156500000	0.8296007183641352	0.8280673396977132
157000000	0.8254448928043935	0.8250356256113418
157500000	0.8219708221580935	0.8227069472165405
158000000	0.819183740507502	0.8210808646775272
158500000	0.8170862391388578	0.8201543780237271
159000000	0.815678284836648	0.8199221294999823
159500000	0.8149572712650676	0.8203766500043972
160000000	0.8149181022865704	0.8215086352827266
160500000	0.8155533050589366	0.8233072398952744
161000000	0.8168531698399993	0.8257603790679078
161500000	0.8188059126631452	0.8288550303606548
162000000	0.8213978564653659	0.8325775286397815
162500000	0.8246136258768834	0.8369203206612222
163000000	0.8284363507253747	0.841866665048
163500000	0.8328478733614882	0.8473851486376986
164000000	0.8378289551552697	0.8534462684348912
164500000	0.8433594779147019	0.8600223889290266
165000000	0.8494186365006507	0.8670876278544739
165500000	0.8559851195171826	0.8746177479137816
166000000	0.8630372756032465	0.8825900530230706
166500000	0.8705532635053528	0.8909832872124559
167000000	0.8785111847408513	0.8997775339344681
167500000	0.8868891982440639	0.9089541131383914
168000000	0.8956656169060849	0.9184954730049297
168500000	0.9048189863634519	0.9283850726527598
169000000	0.9143281467568988	0.9386072513729796
169500000	0.9241722784696016	0.9491469238195348
170000000	0.934330933069063	0.9599818793620655
170500000	0.9447840508249046	0.9710857568203144
171000000	0.9555119662647172	0.9824350230775831
171500000	0.9664954032708335	0.9940077046014556
172000000	0.9777154612214966	1.0057831779780884
172500000	0.9891535936489124	1.0177419858530932
173000000	1.0007915808318488	1.0298656747949664
173500000	1.0126114976684404	1.0421366519594812
174000000	1.0245956780913612	1.054538057690304
174500000	1.0367266771969912	1.0670536513488802
175000000	1.0489872321662623	1.079667707729887
175500000	1.0613602229601167	1.0923649213910651
176000000	1.073828633678838	1.105130316113398
176500000	1.0863755153831574	1.117949156518999
177000000	1.0989839510867365	1.130804212462707
177500000	1.111637023544677	1.1436776515632587
178000000	1.1243177863811815	1.1565540928265436
178500000	1.1370092390212363	1.1694163053462283
179000000	1.1496943058159221	1.182245301081785
179500000	1.1623558196783597	1.195020565963236
180000000	1.1749765104771055	1.207720426465213
180500000	1.1875389983656361	1.2203225663233075
181000000	1.2000257921603035	1.2328046979211202
181500000	1.2124192928146016	1.2451453776437136
182000000	1.2247018019747735	1.257324934541927
182500000	1.2368555355407542	1.269326458581295
183000000	1.248862642097417	1.2811367716054614
183500000	1.260705226024305	1.2927472852870272
184000000	1.2723653750378585	1.3041546408071634
184500000	1.2838251918690864	1.315353646384915
185000000	1.2950668297320884	1.3263191633793967
185500000	1.3060725311954213	1.3370243077873443
186000000	1.3168246700295536	1.347441310250558
186500000	1.3273057955701106	1.3575429376102146
187000000	1.3374986791088141	1.367303917202536
187500000	1.3473863618024986	1.3767021092319365
188000000	1.3569522035756978	1.3857193392752098
188500000	1.3661799324844552	1.3943418486483667
189000000	1.3750536940084659	1.4025603673231326
189500000	1.3835580997454988	1.410369853806252
190000000	1.391678274996388	1.4177689732727148
190500000	1.3993999047505328	1.4247593973530315
191000000	1.4067092776106247	1.431326427317545
191500000	1.4135933272308023	1.4374400329504806
192000000	1.420039670884166	1.4430857141963316
192500000	1.4260366448228259	1.4482507614779907
193000000	1.4315733361457499	1.4529242873982569
193500000	1.4366396109456643	1.4570971681435674
194000000	1.4412261385651874	1.4607619000909837
194500000	1.4453244118532427	1.4639123994596523
195000000	1.4489267633744656	1.4665437677027306
195500000	1.452026377585681	1.4686520401782215
196000000	1.454617299053501	1.4702339309262609
196500000	1.4566944368445647	1.471286582348185
197000000	1.4582535652738813	1.4718073253029529
197500000	1.4592913212462373	1.4717933409151314
198000000	1.4598051984698195	1.471228435340924
198500000	1.459793538859379	1.470110898405601
199000000	1.4592555214778902	1.4684515967799594
199500000	1.4581911493902695	1.466260112353856
200000000	1.4566012348201303	1.4635448452981652
200500000	1.4544873830106189	1.4603131029721574
201000000	1.45185197519321	1.4565711755054402
201500000	1.448698151064146	1.4523243992969173
202000000	1.445029791157326	1.4475772099708295
202500000	1.4408514994853872	1.4423331865711226
203000000	1.4361685867980105	1.4365950890086376
203500000	1.430987054778801	1.4303648910438176
204000000	1.4253135814700997	1.4236438114327388
204500000	1.4191555081795613	1.416432346331632
205000000	1.4125208280839563	1.408732727152533
205500000	1.4054181767051843	1.4005608629514659
206000000	1.397856824391647	1.3919366782583673
206500000	1.3898466708954946	1.3828787545161463
207000000	1.3813982420935114	1.3734044883438643
207500000	1.3725226888570563	1.3635302390293385
208000000	1.3632317880349547	1.3532714609398369
208500000	1.3535379454729812	1.3426428249074593
209000000	1.3434542009549109	1.3316583325667704
209500000	1.3329942349132267	1.3203314277283726
210000000	1.3221723767226725	1.3086751091731004
210500000	1.3110036143570551	1.2967020497647386
211000000	1.299503605158962	1.2844247275292289
211500000	1.287688687443415	1.271855575364927
212000000	1.2755758926298293	1.25900777003258
212500000	1.2631829575717364	1.2459107342713862
213000000	1.250528336730454	1.2325890652640092
213500000	1.237631213816939	1.2190623782982242
214000000	1.2245115125050956	1.2053516278367835
214500000	1.211189905799542	1.1914792003155892
215000000	1.1976878236209128	1.1774689523705972
215500000	1.1840274581517458	1.163346176855324
216000000	1.1702317664656006	1.1491374765428959
216500000	1.1563244699409805	1.1348705241913957
217000000	1.1423300499396067	1.1205736886070976
217500000	1.1282737392055853	1.1062755105975177
218000000	1.1141815084181954	1.0920040214928681
218500000	1.1000800473066579	1.0777859113189672
219000000	1.0859967397111456	1.0636455742938922
219500000	1.0719596319516607	1.0496052351641174
220000000	1.0579973938467737	1.0356940023530794
220500000	1.0441392717100113	1.0219408920016546
221000000	1.0304150326459185	1.0083784382495833
221500000	1.0168548994740587	0.9950431850323118
222000000	1.0034894756321628	0.9819743140923078
222500000	0.9903496594544485	0.9692119691352318
223000000	0.9774665472935711	0.9567954113984896
223500000	0.9648713250610661	0.9447611851218003
224000000	0.9525951479077267	0.9331414885517035
224500000	0.9406690079578708	0.9219629302776388
225000000	0.9291235902547141	0.9112458030921073
225500000	0.917989117370949	0.9010039377734114
226000000	0.9072951834892606	0.8912454278513446
226500000	0.897070579158489	0.881999794900422
227000000	0.8873431083745407	0.873307494739092
227500000	0.878139400107766	0.865199644203984
228000000	0.8694847168816704	0.8577047645478256
228500000	0.8614027634773721	0.8508478593770702
229000000	0.8539154992650698	0.8446498400851373
229500000	0.847042958015701	0.8391272646956288
230000000	0.8408030792893754	0.8342923388544875
230500000	0.8352115556000558	0.8301531208088521
231000000	0.8302816994913129	0.8267138731434597
231500000	0.8260243344068711	0.8239755100974452
232000000	0.8224477127945169	0.8219360980193466
232500000	0.8195574642487873	0.820591376055925
233000000	0.8173565756973674	0.8199435194267293
233500000	0.8158454047031977	0.8200048859242859
234000000	0.8150217259360337	0.8207605963456442
234500000	0.8148808098192795	0.8221936444055942
235000000	0.8154155313398431	0.8242865957016233
235500000	0.8166165060786421	0.8270216768239697
236000000	0.818472249728677	0.8303808732691094
236500000	0.8209693567566814	0.8343460342607472
237000000	0.824092693459432	0.8388989819214131
237500000	0.8278256004774384	0.8440216218575894
238000000	0.8321500998519706	0.8496960520385328
238500000	0.8370471019277028	0.855904666787285
239000000	0.8424966077833015	0.8626302526917548
239500000	0.8484779033797077	0.8698560732190699
240000000	0.8549697422108311	0.8775666629743709
240500000	0.8619505138844662	0.8857402780169944
241000000	0.8693983967159703	0.894345211405229
241500000	0.8772914930524138	0.9033518641284697
242000000	0.8856079466359074	0.912733058220265
242500000	0.8943260418437784	0.9224638017205281
243000000	0.9034242850991512	0.9325210719665431
243500000	0.9128814691233191	0.9428836134574973
244000000	0.9226767210009637	0.9535317464490206
244500000	0.9327895352546132	0.9644471822380734
245000000	0.9431997932823442	0.9756128407756618
245500000	0.9538877706107671	0.9870126657730642
246000000	0.9648341334628289	0.9986314318202554
246500000	0.9760199261460222	1.0104545371823745
247000000	0.9874265507398451	1.02246777484683
247500000	0.9990357405096114	1.0346539968076973
248000000	1.010829528403933	1.0469887380851073
248500000	1.022790211911094	1.0594532584875371
249000000	1.034900315459792	1.072029359640036
249500000	1.0471425514561186	1.0846989002383207
250000000	1.059499780953891	1.097443734447473
250500000	1.0719549748614865	1.1102456934956648
251000000	1.084491176496599	1.1230866151753123
251500000	1.0970914662115527	1.1359484265285986
252000000	1.1097389287263106	1.1488132849782682
252500000	1.1224166237243123	1.1616637823031328
253000000	1.1351075601875578	1.1744832138312062
253500000	1.1477946748716066	1.1872559116837396
254000000	1.160460815248251	1.1999676355276998
254500000	1.173088727173044	1.2126059778065421
255000000	1.18566104746641	1.2251582767840488
255500000	1.1981603015305393	1.2376073066365287
256000000	1.2105689060594782	1.2499323982759598
256500000	1.2228691768367217	1.2621102379741953
257000000	1.2350433415533475	1.2741157217772183
257500000	1.2470735575203697	1.28592302759064
258000000	1.2589419340918249	1.297506852349973
258500000	1.2706305595605514	1.3088437281484175
259000000	1.2821215322370507	1.3199133040665636
259500000	1.2933969953736935	1.3306994667799796
260000000	1.304439175552495	1.3411911780818988
260500000	1.3152304241152117	1.351382932774479
261000000	1.325753261180093	1.361274782679375
261500000	1.3359904217610024	1.3708692049066773
262000000	1.3459249034820933	1.380140757511399
262500000	1.355540015365314	1.3890601130667157
263000000	1.3648194271591216	1.3976017365274667
263500000	1.3737472186751212	1.4057421327622026
264000000	1.382307928605075	1.4134606230427356
264500000	1.3904866023039515	1.4207397925243592
265000000	1.3982688380452564	1.427565637704372
265500000	1.4056408312825979	1.4339274638849484
266000000	1.4125894164859756	1.4398175927391714
266500000	1.419102106162093	1.4452309408303938
267000000	1.4251671267144619	1.4501645239940237
267500000	1.430773450850492	1.454616932657779
268000000	1.4359108262982136	1.458585200199444
268500000	1.4405698006538397	1.462041030278351
269000000	1.4447417422420077	1.4649752140295635
269500000	1.4484188569321765	1.4673861624471063
270000000	1.4515942009161156	1.4692725660256405
270500000	1.4542616895116858	1.4706333421669446
271000000	1.456416102116024	1.4714675689473262
271500000	1.4580530834857683	1.4717744092060745
272000000	1.4591691415721897	1.4715530280508164
272500000	1.4597616421841244	1.4708025061484336
273000000	1.4598288007907252	1.4695217505804812
273500000	1.459369671808671	1.4677094045822963
274000000	1.458384135744181	1.4653637571450189
274500000	1.4568728845786596	1.462482653230676
275000000	1.4548374057979743	1.4590621870395641
275500000	1.452279965469276	1.4550945332626861
276000000	1.44920359076611	1.4505936990646373
276500000	1.4456120523326612	1.4455763338917564
277000000	1.4415098468618022	1.44005740505882
277500000	1.436902180239722	1.434050361434523
278000000	1.4317949515829151	1.4275672759248315
278500000	1.4261947384619333	1.4206189704343901
279000000	1.4201087835712494	1.4132151268728823
279500000	1.4135449830665974	1.405364387756599
280000000	1.4065118767509435	1.3970744500593577
280500000	1.399018640248568	1.3883521562188814
281000000	1.3910750792641862	1.3792035866393542
281500000	1.3826916259812618	1.3696341586930134
282000000	1.3738793376112364	1.3596487381726092
282500000	1.364649897063716	1.3492523449638827
283000000	1.3550156156671962	1.3384655637065774
283500000	1.3449894378309852	1.3273119346762334
284000000	1.3345849475018203	1.3158111892779876
284500000	1.323816376233457	1.303982715203265
285000000	1.312698612654424	1.2918456850859115
285500000	1.3012472130880757	1.2794191680359936
286000000	1.2894784130501267	1.2667222243109593
286500000	1.2774091393219154	1.2537739827029961
287000000	1.2650570222724786	1.2405936995807962
287500000	1.2524404080790128	1.2272007979363164
288000000	1.2395783704731866	1.2136148842849424
288500000	1.2264907216196406	1.1998557409088748
289000000	1.21319802171272	1.1859432908102172
289500000	1.1997215868574744	1.1718976040065776
290000000	1.1860834947809822	1.1577493301665467
290500000	1.1723065878997787	1.1435249147221922
291000000	1.158414473248141	1.1292451548358637
291500000	1.144431518750135	1.1149341529221546
292000000	1.130382845295511	1.1006192690704841
292500000	1.1162943140557529	1.0863308889944212
293000000	1.1021925084523008	1.0721019645971905
293500000	1.0881047101647892	1.0579672946060548
294000000	1.074058868544145	1.0439625331069589
294500000	1.0600835627751937	1.0301229449970053
295000000	1.0462079561182749	1.0164819678340955
295500000	1.0324617415520507	1.0030696846253269
296000000	1.018875078143893	0.989911353816749
296500000	1.005478517494399	0.9770261709585976
297000000	0.992302919643693	0.964427827480097
297500000	0.9793793578951221	0.9521482150845335
298000000	0.9667390121128772	0.940226214374515
298500000	0.954413050190197	0.9287006448559392
299000000	0.9424324975701348	0.9176112318837002
299500000	0.9308280949363059	0.9069966552970882
300000000	0.9196301444797599	0.8968928240919021
300500000	0.9088683454908102	0.8873315200304882
301000000	0.8985716204185481	0.8783394951168698
301500000	0.8887679329784262	0.8699380446767552
302000000	0.8794841003576148	0.8621430216445515
302500000	0.8707456020508572	0.85496521705248
303000000	0.8625763883328134	0.8484110100700466
303500000	0.8549986918081633	0.8424877323935968
304000000	0.8480328458460277	0.8372312676137098
304500000	0.8416971139670104	0.8326587031437241
305000000	0.8360075343770126	0.8287793138836388
305500000	0.8309777838038631	0.8255994217705118
306000000	0.8266190645704249	0.8231223719008277
306500000	0.8229400184217245	0.821348618224615
307000000	0.8199466700177419	0.8202758939479445
307500000	0.8176424022261577	0.8198994446444895
308000000	0.8160279644335492	0.8202123052540652
308500000	0.8151015140846779	0.8212056052656727
309000000	0.8148586906122669	0.8228688892430198
309500000	0.8152927198933216	0.8251904423631565
310000000	0.8163945464212693	0.8281576127823658
310500000	0.8181529895686974	0.8317594749969364
311000000	0.820554919675578	0.8359903479104382
311500000	0.8235854492610286	0.8408222155941549
312000000	0.8272281344357764	0.8462254398607953
312500000	0.8314651815849297	0.8521721222625741
313000000	0.8362776545796629	0.8586360099103354
313500000	0.8416456781341535	0.8655924063222479
314000000	0.8475486334149173	0.8730180863216652
314500000	0.8539653425941135	0.8808912134752662
315000000	0.8608742396766856	0.8891912581437693
315500000	0.8682535255863254	0.8978989138337429
316000000	0.8760813061350913	0.9069960091284339
316500000	0.884335712100425	0.9164654119827237
317000000	0.8929950011724357	0.9262909225382842
317500000	0.9020376420016053	0.9364571497916512
318000000	0.9114423809667221	0.9469457339892519
318500000	0.9211882925940557	0.9577296241759043
319000000	0.9312548147948986	0.9687838162061918
319500000	0.94162177025587	0.9800851313419818
320000000	0.9522693754227812	0.9916119548990376
320500000	0.9631782385733266	1.003344032821832
321000000	0.9743293484855877	1.0152622906062307
321500000	0.9857040551869665	1.0273486709232886
322000000	0.9972840442197075	1.0395859865251151
322500000	1.0090513057917025	1.0519577851345079
323000000	1.0209881001006857	1.0644482230400856
323500000	1.0330769200310672	1.077041944044621
324000000	1.0453004523294365	1.0897239602556066
324500000	1.0576415382700342	1.1024795309795974
325000000	1.0700831347273043	1.1152931326595623
325500000	1.0826082764805247	1.1281449310864096
326000000	1.0952000404862423	1.1410192536711659
326500000	1.1078415127682386	1.1538997562394842
327000000	1.1205157584922443	1.1667684651317258
327500000	1.1332057957134007	1.179605915968855
328000000	1.1458945732083152	1.1923914057453533
328500000	1.1585649527302229	1.2051033757367746
329000000	1.1711996959548836	1.2177199369086185
329500000	1.1837814563160614	1.230219539379617
330000000	1.1962927758626425	1.2425817726414436
330500000	1.2087160872044147	1.2547882640796146
331000000	1.2210337205501436	1.2668236214359925
331500000	1.2332279157800585	1.278676343109881
332000000	1.2452808394351813	1.2903396027500404
332500000	1.2571746064484246	1.3018107339618359
333000000	1.268891306387415	1.313073582323502
333500000	1.2804130339269473	1.324102115647528
334000000	1.2917219232202979	1.3348691168627893
334500000	1.3028001857939517	1.3453468553272792
335000000	1.3136301515500821	1.3555086110188421
335500000	1.3241943124259372	1.3653300486623534
336000000	1.33447536822975	1.3747903218203932
336500000	1.3444562741493222	1.3838728234047781
337000000	1.354120289412501	1.3925655457618549
337500000	1.3634510265688082	1.400861060898161
338000000	1.3724325008587195	1.4087561709497294
338500000	1.3810491791416994	1.4162513050629133
339000000	1.3892860278662105	1.4233461779141083
339500000	1.397128559584396	1.43001077565026
340000000	1.4045628775407872	1.4362238830889702
340500000	1.4115757178979425	1.4419704326058467
341000000	1.41815448920182	1.4472373065719875
341500000	1.4242873087353587	1.4520133712990686
342000000	1.4299630354594721	1.4562893901578775
342500000	1.4351712992955794	1.4600578503975734
343000000	1.4399025265619338	1.4633127333781708
343500000	1.444147961436434	1.4660492522873771
344000000	1.447899683380117	1.468263575771252
344500000	1.4511506205171276	1.4699525507716165
345000000	1.4538945590274588	1.47111343348633
345500000	1.4561261486670691	1.4717436338298675
346000000	1.4578409045851197	1.4718351642154646
346500000	1.4590352056589686	1.4713716603224896
347000000	1.4597062896134299	1.470361418481344
347500000	1.4598522452308578	1.46881370573492
348000000	1.4594720019922418	1.466736654809765
348500000	1.4585653175162558	1.4641373476416375
349000000	1.4571327631827868	1.461021886288636
349500000	1.4551757083397368	1.457395451993883
350000000	1.4526963034968783	1.453262353546419
350500000	1.449697462908423	1.4486260663760993
351000000	1.4461828469370435	1.443489264060201
351500000	1.4421568445768222	1.437853844161762
352000000	1.4376245564915229	1.431720950603982
352500000	1.4325917788983045	1.4250909951532473
353000000	1.4270649885962405	1.4179638587265893
353500000	1.4210513294044471	1.4103477156224962
354000000	1.414558600237025	1.4022621430065862
354500000	1.4075952450021245	1.393726144601991
355000000	1.4001703444709166	1.384757397872638
355500000	1.3922936102197945	1.3753724116086632
356000000	1.3839753807063846	1.3655866660680867
356500000	1.375226619497389	1.355414739945094
357000000	1.3660589156244776	1.3448704282782895
357500000	1.3564844860038017	1.3339668554431947
358000000	1.3465161798155008	1.3227165875998625
358500000	1.3361674847021308	1.3111317494055246
359000000	1.3254525346094752	1.2992241504790876
359500000	1.3143861190597277	1.2870054280525558
360000000	1.3029836936156967	1.2744872135043255
360500000	1.2912613912654514	1.2616879708016575
361000000	1.2792360344295475	1.2486390722370273
361500000	1.2669251472675742	1.2353603048280186
362000000	1.2543469679370518	1.2218718903368166
362500000	1.2415204604353542	1.2081952472563573
363000000	1.2284653256341174	1.1943530644414275
363500000	1.2152020110951847	1.1803693197250662
364000000	1.201751719237111	1.1662692272743187
364500000	1.1881364134012948	1.1520790954032956
365000000	1.1743788213465818	1.1378260757565437
365500000	1.160502435680308	1.1235377860454965
366000000	1.14653151071201	1.1092417928984517
366500000	1.1324910551933827	1.0949649499899576
367000000	1.1184068203843904	1.0807326004421196
367500000	1.1043052828612054	1.0665676901637307
368000000	1.0902136214573992	1.0524968317006091
368500000	1.0761596877065396	1.0385488083687233
369000000	1.0621719691336056	1.0247530496461763
369500000	1.0482795447265827	1.0111435185730067
370000000	1.0345120319108625	0.9977576491011919
370500000	1.020899524351319	0.9846349225814841
371000000	1.0074725199243828	0.9718151689091155
371500000	0.9942618382400462	0.959336733254491
372000000	0.9812985271572829	0.9472346897588659
372500000	0.9686137578319415	0.9355392973279956
373000000	0.956238707970038	0.9242748732462239
373500000	0.9442044331375719	0.9134592094668642
374000000	0.93254172620565	0.9031035841869488
374500000	0.9212809652903761	0.8932206444188776
375000000	0.9104519508815736	0.8838532091032751
375500000	0.900083733241076	0.8750364484377697
376000000	0.890204431582956	0.8668021567379403
376500000	0.8808410470137694	0.8591792211928898
377000000	0.8720192716930871	0.8521927429178388
377500000	0.8637632971511305	0.8458635165298701
378000000	0.8560956251431543	0.8402078297681354
378500000	0.8490368847982249	0.8352375273232778
379000000	0.8426056600993329	0.830960276551634
379500000	0.8368183318799974	0.8273799745215716
380000000	0.8316889385104389	0.8244972429473552
380500000	0.8272290592525747	0.8223099673818445
381000000	0.8234477238760592	0.8208152302751222
381500000	0.8203513515493494	0.8200305640470786
382000000	0.8179437212663234	0.8199523812739755
382500000	0.8162259751713579	0.8205662431933602
383000000	0.8151966551474882	0.8218569430890065
383500000	0.814851771987136	0.8238086028987441
384000000	0.8151849054315484	0.8264047829528727
384500000	0.8161873324028569	0.829628602539135
385000000	0.8178481799153449	0.8334628683152254
385500000	0.820154598484282	0.8378902072053102
386000000	0.8230919513822161	0.8428932002505432
386500000	0.8266440148391575	0.8484545138655688
387000000	0.8307931842443295	0.8545570250177871
387500000	0.8355206815682302	0.861183936931109
388000000	0.8408067595583493	0.8683191345451611
388500000	0.8466308987351725	0.8759469745966971
389000000	0.8529719937881287	0.8840375504238259
389500000	0.859808526603736	0.8925596796614891
390000000	0.867118723813062	0.9014847237876643
390500000	0.8748806973894829	0.9107863508167299
391000000	0.8830725674342133	0.9204403167590678
391500000	0.8916725668359865	0.9304242623615453
392000000	0.9006591279699699	0.9407175215582187
392500000	0.9100109520022832	0.9513009378871979
393000000	0.9197070616894688	0.9621566848467129
393500000	0.9297268388091772	0.9732680857473115
394000000	0.9400500475355346	0.9846194280402906
394500000	0.9506568451875089	0.9961957663325604
395000000	0.9615277818404153	1.0079827072972785
395500000	0.9726437903080745	1.0199658560316485
396000000	0.9839861679855094	1.032122290013211
396500000	0.9955365519969199	1.0444302121573852
397000000	1.0072768890287653	1.056870929231132
397500000	1.0191894011486833	1.0694260198383487
398000000	1.0312565488232805	1.0820772370322131
398500000	1.0434609922548446	1.094806448815036
399000000	1.055785552062552	1.1075956195460055
399500000	1.0682131702392463	1.1204268360679899
400000000	1.0807268722224632	1.133282382804394
400500000	1.0933097308285622	1.1461448699902244
401000000	1.1059448327123804	1.1589974183579885
401500000	1.1186152479317815	1.171823901720646
402000000	1.1313040031167207	1.1846092456758592
402500000	1.143994058665966	1.1973397758120163
403000000	1.1566682903207486	1.2100029177987266
403500000	1.1693094753934872	1.2225835897937263
404000000	1.1819002838605954	1.2350631791169095
404500000	1.1944232744613432	1.2474201572071526
405000000	1.2068608958793756	1.2596307306947667
405500000	1.219195493019995	1.271669719350388
406000000	1.2314093183343386	1.2835116374829099
406500000	1.2434845480817545	1.295131923132142
407000000	1.2554033033637377	1.3065082271758344
407500000	1.2671476757074691	1.3176216489345638
408000000	1.2786997569244087	1.3284577928265775
408500000	1.2900416729203008	1.3390075271448014
409000000	1.3011556210874935	1.3492673524698184
409500000	1.3120239108696783	1.359239330255519
410000000	1.322629007053111	1.3689181632599707
410500000	1.3329535753079955	1.37827131203408
411000000	1.3429805294792536	1.3872718359740719
411500000	1.352693080108061	1.395894268173324
412000000	1.3620747836543912	1.4041154514941672
412500000	1.3711095918870475	1.4119152712725695
413000000	1.3797819009111074	1.419277053633305
413500000	1.388076599313722	1.4261876611597701
414000000	1.3959791149275556	1.432637338848792
414500000	1.4034754597368242	1.4386193731246206
415000000	1.4105522724833486	1.4441296268937271
415500000	1.4171968585690875	1.449166006949064
416000000	1.4233972268964314	1.4537279094218476
416500000	1.4291421233375843	1.457801718339719
417000000	1.4344210605786694	1.4613612937736433
417500000	1.439224344141978	1.4644030704689144
418000000	1.4435430944498593	1.4669243977461184
418500000	1.4473692648552257	1.4689230544134801
419000000	1.450695655625271	1.4703971777441662
419500000	1.4535159239257422	1.47134517786217
420000000	1.455824589911815	1.4717656424795968
420500000	1.4576170390873044	1.4716572357434823
421000000	1.4588895211455104	1.471018593970434
421500000	1.4596391455517064	1.4698482202643468
422000000	1.4598638741682022	1.4681443794088787
422500000	1.4595625112575756	1.4659049939825164
423000000	1.4587346912274497	1.4631275423422734
423500000	1.4573808645008712	1.4598038416837327
424000000	1.4555022819097174	1.45593448518177
424500000	1.4531009780146131	1.451536365899029
425000000	1.4501797537537897	1.4466248226350795
425500000	1.446742158815367	1.4412136026928177
426000000	1.4427924741132163	1.4353150117338
426500000	1.4383356947262884	1.4289400444200078
427000000	1.4333775136357922	1.4220984992496661
427500000	1.4279243065644203	1.4147990809546749
428000000	1.4219831181878522	1.4070494938772629
428500000	1.4155616499515067	1.3988565299115365
429000000	1.4086682496859781	1.3902261549134534
429500000	1.401311903173203	1.381163597989741
430000000	1.3935022277731284	1.3716734488230058
430500000	1.3852494681777956	1.361759769243355
431000000	1.3765644943172752	1.3514324444613737
431500000	1.3674588013998121	1.3407168899915847
432000000	1.3579445120278042	1.329633351624843
432500000	1.3480343802916992	1.3182012713557243
433000000	1.3377417977063057	1.3064396972681473
433500000	1.3270808008180706	1.2943674066918303
434000000	1.3160660802782842	1.2820030136878302
434500000	1.3047129911453579	1.2693650615886352
435000000	1.2930375641498921	1.2564721007932174
435500000	1.2810565176285857	1.243342751550476
436000000	1.2687872698074996	1.229995751065462
436500000	1.2562479510910554	1.216449983956292
437000000	1.2434574159908267	1.202724494918984
437500000	1.2304352543066122	1.1888384824893947
438000000	1.2172018011519343	1.1748149211998578
438500000	1.203778145395902	1.1606870196795558
439000000	1.1901861360735984	1.1464753107251981
439500000	1.1764483862967985	1.1322017249123935
440000000	1.1625882741762321	1.1178912966438337
440500000	1.148629940244938	1.103572078318988
441000000	1.1345982808496853	1.089274870839446
441500000	1.1205189369540438	1.0750327309725158
442000000	1.1064182777723688	1.0608802269243127
442500000	1.0923233786297573	1.0468524339095324
443000000	1.0782619924194696	1.032983692221885
443500000	1.0642625140081554	1.019306189759681
444000000	1.0503539369221713	1.0058484745983265
444500000	1.0365658016384054	0.9926340433472695
445000000	1.0229281348032369	0.9796801778393612
445500000	1.0094713787181977	0.9670043148298826
446000000	0.9962263104651197	0.9546445891024719
446500000	0.9832239501028773	0.9426384231131408
447000000	0.9704954574581126	0.9310252117758497
447500000	0.9580720171601933	0.9198448651438684
448000000	0.9459847117417395	0.9091358796677224
448500000	0.9342643828461147	0.8989336533419425
449000000	0.9229414808557853	0.8892691861474225
449500000	0.9120459035821601	0.8801682478347257
450000000	0.9016068250365031	0.8716510305594648
450500000	0.8916525157272306	0.8637322468048569
451000000	0.8822101563902534	0.8564215921663223
451500000	0.8733056475402123	0.8497244714357893
452000000	0.8649634177093685	0.8436593756867684
452500000	0.8572062336908486	0.8382614895272003
453000000	0.8500550164926237	0.8335444923322061
453500000	0.8435286670049744	0.8295188212022736
454000000	0.8376439055538962	0.8261917924834451
454500000	0.8324151295265254	0.823567589291027
455000000	0.8278542930890129	0.8216473647319663
455500000	0.8239708126594828	0.8204294334088531
456000000	0.8207715012483789	0.8199095271306838
456500000	0.8182605340497576	0.8200810944410154
457000000	0.8164394467884983	0.8209356271730986
457500000	0.8153071673420559	0.8224630005188791
458000000	0.814860080113517	0.8246518159513219
458500000	0.8150921215938493	0.8274897387446325
459000000	0.8159949045746823	0.8309713759751199
459500000	0.8175578676138511	0.8350835574161986
460000000	0.8197684456600461	0.839796495025718
460500000	0.8226122572431396	0.8450819132131312
461000000	0.8260733033507658	0.8509130841071638
461500000	0.8301341730413767	0.8572647542064032
462000000	0.8347762509766021	0.8641130748460488
462500000	0.8399799223663414	0.8714355354032187
463000000	0.845724771275004	0.8792108976540994
463500000	0.8519897687978975	0.8874191292886136
464000000	0.858753448242984	0.8960413342078939
464500000	0.8659940651069031	0.9050596768140275
465000000	0.8736897402816411	0.9144572969932929
465500000	0.8818185855416272	0.9242182118368282
466000000	0.8903588109197023	0.934326703722446
466500000	0.8992888140700589	0.9447592216672871
467000000	0.9085872521294919	0.9554887884769689
467500000	0.9182330969227678	0.9664907211404412
468000000	0.9282056746160935	0.9777421288460423
468500000	0.9384846911096711	0.9892216891991551
469000000	0.9490502445841508	1.0009094483232426
469500000	0.9598828266848105	1.012786640802896
470000000	0.9709633138509111	1.0248355256639352
470500000	0.982272950284593	1.0370392347059532
471000000	0.9937933240123482	1.04938162951294
471500000	1.005506337429549	1.061847163373296
472000000	1.0173941736413956	1.0744207441492963
472500000	1.0294392598267534	1.087087593860867
473000000	1.0416242287591448	1.0998331004125428
473500000	1.0539318795245576	1.1126390458040947
474000000	1.0663451383813118	1.1254866256392513
474500000	1.078847020614246	1.1383602866517013
475000000	1.0914205941454467	1.151243006099905
475500000	1.1040489455765707	1.1641163458600037
476000000	1.1167151492544398	1.1769606066509513
476500000	1.1294022398712196	1.1897550926232505
477000000	1.1420931890336306	1.2024785015470751
477500000	1.1547708861613235	1.2151094499633524
478000000	1.1674181240031443	1.2276271327232742
478500000	1.1800175889904319	1.240012102009357
479000000	1.1925518565793354	1.2522471326183007
479500000	1.205003391668391	1.2643181194751314
480000000	1.2173545541138733	1.2762149327855685
480500000	1.2295876093032523	1.2879321398336612
481000000	1.2416847436868519	1.2994631585375052
481500000	1.2536280851096522	1.310785393844825
482000000	1.265399727729339	1.321872957425141
482500000	1.2769817612538148	1.3326983995203945
483000000	1.2883563041815496	1.343234198165236
483500000	1.299505540682315	1.3534542531003184
484000000	1.3104117607141488	1.3633352119230806
484500000	1.3210574029357152	1.372857511126403
485000000	1.3314250999418782	1.382006052220551
485500000	1.341497725325046	1.3907704806556178
486000000	1.3512584420458162	1.3991450830816778
486500000	1.3606907515844704	1.407128357912143
487000000	1.3697785433398333	1.4147223395866615
487500000	1.3785061437444677	1.4219164200830876
488000000	1.386858364574986	1.4286781484341224
488500000	1.3948205499536035	1.4349898643013141
489000000	1.4023786215615286	1.440836073332271
489500000	1.4095191216163767	1.4462034011389742
490000000	1.4162292532037941	1.4510806019831393
490500000	1.4224969175975344	1.455458443581602
491000000	1.428310748251492	1.4593295047068666
491500000	1.4336601412009895	1.4626879170233436
492000000	1.4385352816678585	1.4655290764761344
492500000	1.4429271667237376	1.4678493434373951
493000000	1.4468276239272844	1.4696457452676932
493500000	1.4502293259127104	1.4709156902434506
494000000	1.4531258009679666	1.471656393363908
494500000	1.4555114397000257	1.4718491347116096
495000000	1.4573814979408517	1.4714910178820544
495500000	1.458732096099958	1.470590935078755
496000000	1.4595602152168798	1.4691567054992305
496500000	1.459863690008775	1.4671951520678281
497000000	1.459641199243956	1.4647121666444034
497500000	1.4588922538010338	1.4617127639473684
498000000	1.4576171827950848	1.4582011249246503
498500000	1.455817118166727	1.4541806306576777
499000000	1.4534939781371563	1.4496538881524403
499500000	1.4506504499321553	1.4446227496074
500000000	1.44728997217119	1.4390883269931833