109454.	-8.318524744346847e-6	-6.342352961279426e-14	1.5944140844135053e-11	-2.1007167002024903e-13
113235.092	-8.258560928623179e-6	-7.929001683045074e-10	1.5774119887391843e-11	-2.0925680662815945e-13
117016.184	-8.199231832156973e-6	-1.5821971793640909e-9	1.5608949784125722e-11	-2.0820018230670045e-13
120797.276	-8.140512983095723e-6	-2.3670501163802094e-9	1.5451867618374406e-11	-2.0690701651245013e-13
124578.368	-8.08236773480021e-6	-3.1465748797417547e-9	1.5306075596747345e-11	-2.0538279071353185e-13
128359.46	-8.024747403456185e-6	-3.919908540948951e-9	1.5174738102925446e-11	-2.0363321662611548e-13
132140.552	-7.967591415792899e-6	-4.6862101545011394e-9	1.5060979302438326e-11	-2.0166420532613915e-13
135921.644	-7.910827464770164e-6	-5.444661454939002e-9	1.496788132764211e-11	-1.9948183741930806e-13
139702.736	-7.854371670990798e-6	-6.194467443357002e-9	1.4898483068030246e-11	-1.9709233443181478e-13
143483.828	-7.798128747509963e-6	-6.9348568682754675e-9	1.4855779586064877e-11	-1.945020315633939e-13
147264.92	-7.741992165646288e-6	-7.665082606258924e-9	1.484272217362467e-11	-1.9171735192349903e-13
151046.012	-7.68584431935188e-6	-8.384421948083716e-9	1.4862219059000433e-11	-1.8874478235083875e-13
154827.104	-7.629556685670957e-6	-9.092176796600112e-9	1.4917136769140877e-11	-1.85590850896397e-13
158608.196	-7.572989978809057e-6	-9.787673782698892e-9	1.5010302146608863e-11	-1.822621060306034e-13
162389.288	-7.515994295346382e-6	-1.0470264305987014e-8	1.514450501545338e-11	-1.7876509761662808e-13
166170.38	-7.458409248161063e-6	-1.1139324506901347e-8	1.5322501484956546e-11	-1.7510635967399148e-13
169951.472	-7.400064086679521e-6	-1.1794255177048648e-8	1.5547017874968837e-11	-1.7129239493989334e-13
173732.564	-7.340777801142785e-6	-1.2434481614558957e-8	1.5820755241277482e-11	-1.673296612199377e-13
177513.656	-7.280359208669084e-6	-1.3059453431178115e-8	1.614639447413506e-11	-1.6322455950532345e-13
181294.748	-7.218607019004795e-6	-1.366864431771526e-8	1.6526601937650802e-11	-1.5898342382009653e-13
185075.84	-7.155309877988691e-6	-1.4261551774297045e-8	1.696403561214506e-11	-1.5461251274974382e-13
188856.932	-7.090246386908492e-6	-1.483769681167712e-8	1.746135169569462e-11	-1.501180025912368e-13
192638.024	-7.023185096105899e-6	-1.5396623629601642e-8	1.8021211614841004e-11	-1.4550598205459388e-13
196419.116	-6.9538844713885625e-6	-1.593789927795142e-8	1.8646289387647442e-11	-1.4078244843709308e-13
200200.208	-6.882092832035408e-6	-1.646111330606707e-8	1.933927927481163e-11	-1.3595330518341069e-13
203981.3	-6.8075482594408115e-6	-1.6965877405322188e-8	2.010290364616813e-11	-1.3102436073813107e-13
207762.392	-6.729978475735639e-6	-1.745182504964574e-8	2.0939920980414664e-11	-1.2600132859124383e-13
211543.484	-6.649100692053161e-6	-1.791861113830807e-8	2.185313390501001e-11	-1.2088982841236939e-13
215324.576	-6.564621426483951e-6	-1.83659116448838e-8	2.284539717060134e-11	-1.1569538816548954e-13
219105.668	-6.4762362921893515e-6	-1.879342327588968e-8	2.3919625439704634e-11	-1.1042344709287623e-13
222886.76	-6.3836297566297505e-6	-1.920086314216929e-8	2.5078800752285028e-11	-1.0507935945466936e-13
226667.852	-6.286474873420119e-6	-1.958796844566527e-8	2.6325979510906742e-11	-9.966839890911837e-14
230448.944	-6.184432988962999e-6	-1.9954496183782522e-8	2.7664298804749695e-11	-9.419576341786276e-14
234230.036	-6.0771534267426745e-6	-2.030022287310949e-8	2.909698186444752e-11	-8.866658056073951e-14
238011.128	-5.96427315300981e-6	-2.062494429382829e-8	3.0627342407756103e-11	-8.30859131454817e-14
241792.22	-5.8454164285620875e-6	-2.092847525571507e-8	3.225878759880126e-11	-7.745876499926985e-14
245573.312	-5.720194452454368e-6	-2.1210649386207482e-8	3.399481930032022e-11	-7.179008683143699e-14
249354.404	-5.588205004776572e-6	-2.14713189406041e-8	3.583903324802254e-11	-6.608478205969033e-14
253135.496	-5.449032097147874e-6	-2.1710354634059977e-8	3.7795115718059986e-11	-6.034771249598464e-14
256916.588	-5.302245641320638e-6	-2.1927645494658363e-8	3.986683719158725e-11	-5.458370379269322e-14
260697.68	-5.147401148305926e-6	-2.2123098736472543e-8	4.2058042443515195e-11	-4.8797550554925324e-14
264478.772	-4.98403947276025e-6	-2.2296639651186716e-8	4.437263639468885e-11	-4.2994021030778724e-14
268259.864	-4.811686620057804e-6	-2.2448211516523402e-8	4.6814564966811074e-11	-3.717786129793077e-14
272040.956	-4.629853636556507e-6	-2.2577775519430435e-8	4.9387790066472816e-11	-3.1353798872294543e-14
275822.048	-4.438036607105742e-6	-2.26853106917142e-8	5.209625769768414e-11	-2.5526545672444158e-14
279603.14	-4.2357167878905975e-6	-2.2770813855571442e-8	5.494385806067999e-11	-1.970080028212846e-14
283384.232	-4.022360907316149e-6	-2.2834299576270912e-8	5.793437633812543e-11	-1.3881249462409725e-14
287165.324	-3.7974216728678747e-6	-2.2875800119071298e-8	6.107143269831073e-11	-8.072568874719714e-15
290946.416	-3.5603385277897262e-6	-2.2895365407335125e-8	6.435840985943174e-11	-2.279422986370013e-15
294727.508	-3.3105387080522993e-6	-2.2893062978709548e-8	6.779836636150585e-11	3.493535859284324e-15
298508.6	-3.047438657480239e-6	-2.2868977936199937e-8	7.139393348621894e-11	9.241669214859708e-15
302289.692	-2.7704458670921464e-6	-2.282321289095607e-8	7.514719355525084e-11	1.4960355138753388e-14
306070.784	-2.47896121367867e-6	-2.27558878936296e-8	7.905953713208246e-11	2.0644991627056025e-14
309851.876	-2.1723818823690187e-6	-2.2667140351241444e-8	8.313149646180956e-11	2.6291000840551417e-14
313632.968	-1.8501049683316296e-6	-2.255712492662214e-8	8.736255232296843e-11	3.1893834088627596e-14
317414.06	-1.511531863667334e-6	-2.2426013417651772e-8	9.175091135485275e-11	3.744897752101778e-14
321195.152	-1.1560735467505339e-6	-2.227399461373355e-8	9.62932508893803e-11	4.295195846782559e-14
324976.244	-7.831569024065851e-7	-2.2101274127176675e-8	1.0098442839194642e-10	4.8398352358378235e-14
328757.336	-3.9223221188594213e-7	-2.190807419744749e-8	1.0581715284337786e-10	5.3783790140275364e-14
332538.428	1.7218039059886627e-8	-2.1694633466557902e-8	1.1078161582761824e-10	5.910396611167106e-14
336319.52	4.4566887847324535e-7	-2.1461206724206115e-8	1.1586508079098165e-10	6.435464607251426e-14
340100.612	8.935409333835863e-7	-2.1208064621650587e-8	1.2105142998440847e-10	6.953167569427294e-14
343881.704	1.3611867232203296e-6	-2.0935493353690214e-8	1.263206700775324e-10	7.46309890027375e-14
347662.796	1.848875010117841e-6	-2.064379430852739e-8	1.316483994404086e-10	7.964861686489352e-14
351443.888	2.356773070888689e-6	-2.0333283685708943e-8	1.3700524273024676e-10	8.458069536869733e-14
355224.98	2.8849267829017573e-6	-2.0004292082760766e-8	1.4235626180233375e-10	8.942347398391068e-14
359006.072	3.433238457902475e-6	-1.9657164051555042e-8	1.4766035618374187e-10	9.41733233930066e-14
362787.164	4.001442417275031e-6	-1.9292257625863143e-8	1.5286967147953367e-10	9.882674288355437e-14
366568.256	4.589078382890763e-6	-1.8909943821952153e-8	1.5792904015482792e-10	1.0338036719740964e-13
370349.348	5.1954628630302155e-6	-1.8510606114468095e-8	1.6277548611321156e-10	1.0783097273744528e-13
374130.44	5.819658846094706e-6	-1.809463989021257e-8	1.6733783222964504e-10	1.1217548303937885e-13
377911.532	6.460444278322403e-6	-1.7662451882753486e-8	1.7153645820790088e-10	1.164109734244102e-13
381692.624	7.116279996455914e-6	-1.7214459591111874e-8	1.7528326434522332e-10	1.2053467475774108e-13
385473.716	7.785278011028414e-6	-1.675109068603128e-8	1.7848190429682397e-10	1.2454397624848728e-13
389254.808	8.465171286240363e-6	-1.6272782407558336e-8	1.810283557726263e-10	1.2843642723784737e-13
393035.9	9.153286429709158e-6	-1.5779980957841304e-8	1.828119010225822e-10	1.3220973793449578e-13
396816.992	9.84652097589355e-6	-1.5273140893185293e-8	1.837165874721016e-10	1.3586177906882985e-13
400598.084	0.00001054132720086986	-1.4752724519484778e-8	1.8362323126943293e-10	1.3939058045074144e-13
404379.176	0.000011233704617002438	-1.4219201295187694e-8	1.824120110775883e-10	1.4279432842879929e-13
408160.268	0.000011919203431302535	-1.3673047245928427e-8	1.7996567465209827e-10	1.4607136226193027e-13
411941.36	0.000012592941273354583	-1.3114744394899356e-8	1.761733455708261e-10	1.4922016942768323e-13
415722.452	0.000013249635367774653	-1.2544780212917273e-8	1.7093487180709997e-10	1.5223937990377694e-13
419503.544	0.00001388365200436474	-1.1963647091977647e-8	1.6416560287793824e-10	1.5512775947168066e-13
423284.636	0.000014489074616284844	-1.1371841845884536e-8	1.558014209897723e-10	1.5788420210233939e-13
427065.728	0.000015059790997301739	-1.0769865241296645e-8	1.4580378883979364e-10	1.6050772149465162e-13
430846.82	0.000015589599180319963	-1.0158221562243604e-8	1.3416451933957936e-10	1.6299744184686315e-13
434627.912	0.00001607233029668394	-9.537418210848641e-9	1.20909928852846e-10	1.6535258794952967e-13
438409.004	0.000016501985407984794	-8.90796534664262e-9	1.061040145597739e-10	1.6757247469607618e-13
442190.096	0.000016872881951245956	-8.270375566480985e-9	8.985030655746911e-11	1.6965649611317143e-13
445971.188	0.000017179804193761133	-7.625163626676922e-9	7.229209221673756e-11	1.7160411401813512e-13
449752.28	0.000017418151100212713	-6.972846208553077e-9	5.361079605000711e-11	1.734148464143799e-13
453533.372	0.000017584074414117304	-6.313941728187307e-9	3.402241945519511e-11	1.7508825573849435e-13
457314.464	0.00001767459966602035	-5.648970190697014e-9	1.3772091811985793e-11	1.7662393707400682e-13
461095.556	0.00001768772331407637	-4.978453088969352e-9	-6.8730572490801e-12	1.7802150644721012e-13
464876.648	0.000017622480307110336	-4.302913346309868e-9	-2.763234343504343e-11	1.7928058931971152e-13
468657.74	0.000017478977971990626	-3.6228753020517623e-9	-4.8220805636871714e-11	1.8040080939069687e-13
472438.832	0.00001725839413259353	-2.938864738744818e-9	-6.835874926231096e-11	1.8138177781932763e-13
476219.924	0.000016962939578686953	-2.251408949131813e-9	-8.77809620193187e-11	1.8222308297433207e-13
480001.016	0.000016595787202343922	-1.5610368407230065e-9	-1.0624504152602171e-10	1.8292428081377851e-13
483782.108	0.000016160972091336356	-8.682790753987283e-10	-1.235383605643001e-10	1.834848859933402e-13
487563.2	0.00001566326842998091	-1.7366824110735154e-10	-1.394833241077203e-10	1.839043637961542e-13
491344.292	0.00001510805008142004	5.222609476145295e-10	-1.5394072509217626e-10	1.8418212297173458e-13
495125.384	0.00001450114215512322	1.218971423893165e-9	-1.668111638777988e-10	1.843175095653953e-13
498906.476	0.000013848670715226936	1.9159235214294828e-9	-1.7803464131849198e-10	1.8430980181335197e-13
502687.568	0.000013156917136900239	2.612574710232211e-9	-1.8758855305203298e-10	1.8415820617215063e-13
506468.66	0.000012432182590755768	3.3083793195816273e-9	-1.9548439429982652e-10	1.838618545443889e-13
510249.752	0.000011680666872790831	4.0027882528529185e-9	-2.0176352728447319e-10	1.834198027558667e-13
514030.844	0.000010908364443271022	4.695248699024276e-9	-2.0649236974565702e-10	1.8283103033238433e-13
517811.936	0.00001012097921927216	5.3852038458644075e-9	-2.0975733922829143e-10	1.820944416173952e-13
521593.028	9.323858480860901e-6	6.072092599935617e-9	-2.116598422607894e-10	1.8120886826464104e-13
525374.12	8.521945265342256e-6	6.7553493186649935e-9	-2.123115392032514e-10	1.8017307313273247e-13
529155.212	7.719747870041401e-6	7.434403559823884e-9	-2.118300526415793e-10	1.7898575560139728e-13
532936.304	6.921324565847653e-6	8.10867985381716e-9	-2.1033522636893624e-10	1.7764555832176042e-13
536717.396	6.13028132392611e-6	8.777597504215666e-9	-2.079459879132021e-10	1.7615107540553537e-13
540498.488	5.349780245313156e-6	9.440570421970351e-9	-2.0477782297530748e-10	1.7450086205036012e-13
544279.58	4.582556419200773e-6	1.009700699871957e-8	-2.0094083609311823e-10	1.7269344559066232e-13
548060.672	3.830941080830568e-6	1.0746310024548684e-8	-1.9653834810634278e-10	1.70727337955366e-13
551841.764	3.0968891569241972e-6	1.1387876655470544e-8	-1.9166596647649678e-10	1.6860104950540358e-13
555622.856	2.382009543491398e-6	1.2021098435781928e-8	-1.8641105764564064e-10	1.6631310421535524e-13
559403.948	1.6875967320087576e-6	1.264536138029456e-8	-1.8085254966865098e-10	1.638620561545653e-13
563185.04	1.0146626661645881e-6	1.3260046121256038e-8	-1.7506099665392106e-10	1.6124650721375702e-13
566966.132	3.6396795942838305e-7	1.3864528124553175e-8	-1.6909884261869187e-10	1.5846512601348822e-13
570747.224	-2.639481744751852e-7	1.4458177979528964e-8	-1.6302082999125654e-10	1.5551666792072447e-13
574528.316	-8.687397345307427e-7	1.5040361766448986e-8	-1.5687450623480271e-10	1.5239999608940613e-13
578309.408	-1.450227784836327e-6	1.5610441505311336e-8	-1.5070079024943852e-10	1.4911410343012744e-13
582090.5	-2.0083765121775928e-6	1.616777568931846e-8	-1.4453456787852092e-10	1.4565813540301474e-13
585871.592	-2.5432715518206696e-6	1.671171990590325e-8	-1.384052927336236e-10	1.4203141351659844e-13
589652.684	-3.0551005662295742e-6	1.724162754774149e-8	-1.3233757452935388e-10	1.3823345940403875e-13
593433.776	-3.5441360038938327e-6	1.7756850615670285e-8	-1.2635174215443585e-10	1.3426401933653926e-13
597214.868	-4.0107199252345576e-6	1.8256740614883983e-8	-1.2046437283566897e-10	1.3012308902231068e-13
600995.96	-4.4552507563661495e-6	1.8740649545182062e-8	-1.1468878205393103e-10	1.2581093852814537e-13
604777.052	-4.878171816375915e-6	1.9207930985407035e-8	-1.0903547144499031e-10	1.2132813714968228e-13
608558.144	-5.279961457186871e-6	1.9657941271533346e-8	-1.0351253386867771e-10	1.1667557804596776e-13
612339.236	-5.661124654838684e-6	2.009004076715178e-8	-9.812601626216456e-11	1.1185450244410737e-13
616120.328	-6.02218589537734e-6	2.050359522434217e-8	-9.288024190352328e-11	1.0686652321090044e-13
619901.42	-6.363683206063312e-6	2.089797723214526e-8	-8.77780943865119e-11	1.01713647580514e-13
623682.512	-6.6861631921603915e-6	2.1272567749031664e-8	-8.282126602104272e-11	9.639829882077183e-14
627463.604	-6.990176950291845e-6	2.1626757714938104e-8	-7.80104735884931e-11	9.092333661566944e-14
631244.696	-7.276276740591534e-6	2.195994973758847e-8	-7.334564444833081e-11	8.529207593857018e-14
635025.788	-7.545013311163681e-6	2.2271559846966516e-8	-6.882607595380307e-11	7.950830418935889e-14
638806.88	-7.796933779353378e-6	2.2561019310946902e-8	-6.445057102244133e-11	7.357629636990613e-14
642587.972	-8.032579984801581e-6	2.2827776504247365e-8	-6.021755254719644e-11	6.750082807566537e-14
646369.064	-8.252487239061902e-6	2.3071298822032235e-8	-5.612515914548202e-11	6.128718608732765e-14
650150.156	-8.457183405619534e-6	2.329107462869904e-8	-5.2171324540620996e-11	5.494117635531201e-14
653931.248	-8.64718825243647e-6	2.3486615231616187e-8	-4.8353842663581026e-11	4.846912918160819e-14
657712.34	-8.82301302665677e-6	2.3657456868867228e-8	-4.467042035980725e-11	4.1877901418205136e-14
661493.432	-8.985160207860424e-6	2.3803162699408194e-8	-4.1118719391337054e-11	3.51748755190454e-14
665274.524	-9.134123402295306e-6	2.3923324783462743e-8	-3.769638924136528e-11	2.8367955303167297e-14
669055.616	-9.270387345890532e-6	2.401756604048985e-8	-3.440109205879218e-11	2.146555831032961e-14
672836.708	-9.394427988612709e-6	2.408554217165474e-8	-3.123052092483088e-11	1.4476604656870094e-14
676617.8	-9.506712636926097e-6	2.412694353344245e-8	-2.818241248257843e-11	7.4105023286105e-15
680398.892	-9.607700134807072e-6	2.4141496948871153e-8	-2.5254554843179625e-11	2.771288790711982e-16
684179.984	-9.697841066999353e-6	2.4128967442706114e-8	-2.2444791568157397e-11	-6.913190465227404e-15
687961.076	-9.77757797102257e-6	2.4089159887148212e-8	-1.9751022425751582e-11	-1.4149708255374148e-14
691742.168	-9.847345546912214e-6	2.402192054467819e-8	-1.7171201528734945e-11	-2.142128375309084e-14
695523.26	-9.907570855810576e-6	2.3927138495087863e-8	-1.4703333381147378e-11	-2.8716415235347417e-14
699304.352	-9.95867350038663e-6	2.3804746934218064e-8	-1.2345467290706007e-11	-3.602327552214284e-14
703085.444	-0.000010001065781669338	2.3654724332556445e-8	-1.0095690541353214e-11	-4.332975054166931e-14
706866.536	-0.000010035152828265068	2.3477095442618902e-8	-7.952120665598557e-12	-5.0623480710542064e-14
710647.628	-0.000010061332695119993	2.327193214494686e-8	-5.912897108165259e-12	-5.789190487168715e-14
714428.72	-0.000010079996430010281	2.3039354123588644e-8	-3.976172530200749e-12	-6.512230649936652e-14
718209.812	-0.000010091528106812955	2.277952936309043e-8	-2.1401039662810834e-12	-7.230186185033593e-14
721990.904	-0.000010096304825349833	2.249267446028918e-8	-4.0284401401128e-13	-7.941768971276405e-14
725771.996	-0.000010094696678223422	2.2179054745561977e-8	1.237467792365189e-12	-8.645690238086851e-14
729553.088	-0.000010087066685585888	2.1838984209633322e-8	2.782713297749682e-12	-9.340665746367322e-14
733334.18	-0.00001007377069922148	2.1472825233549566e-8	4.2348036264698856e-12	-1.002542101212922e-13
737115.272	-0.000010055157277680411	2.1080988120991243e-8	5.595686581123321e-12	-1.0698696531202048e-13
740896.364	-0.000010031567534497141	2.066393043367754e-8	6.867353470630856e-12	-1.1359252962851969e-13
744677.456	-0.000010003334961758438	2.022215613221474e-8	8.051845312627934e-12	-1.2005876230168904e-13
748458.548	-9.970785231470948e-6	1.9756214526324377e-8	9.151258368019215e-12	-1.2637382495645001e-13
752239.64	-9.934235977315249e-6	1.9266699039939688e-8	1.0167748976629149e-11	-1.3252622971467573e-13
756020.732	-9.89399655947198e-6	1.8754245798160882e-8	1.1103537672660927e-11	-1.385048852566423e-13
759801.824	-9.850367815269889e-6	1.821953204448936e-8	1.196091256729835e-11	-1.4429914047354013e-13
763582.916	-9.803641798438663e-6	1.7663274398105342e-8	1.2742231993415153e-11	-1.4989882536934808e-13
767364.008	-9.754101509754795e-6	1.7086226962188206e-8	1.3449926414162698e-11	-1.5529428890041626e-13
771145.1	-9.702020621851215e-6	1.648917929539423e-8	1.4086499603326008e-11	-1.6047643347486783e-13
774926.192	-9.647663200920452e-6	1.5872954259589576e-8	1.4654529110841455e-11	-1.6543674587094639e-13
778707.284	-9.591283427980523e-6	1.5238405757771934e-8	1.5156666031919563e-11	-1.7016732437302443e-13
782488.376	-9.533125322294944e-6	1.4586416376797107e-8	1.5595634102838354e-11	-1.7466090196558316e-13
786269.468	-9.473422469441951e-6	1.3917894950051052e-8	1.597422815075792e-11	-1.789108654683514e-13
790050.56	-9.412397756417717e-6	1.3233774055565104e-8	1.6295311928905797e-11	-1.829112705393227e-13
793831.652	-9.3502631160322e-6	1.2535007465269993e-8	1.656181537222102e-11	-1.8665685251584594e-13
797612.744	-9.287219282716902e-6	1.1822567561112475e-8	1.6776731312058454e-11	-1.9014303310679353e-13
801393.836	-9.223455561711855e-6	1.1097442733633012e-8	1.6943111691839965e-11	-1.9336592299029516e-13
805174.928	-9.159149613434897e-6	1.0360634778319456e-8	1.706406332861936e-11	-1.9632232041113545e-13
808956.02	-9.094467254660016e-6	9.613156304625362e-9	1.7142743268363607e-11	-1.9900970590913033e-13
812737.112	-9.02956227794725e-6	8.856028171980118e-9	1.718235378535931e-11	-2.0142623334412177e-13
816518.204	-8.964576290570219e-6	8.09027696642971e-9	1.7186137078485427e-11	-2.0357071741434479e-13
820299.296	-8.899638573984536e-6	7.316932530752387e-9	1.7157369719127888e-11	-2.0544261789243424e-13
824080.388	-8.834865964669903e-6	6.537025559996918e-9	1.7099356907232484e-11	-2.070420208270729e-13
827861.48	-8.770362756962616e-6	5.751585273417171e-9	1.701542659334584e-11	-2.0836961697804052e-13
831642.572	-8.706220628273734e-6	4.961637172731086e-9	1.6908923525463904e-11	-2.0942667776814538e-13
835423.664	-8.642518586865327e-6	4.168200895539069e-9	1.678320328006545e-11	-2.1021502904717352e-13
839204.756	-8.579322942132165e-6	3.3722881716029305e-9	1.6641626336821443e-11	-2.1073702297066122e-13
842985.848	-8.516687297111621e-6	2.5749008885355296e-9	1.6487552256125528e-11	-2.1099550830007114e-13
846766.94	-8.45465256272235e-6	1.7770292722887855e-9	1.6324334017772317e-11	-2.1099379943104778e-13
850548.032	-8.393246993014206e-6	9.796501866747296e-10	1.6155312577809996e-11	-2.1073564445303615e-13
854329.124	-8.332486240499432e-6	1.837255550189295e-10	1.5983811698814914e-11	-2.1022519253695097e-13
858110.216	-8.272373430430182e-6	-6.09799094060642e-10	1.5813133106585218e-11	-2.094669609380875e-13
861891.308	-8.212899252692215e-6	-1.3999959558167313e-9	1.5646552023546768e-11	-2.0846580188936945e-13
865672.4	-8.15404206980019e-6	-2.1859561535630066e-9	1.5487313126025858e-11	-2.0722686964569423e-13
869453.492	-8.095768039308241e-6	-2.966790818929084e-9	1.5338626969010322e-11	-2.0575558792388564e-13
873234.584	-8.03803124879178e-6	-3.741632050111379e-9	1.5203666918116525e-11	-2.040576179649654e-13
877015.676	-7.980773861414412e-6	-4.509633750870906e-9	1.508556662425909e-11	-2.0213882742642127e-13
880796.768	-7.923926269967627e-6	-5.269972353778247e-9	1.4987418072016005e-11	-2.0000526029222752e-13
884577.86	-7.86740725716319e-6	-6.021847431876275e-9	1.4912270227948965e-11	-1.976631079678636e-13
888358.952	-7.81112415986769e-6	-6.764482203525065e-9	1.486312831022354e-11	-1.9511868170676566e-13
892140.044	-7.754973034897609e-6	-7.497123935706607e-9	1.4842953695810033e-11	-1.9237838649380467e-13
895921.136	-7.698838823941584e-6	-8.219044251503832e-9	1.485466447639852e-11	-1.8944869649074443e-13
899702.228	-7.64259551514409e-6	-8.929539347826245e-9	1.4901136668943254e-11	-1.8633613212840995e-13
903483.32	-7.586106298872528e-6	-9.627930129737819e-9	1.4985206081507776e-11	-1.8304723891066112e-13
907264.412	-7.529223715196812e-6	-1.0313562267952551e-8	1.510967082983363e-11	-1.7958856797640304e-13
911045.504	-7.471789790638104e-6	-1.098580618620415e-8	1.5277294494803894e-11	-1.7596665844784195e-13
914826.596	-7.413636161789959e-6	-1.1644056985269819e-8	1.549080990572946e-11	-1.7218802157618915e-13
918607.688	-7.3545841834829415e-6	-1.2287734310441104e-8	1.575292352912326e-11	-1.682591266800224e-13
922388.78	-7.294445019249244e-6	-1.2916282169185966e-8	1.6066320437329463e-11	-1.641863888566596e-13
926169.872	-7.233019711952777e-6	-1.3529168705648549e-8	1.6433669825974137e-11	-1.5997615843314842e-13
929950.964	-7.170099232575951e-6	-1.4125885938479928e-8	1.6857631043657523e-11	-1.556347121109033e-13
933732.056	-7.1054645053053286e-6	-1.4705949468299221e-8	1.7340860091499705e-11	-1.5116824574657938e-13
937513.148	-7.038886407229058e-6	-1.5268898160847116e-8	1.7886016544004183e-11	-1.4658286870146946e-13
941294.24	-6.970125741155085e-6	-1.581429381161869e-8	1.8495770836045935e-11	-1.4188459968253779e-13
945075.332	-6.898933180281745e-6	-1.6341720797459016e-8	1.9172811853496156e-11	-1.3707936399007736e-13
948856.424	-6.8250491837033e-6	-1.6850785720266288e-8	1.9919854756842014e-11	-1.3217299207993539e-13
952637.516	-6.748203882017483e-6	-1.7341117047590798e-8	2.073964895794885e-11	-1.2717121934217748e-13
956418.608	-6.668116932623175e-6	-1.7812364754534496e-8	2.1634986159567945e-11	-1.2207968699298339e-13
960199.7	-6.584497344660766e-6	-1.8264199970958785e-8	2.2608708355029816e-11	-1.16903943972385e-13
963980.792	-6.497043273961794e-6	-1.8696314637595966e-8	2.3663715671431513e-11	-1.1164944973717455e-13
967761.884	-6.405441788845374e-6	-1.9108421174235064e-8	2.4802973923157014e-11	-1.0632157783588499e-13
971542.976	-6.309368608138611e-6	-1.9500252162722626e-8	2.6029521723301366e-11	-1.009256201511162e-13
975324.068	-6.208487813415633e-6	-1.987156004708473e-8	2.7346476978035014e-11	-9.546679169365679e-14
979105.16	-6.102451538159846e-6	-2.022211685263629e-8	2.8757042562572396e-11	-8.995023583280644e-14
982886.252	-5.9908996373727436e-6	-2.0551713925510112e-8	3.026451094658434e-11	-8.438102984798457e-14
986667.344	-5.873459342095609e-6	-2.0860161693605775e-8	3.187226750093767e-11	-7.876419068815587e-14
990448.436	-5.7497449044024665e-6	-2.114728944953269e-8	3.358379217578133e-11	-7.310468082777355e-14
994229.528	-5.619357239683545e-6	-2.1412945155705266e-8	3.540265919140131e-11	-6.740741411081845e-14
998010.62	-5.481883574498395e-6	-2.1656995271347996e-8	3.7332534327030015e-11	-6.167726147814594e-14
1.001791712e6	-5.336897109965988e-6	-2.1879324600775238e-8	3.937716932793508e-11	-5.59190564776711e-14
1.005572804e6	-5.183956712610718e-6	-2.207983616194458e-8	4.154039287660116e-11	-5.013760046197537e-14
1.009353896e6	-5.0226066468352335e-6	-2.2258451073929834e-8	4.3826097488599084e-11	-4.4337667383689506e-14
1.013134988e6	-4.852376365789929e-6	-2.2415108461632054e-8	4.623822159669519e-11	-3.852400810546102e-14
1.01691608e6	-4.672780380395367e-6	-2.254976537574965e-8	4.878072597690114e-11	-3.270135414848346e-14
1.020697172e6	-4.483318229703941e-6	-2.2662396725751208e-8	5.1457563546511825e-11	-2.687442081138066e-14
1.024478264e6	-4.283474579711191e-6	-2.2752995223355008e-8	5.4272641425988616e-11	-2.1047909599729923e-14
1.028259356e6	-4.072719482201584e-6	-2.282157133381115e-8	5.7229774003385616e-11	-1.522650991556347e-14
1.032040448e6	-3.850508830296271e-6	-2.2868153232105357e-8	6.0332625571874e-11	-9.414899965850794e-15
1.03582154e6	-3.616285053115531e-6	-2.28927867610719e-8	6.35846409285225e-11	-3.6177468590856596e-15
1.039602632e6	-3.3694780984279855e-6	-2.289553538830309e-8	6.698896212750907e-11	2.160294130325362e-15
1.043383724e6	-3.1095067593756834e-6	-2.2876480158686954e-8	7.054832937628219e-11	7.914581139259987e-15
1.047164816e6	-2.8357804093640315e-6	-2.283571963939185e-8	7.426496385371116e-11	1.3640488132889465e-14
1.050945908e6	-2.5477012179986856e-6	-2.2773369854143286e-8	7.814043002186793e-11	1.933340814843057e-14
1.054727e6	-2.2446669305067523e-6	-2.2689564203708628e-8	8.217547480798217e-11	2.4988757341230717e-14
1.058508092e6	-1.9260743033306657e-6	-2.2584453369622154e-8	8.636984086408336e-11	3.060197979757951e-14
1.062289184e6	-1.5913232993933812e-6	-2.2458205198333295e-8	9.07220509876714e-11	3.6168553067648124e-14
1.066070276e6	-1.239822157691857e-6	-2.2311004563161937e-8	9.522916073203232e-11	4.16839943613901e-14
1.069851368e6	-8.709934630610115e-7	-2.2143053201677697e-8	9.988647628137131e-11	4.714386734018134e-14
1.07363246e6	-4.842813527044646e-7	-2.1954569526391512e-8	1.046872348540958e-10	5.254378942761647e-14
1.077413552e6	-7.916000578851244e-8	-2.1745788406956824e-8	1.0962224527746825e-10	5.787943955434217e-14
1.081194644e6	3.4485642979978894e-7	-2.1516960922410565e-8	1.1467948700962032e-10	6.314656624424757e-14
1.084975736e6	7.882023146073917e-7	-2.1268354082349555e-8	1.1984366684349603e-10	6.834099594286395e-14
1.088756828e6	1.251247239310768e-6	-2.1000250516322452e-8	1.2509573389646063e-10	7.345864148359776e-14
1.09253792e6	1.734280837231961e-6	-2.0712948131119352e-8	1.3041235536467538e-10	7.849551058348793e-14
1.096319012e6	2.2374955478183903e-6	-2.0406759736057405e-8	1.357653580066037e-10	8.344771425769591e-14
1.100100104e6	2.760967215812394e-6	-2.0082012636779003e-8	1.4112114352145333e-10	8.831147504090317e-14
1.103881196e6	3.3046334490332628e-6	-1.973904819850597e-8	1.464400900063356e-10	9.30831349042974e-14
1.107662288e6	3.86826971276711e-6	-1.937822138010654e-8	1.5167595659143083e-10	9.77591627588578e-14
1.11144338e6	4.451463214183702e-6	-1.8999900240741007e-8	1.5677531420856203e-10	1.0233616143923266e-13
1.115224472e6	5.053584729531489e-6	-1.8604465421242265e-8	1.616770322250155e-10	1.0681087406755778e-13
1.119005564e6	5.673758653389485e-6	-1.819230960275603e-8	1.6631185825573314e-10	1.1118018970307879e-13
1.122786656e6	6.310831705601327e-6	-1.776383694550668e-8	1.7060213660375763e-10	1.1544114819128782e-13
1.126567748e6	6.963340919043805e-6	-1.731946251086481e-8	1.7446171904479413e-10	1.1959094413538096e-13
1.13034884e6	7.629481749423444e-6	-1.6859611670164423e-8	1.7779612942014013e-10	1.2362692992304707e-13
1.134129932e6	8.307077393275972e-6	-1.6384719503951795e-8	1.8050304982899983e-10	1.2754661775275099e-13
1.137911024e6	8.993550664742019e-6	-1.5895230195534963e-8	1.8247319993448482e-10	1.3134768061562514e-13
1.141692116e6	9.685900053000684e-6	-1.5391596422846983e-8	1.8359168056985646e-10	1.3502795220162704e-13
1.145473208e6	0.000010380681842073268	-1.4874278752728095e-8	1.8373984679890854e-10	1.3858542571159543e-13
1.1492543e6	0.000011074000398205953	-1.4343745041778971e-8	1.8279776211389247e-10	1.4201825157002966e-13
1.153035392e6	0.00001176150888597139	-1.3800469847928997e-8	1.8064726294385757e-10	1.4532473404663725e-13
1.156816484e6	0.000012438422726003418	-1.3244933856811654e-8	1.7717562992324167e-10	1.4850332680775504e-13
1.160597576e6	0.000013099548015276036	-1.267762332693081e-8	1.7227981907150258e-10	1.5155262743147022e-13
1.164378668e6	0.000013739326856256845	-1.2099029557455859e-8	1.6587115302982568e-10	1.544713709324629e-13
1.16815976e6	0.000014351901051578394	-1.1509648382282326e-8	1.5788031229856753e-10	1.5725842235412021e-13
1.171940852e6	0.000014931194896611794	-1.09099796937595e-8	1.482624034512787e-10	1.5991276849618884e-13
1.175721944e6	0.000015471016844547978	-1.030052699921062e-8	1.370018219697989e-10	1.6243350885600445e-13
1.179503036e6	0.000015965178655841176	-9.681797013055033e-9	1.2411657970388573e-10	1.648198458700883e-13
1.183284128e6	0.000016407629337134442	-9.054299287003895e-9	1.0966173994336141e-10	1.6707107455053591e-13
1.18706522e6	0.00001679259981862303	-8.418545880426865e-9	9.373160528168034e-11	1.6918657161708896e-13
1.190846312e6	0.000017114753037078073	-7.775051072598974e-9	7.646034148017335e-11	1.7116578423105927e-13
1.194627404e6	0.00001736933302700124	-7.124331118124764e-9	5.802079739199729e-11	1.730082184413412e-13
1.198408496e6	0.00001755230591915661	-6.46690404641597e-9	3.8621394549499495e-11	1.7471342745561505e-13
1.202189588e6	0.000017660485529518592	-5.803289505665764e-9	1.850110225178577e-11	1.7628099985155665e-13
1.20597068e6	0.000017691636576799215	-5.134008651330297e-9	-2.0773287217097446e-12	1.7771054784344522e-13
1.209751772e6	0.00001764454951742222	-4.45958407868831e-9	-2.283554609592238e-11	1.790016957190901e-13
1.213532864e6	0.000017519082486079154	-3.780539798621316e-9	-4.34887296967385e-11	1.801540685605343e-13
1.217313956e6	0.000017316167759467123	-3.0974012553294263e-9	-6.375512608714597e-11	1.8116728135962442e-13
1.221095048e6	0.000017037782343032022	-2.410695384285841e-9	-8.33653920672317e-11	1.820409286363459e-13
1.22487614e6	0.000016686884502300384	-1.7209507083291944e-9	-1.0207117381135639e-10	1.8277457466391698e-13
1.228657232e6	0.000016267320102764552	-1.0286974694125352e-9	-1.1965242319551596e-10	1.8336774440008007e-13
1.232438324e6	0.000015783704291971264	-3.3446779315627664e-10	-1.3592307289655594e-10	1.8381991521893863e-13
1.236219416e6	0.000015241285212980514	3.612041169899817e-10	-1.5073484071339265e-10	1.8413050953214189e-13
1.240000508e6	0.000014645797006628483	1.0577817594985391e-9	-1.6397909205914846e-10	1.8429888838228776e-13
1.2437816e6	0.000014003309340648755	1.754726092250858e-9	-1.7558683899509611e-10	1.8432434608519012e-13
1.247562692e6	0.000013320080161440707	2.451495271860395e-9	-1.8552707917564765e-10	1.8420610599118385e-13
1.251343784e6	0.000012602417412393565	3.147544379186693e-9	-1.938037685452532e-10	1.8394331742899248e-13
1.255124876e6	0.000011856554241495453	3.84232513561869e-9	-2.004517733933054e-10	1.8353505388888334e-13
1.258905968e6	0.000011088540875923249	4.535285614911958e-9	-2.05532161732606e-10	1.8298031249493864e-13
1.26268706e6	0.000010304155004509475	5.225869955535189e-9	-2.091271764424147e-10	1.8227801480927645e-13
1.266468152e6	9.508831286215781e-6	5.913518078634401e-9	-2.1133519129028548e-10	1.8142700900399382e-13
1.270249244e6	8.707609567095103e-6	6.597665416840335e-9	-2.1226589479055768e-10	1.8042607342945932e-13
1.274030336e6	7.905100579395462e-6	7.277742659243382e-9	-2.1203588435298113e-10	1.7927392160036225e-13
1.277811428e6	7.105467324572808e-6	7.9531755179244e-9	-2.1076479137202216e-10	1.779692086135927e-13
1.28159252e6	6.3124199940315175e-6	8.6233845214705e-9	-2.0857200195142184e-10	1.7651053900457825e-13
1.285373612e6	5.52922212868678e-6	9.2877848409167e-9	-2.055739910206959e-10	1.7489647604109503e-13
1.289154704e6	4.758705723684482e-6	9.945786153531825e-9	-2.0188225109198666e-10	1.731255524457721e-13
1.292935796e6	4.0032931079568575e-6	1.0596792549824272e-8	-1.9760177085403565e-10	1.7119628253049093e-13
1.296716888e6	3.2650236317303016e-6	1.1240202489058902e-8	-1.9283000227418743e-10	1.6910717571760214e-13
1.30049798e6	2.5455834453062086e-6	1.187540880847047e-8	-1.8765624639135452e-10	1.6685675141430522e-13
1.304279072e6	1.8463369222322064e-6	1.2501798791209974e-8	-1.8216138581783995e-10	1.6444355519764982e-13
1.308060164e6	1.1683585487086467e-6	1.3118754297886344e-8	-1.7641789442524622e-10	1.6186617625836828e-13
1.311841256e6	5.124643542211985e-7	1.3725651966349136e-8	-1.7049006023829148e-10	1.591232660421531e-13
1.315622348e6	-1.2075781322706826e-7	1.4321863484108972e-8	-1.644343649202546e-10	1.5621355801701764e-13
1.31940344e6	-7.309196651588518e-7	1.4906755937501585e-8	-1.582999714029517e-10	1.531358884850508e-13
1.323184532e6	-1.3178058342858873e-6	1.5479692241374507e-8	-1.5212927945768076e-10	1.498892183462037e-13
1.326965624e6	-1.8813494130956979e-6	1.6040031652702777e-8	-1.4595851682147234e-10	1.4647265571076518e-13
1.330746716e6	-2.4216097538699502e-6	1.6587130371130047e-8	-1.3981834057790344e-10	1.4288547924595698e-13
1.334527808e6	-2.9387525309815283e-6	1.7120342228977663e-8	-1.3373442968512765e-10	1.3912716213065698e-13
1.3383089e6	-3.4330320042946104e-6	1.7639019472762178e-8	-1.277280547955247e-10	1.351973964807552e-13
1.342089992e6	-3.9047753785773695e-6	1.8142513637725547e-8	-1.218166158451335e-10	1.3109611809614763e-13
1.345871084e6	-4.354369124676318e-6	1.8630176516292017e-8	-1.1601414137676076e-10	1.2682353136901867e-13
1.349652176e6	-4.782247110766035e-6	1.91013612207433e-8	-1.1033174629352884e-10	1.2238013418199381e-13
1.353433268e6	-5.18888038362811e-6	1.9555423339730375e-8	-1.0477804682501003e-10	1.177667426141376e-13
1.35721436e6	-5.574768438379748e-6	1.99917221875376e-8	-9.935953303130541e-11	1.1298451526279165e-13
1.360995452e6	-5.940431818507952e-6	2.04096221442677e-8	-9.408090027032257e-11	1.0803497698011105e-13
1.364776544e6	-6.28640589496233e-6	2.080849408434212e-8	-8.894534179887076e-11	1.0292004181506272e-13
1.368557636e6	-6.613235682226993e-6	2.1187716889904944e-8	-8.395480514615258e-11	9.764203494482632e-14
1.372338728e6	-6.921471559811319e-6	2.1546679044893505e-8	-7.911021515396098e-11	9.220371337421304e-14
1.37611982e6	-7.211665778768283e-6	2.1884780304691423e-8	-7.441166667526632e-11	8.66082851781107e-14
1.379900912e6	-7.48436964415924e-6	2.2201433435428788e-8	-6.985858990548833e-11	8.085942706032232e-14
1.383682004e6	-7.740131275465989e-6	2.2496066016132907e-8	-6.544989122317945e-11	7.496130000268347e-14
1.387463096e6	-7.979493857555591e-6	2.2768122296088504e-8	-6.118407226609621e-11	6.891856278126229e-14
1.391244188e6	-8.202994304772852e-6	2.3017065098926362e-8	-5.705932978526173e-11	6.273638313190887e-14
1.39502528e6	-8.411162269972173e-6	2.324237776415458e-8	-5.307363861908275e-11	5.6420446355634604e-14
1.398806372e6	-8.604519438767015e-6	2.3443566116073264e-8	-4.922481992310745e-11	4.9976961165361234e-14
1.402587464e6	-8.783579056961364e-6	2.362016044928683e-8	-4.5510596586596845e-11	4.341266258959847e-14
1.406368556e6	-8.948845646054829e-6	2.3771717519365625e-8	-4.1928637570173023e-11	3.673481176563369e-14
1.410149648e6	-9.100814867914638e-6	2.389782252660885e-8	-3.847659271289873e-11	2.9951192474835505e-14
1.41393074e6	-9.239973505231188e-6	2.399809108034811e-8	-3.51521193843115e-11	2.3070104295642802e-14
1.417711832e6	-9.36679952927058e-6	2.4072171130807877e-8	-3.195290219817425e-11	1.6100352275634644e-14
1.421492924e6	-9.481762230760222e-6	2.4119744855218893e-8	-2.8876666860239648e-11	9.051233052546316e-15
1.425274016e6	-9.585322393547086e-6	2.4140530484673334e-8	-2.5921189091895844e-11	1.93251738502906e-15
1.429055108e6	-9.677932494004636e-6	2.4134284058125135e-8	-2.308429945451743e-11	-5.245570912990916e-15
1.4328362e6	-9.760036912081276e-6	2.4100801089978915e-8	-2.0363884794843632e-11	-1.2472379605631998e-14
1.436617292e6	-9.832072142427511e-6	2.4039918137890362e-8	-1.7757886938805153e-11	-1.9736856171080436e-14
1.440398384e6	-9.89446699625373e-6	2.3951514257714352e-8	-1.5264299178882044e-11	-2.7027579338183714e-14
1.444179476e6	-9.947642786488961e-6	2.3835512332995587e-8	-1.2881161027316452e-11	-3.4332793883878405e-14
1.447960568e6	-9.99201349047565e-6	2.369188026699579e-8	-1.0606551643357613e-11	-4.164044851426004e-14
1.45174166e6	-0.00001002798588586705	2.3520632025990436e-8	-8.43858228625015e-12	-4.893823661532347e-14
1.455522752e6	-0.000010055959656630343	2.332182852344557e-8	-6.375388096057896e-12	-5.621363962392311e-14
1.459303844e6	-0.000010076327467115209	2.309557833569252e-8	-4.415119460872812e-12	-6.345397273588038e-14
1.463084936e6	-0.000010089475003051465	2.284203824084776e-8	-2.5559331907687942e-12	-7.064643263703521e-14
1.466866028e6	-0.00001009578097910872	2.2561413573967953e-8	-7.959836854273478e-13	-7.77781469148759e-14
1.47064712e6	-0.00001009561711330076	2.2253958392772743e-8	8.665857469212263e-13	-8.483622478383951e-14
1.474428212e6	-0.000010089348069063653	2.1919975449694638e-8	2.433651287193295e-12	-9.180780873681155e-14
1.478209304e6	-0.000010077331366293356	2.1559815967511936e-8	3.907116610130666e-12	-9.86801267192832e-14
1.481990396e6	-0.00001005991726300427	2.117387921737128e-8	5.288920405860221e-12	-1.0544054441133402e-13
1.485771488e6	-0.000010037448609579423	2.076261189958567e-8	6.581043345345294e-12	-1.1207661719642129e-13
1.48955258e6	-0.000010010260677828184	2.0326507329191062e-8	7.785514431680268e-12	-1.1857614139501733e-13
1.493333672e6	-9.978680967263208e-6	1.9866104429833448e-8	8.904416692255216e-12	-1.2492720434554544e-13
1.497114764e6	-9.943028991155264e-6	1.9381986541117532e-8	9.939892178294786e-12	-1.3111823292483527e-13
1.500895856e6	-9.903616045032188e-6	1.8874780046068677e-8	1.0894146248318952e-11	-1.371380401152814e-13
1.504676948e6	-9.860744960359692e-6	1.834515282680282e-8	1.1769451120967124e-11	-1.4297586924592807e-13
1.50845804e6	-9.81470984618166e-6	1.779381255786746e-8	1.256814869045674e-11	-1.486214355594307e-13
1.512239132e6	-9.765795821509632e-6	1.7221504847976632e-8	1.3292652604951099e-11	-1.5406496478593512e-13
1.516020224e6	-9.714278741237783e-6	1.6629011242010088e-8	1.3945449614353023e-11	-1.5929722843787163e-13
1.519801316e6	-9.660424918324751e-6	1.6017147096157434e-8	1.4529100199702788e-11	-1.6430957557597218e-13
1.523582408e6	-9.60449084492728e-6	1.5386759339962232e-8	1.5046238501488226e-11	-1.6909396083586763e-13
1.5273635e6	-9.546722915096235e-6	1.473872413973729e-8	1.5499571568899233e-11	-1.7364296854582258e-13
1.531144592e6	-9.487357151554414e-6	1.4073944478385881e-8	1.589187795641013e-11	-1.7794983280878573e-13
1.534925684e6	-9.426618938966964e-6	1.3393347667058524e-8	1.622600569814177e-11	-1.8200845346539165e-13
1.538706776e6	-9.36472276599431e-6	1.2697882804308702e-8	1.650486969424633e-11	-1.8581340789809145e-13
1.542487868e6	-9.301871978279619e-6	1.1988518198480586e-8	1.6731448547122482e-11	-1.8935995867960408e-13
1.54626896e6	-9.238258544374761e-6	1.1266238768969284e-8	1.6908780888608392e-11	-1.92644057110735e-13
1.550050052e6	-9.174062836446667e-6	1.0532043441746912e-8	1.703996124242688e-11	-1.9566234273268923e-13
1.553831144e6	-9.109453427432674e-6	9.78694255415615e-9	1.7128135469048963e-11	-1.9841213893682346e-13
1.557612236e6	-9.044586906130808e-6	9.031955283437374e-9	1.717649584280591e-11	-2.0089144482981895e-13
1.561393328e6	-8.979607711517151e-6	8.268107112798864e-9	1.7188275813475316e-11	-2.0309892354413488e-13
1.56517442e6	-8.914647987381371e-6	7.496427348067582e-9	1.716674450667665e-11	-2.0503388721197798e-13
1.568955512e6	-8.849827458162483e-6	6.7179466970831e-9	1.7115201019201793e-11	-2.066962788456456e-13
1.572736604e6	-8.785253326651543e-6	5.9336949230402134e-9	1.703696856685182e-11	-2.0808665138779375e-13
1.576517696e6	-8.72102019400853e-6	5.144698581954735e-9	1.693538854341309e-11	-2.0920614421183347e-13
1.580298788e6	-8.657210002317499e-6	4.351978853345362e-9	1.6813814550056586e-11	-2.1005645736525642e-13
1.58407988e6	-8.59389199967922e-6	3.5565494720965513e-9	1.6675606454666713e-11	-2.106398238572667e-13
1.587860972e6	-8.531122727616003e-6	2.7594147683201985e-9	1.6524124540366764e-11	-2.1095898029676803e-13
1.591642064e6	-8.468946030340587e-6	1.9615678208727637e-9	1.636272380179929e-11	-2.1101713618767362e-13
1.595423156e6	-8.407393085221018e-6	1.1639887290274e-9	1.6194748446530333e-11	-2.1081794218590443e-13
1.599204248e6	-8.346482453560806e-6	3.676430056608758e-10	1.6023526657281514e-11	-2.1036545761655692e-13
1.60298534e6	-8.286220150605323e-6	-4.265199057976546e-10	1.5852365668545754e-11	-2.0966411754087317e-13
1.606766432e6	-8.226599733489101e-6	-1.2175679894847867e-9	1.56845472085473e-11	-2.0871869965111547e-13
1.610547524e6	-8.167602405650626e-6	-2.0045878901405726e-9	1.5523323354461117e-11	-2.0753429125760508e-13
1.614328616e6	-8.109197136067168e-6	-2.78668602188967e-9	1.5371912845365516e-11	-2.0611625661634526e-13
1.618109708e6	-8.051340791500515e-6	-3.562989554495524e-9	1.5233497893578786e-11	-2.044702048281772e-13
1.6218908e6	-7.99397827979892e-6	-4.332647279655898e-9	1.5111221530878443e-11	-2.0260195852164184e-13
1.625671892e6	-7.93704270217085e-6	-5.094830360674748e-9	1.500818552166036e-11	-2.0051752351197038e-13
1.629452984e6	-7.880455512233565e-6	-5.848732969530057e-9	1.492744887041119e-11	-1.9822305960823478e-13
1.633234076e6	-7.824126679545248e-6	-6.593572815973879e-9	1.4872026945987697e-11	-1.9572485271991614e-13
1.637015168e6	-7.767954855253817e-6	-7.328591573829972e-9	1.4844891240168143e-11	-1.9302928839329673e-13
1.64079626e6	-7.711827537439518e-6	-8.053055210108988e-9	1.4848969772802585e-11	-1.9014282688737054e-13
1.644577352e6	-7.655621233690978e-6	-8.766254222938412e-9	1.4887148150690922e-11	-1.8707197987863614e-13
1.648358444e6	-7.599201618437822e-6	-9.46750379460314e-9	1.4962271282073508e-11	-1.8382328886434894e-13
1.652139536e6	-7.542423682565763e-6	-1.0156143866219872e-8	1.5077145743369953e-11	-1.804033053147464e-13
1.655920628e6	-7.485131872862393e-6	-1.0831539140725583e-8	1.523454278955312e-11	-1.7681857260655036e-13
1.65970172e6	-7.427160218884717e-6	-1.1493079020949376e-8	1.543720199429819e-11	-1.730756097527788e-13
1.663482812e6	-7.368332444901515e-6	-1.2140177489561226e-8	1.5687835500792895e-11	-1.6918089692769331e-13
1.667263904e6	-7.308462064646223e-6	-1.2772272937659842e-8	1.59891328588063e-11	-1.6514086277056077e-13
1.671044996e6	-7.2473524567180906e-6	-1.3388827948671706e-8	1.6343766418244287e-11	-1.6096187343791917e-13
1.674826088e6	-7.1847969185923855e-6	-1.398932904409621e-8	1.675439724391183e-11	-1.5665022336117923e-13
1.67860718e6	-7.120578697344684e-6	-1.4573286397442592e-8	1.7223681510466066e-11	-1.5221212765470062e-13
1.682388272e6	-7.054470995360672e-6	-1.514023352248079e-8	1.775427733048378e-11	-1.4765371610890912e-13
1.686169364e6	-6.986236949492876e-6	-1.5689726941659166e-8	1.834885196204198e-11	-1.4298102869359615e-13
1.689950456e6	-6.915629582341715e-6	-1.6221345840245375e-8	1.9010089335079144e-11	-1.382000124881666e-13
1.693731548e6	-6.842391724583227e-6	-1.6734691711415996e-8	1.9740697827866277e-11	-1.3331651994832386e-13
1.69751264e6	-6.766255907540793e-6	-1.7229387997167604e-8	2.0543418215975543e-11	-1.2833630841238e-13
1.701293732e6	-6.686944225511775e-6	-1.7705079729544485e-8	2.1421031705919543e-11	-1.2326504074506898e-13
1.705074824e6	-6.604168167712873e-6	-1.8161433176283616e-8	2.2376367953876873e-11	-1.1810828701236856e-13
1.708855916e6	-6.517628420110337e-6	-1.8598135494569676e-8	2.3412312956274745e-11	-1.1287152707733476e-13
1.712637008e6	-6.427014637857982e-6	-1.9014894396167803e-8	2.4531816683107424e-11	-1.0756015400434306e-13
1.7164181e6	-6.332005189588642e-6	-1.9411437826777678e-8	2.5737900306291942e-11	-1.0217947815731283e-13
1.720199192e6	-6.232266875403632e-6	-1.9787513662012895e-8	2.7033662853626294e-11	-9.673473187648699e-14
1.723980284e6	-6.127454621091152e-6	-2.0142889421975636e-8	2.8422287093488947e-11	-9.123107461811321e-14
1.727761376e6	-6.0172111518972375e-6	-2.047735200595796e-8	2.990704442567875e-11	-8.567359844189135e-14
1.731542468e6	-5.901166650085496e-6	-2.0790707448369965e-8	3.149129851908878e-11	-8.006733373231823e-14
1.73532356e6	-5.7789384015768325e-6	-2.1082780696566296e-8	3.3178507396485814e-11	-7.441725504205974e-14
1.739104652e6	-5.650130438180221e-6	-2.1353415410825094e-8	3.497222361970426e-11	-6.872828694820445e-14
1.742885744e6	-5.514333183336991e-6	-2.1602473786327475e-8	3.6876092174175013e-11	-6.300530981570219e-14
1.746666836e6	-5.3711231109338245e-6	-2.182983639659231e-8	3.889384558893283e-11	-5.725316536645603e-14
1.750447928e6	-5.220062428625233e-6	-2.2035402057448704e-8	4.1029295756077524e-11	-5.1476661957420034e-14
1.75422902e6	-5.0606987992886494e-6	-2.221908771027015e-8	4.3286321830981755e-11	-4.568057947665948e-14
1.758010112e6	-4.8925651167458486e-6	-2.2380828322864477e-8	4.566885350037203e-11	-3.9869673772624343e-14
1.761791204e6	-4.7151793547803795e-6	-2.252057680610546e-8	4.8180848798566936e-11	-3.4048680538897543e-14
1.765572296e6	-4.528044511800897e-6	-2.2638303944111193e-8	5.082626553179994e-11	-2.822231858434605e-14
1.769353388e6	-4.330648677307217e-6	-2.2733998335527683e-8	5.3609025235765444e-11	-2.239529242693415e-14
1.77313448e6	-4.122465250656019e-6	-2.280766634325574e-8	5.653296844185279e-11	-1.6572294158398378e-14
1.776915572e6	-3.902953347562258e-6	-2.2859332049780334e-8	5.960179986281936e-11	-1.0758004536499511e-14
1.780696664e6	-3.671558435357252e-6	-2.2889037215115756e-8	6.281902192945432e-11	-4.957093271597869e-15
1.784477756e6	-3.427713244316518e-6	-2.2896841234273668e-8	6.618785491748623e-11	8.257815152340092e-16
1.788258848e6	-3.170839009407548e-6	-2.288282109109487e-8	6.971114170124356e-11	6.585974674498358e-15
1.79203994e6	-2.900347104626053e-6	-2.2847071305263132e-8	7.33912349616539e-11	1.2318856251782504e-14
1.795821032e6	-2.6156411406988273e-6	-2.2789703869336184e-8	7.72298644675453e-11	1.801981454204119e-14
1.799602124e6	-2.316119606315968e-6	-2.271084817268933e-8	8.122798185016068e-11	2.368425995286556e-14
1.803383216e6	-2.001179143153588e-6	-2.261065090937362e-8	8.538558011428746e-11	2.930762964369518e-14
1.807164308e6	-1.6702185556448784e-6	-2.2489275967032607e-8	8.970148499289261e-11	3.4885392896899237e-14
1.8109454e6	-1.3226436675602612e-6	-2.2346904294211912e-8	9.417311517881824e-11	4.041305716595217e-14
1.814726492e6	-9.578731486694366e-7	-2.2183733743620822e-8	9.879620848698552e-11	4.588617473576128e-14
1.818507584e6	-5.753454456643503e-7	-2.199997888916939e-8	1.035645111518545e-10	5.130034992064981e-14
1.822288676e6	-1.745269615269639e-7	-2.1795870814902387e-8	1.0846942779544742e-10	5.66512467167809e-14
1.826069768e6	2.450783641385791e-7	-2.1571656874281556e-8	1.1349963016944503e-10	6.193459681798766e-14
1.82985086e6	6.839179156710772e-7	-2.132760041862616e-8	1.1864062365098964e-10	6.714620789726139e-14
1.833631952e6	1.1423775430712452e-6	-2.1063980493899273e-8	1.2387427173788587e-10	7.228197205060808e-14
1.837413044e6	1.6207668292019634e-6	-2.078109150543002e-8	1.2917828053819256e-10	7.733787429576188e-14
1.841194136e6	2.1193023385505595e-6	-2.0479242850569947e-8	1.3452564758390814e-10	8.231000101539738e-14
1.844975228e6	2.6380887254947467e-6	-2.0158758519706932e-8	1.398840823249521e-10	8.719454823313212e-14
1.84875632e6	3.1770976147840942e-6	-1.9819976666477866e-8	1.452154094805622e-10	9.198782961073476e-14
1.852537412e6	3.7361442178130223e-6	-1.9463249148444543e-8	1.5047497112758732e-10	9.668628405665194e-14
1.856318504e6	4.314861718664409e-6	-1.908894103990406e-8	1.5561104904273067e-10	1.0128648283918121e-13
1.860099596e6	4.912673557392015e-6	-1.869743011890178e-8	1.6056433538555337e-10	1.0578513610233755e-13
1.863880688e6	5.528763857984839e-6	-1.8289106330888554e-8	1.6526748722082532e-10	1.1017909868864666e-13
1.86766178e6	6.162046397727909e-6	-1.7864371231811874e-8	1.6964480841777753e-10	1.1446537518064548e-13
1.871442872e6	6.8111326949584e-6	-1.74236374137482e-8	1.73612110748684e-10	1.1864112408169101e-13
1.875223964e6	7.474300003397833e-6	-1.6967327916466025e-8	1.770768139478454e-10	1.2270366106663513e-13
1.879005056e6	8.14946024049658e-6	-1.6495875628549564e-8	1.7993835124239854e-10	1.2665046124387273e-13
1.882786148e6	8.834131138049539e-6	-1.600972268191469e-8	1.820889513114469e-10	1.3047916038205103e-13
1.88656724e6	9.525411174458831e-6	-1.5509319843699283e-8	1.8341486838025757e-10	1.3418755506715544e-13
1.890348332e6	0.000010219960112474003	-1.4995125909618024e-8	1.8379812759704117e-10	1.3777360176857254e-13
1.894129424e6	0.000010913987200694364	-1.4467607102926019e-8	1.831188412411397e-10	1.4123541480589928e-13
1.897910516e6	0.000011603249271758868	-1.3927236483142751e-8	1.8125813101734553e-10	1.4457126322148492e-13
1.901691608e6	0.000012283061049480391	-1.3374493368643154e-8	1.781016613987373e-10	1.4777956657682256e-13
1.9054727e6	0.000012948319921987028	-1.2809862777130527e-8	1.735437481021616e-10	1.5085888970370906e-13
1.909253792e6	0.000013593547208805791	-1.2233834887866452e-8	1.6749195486333408e-10	1.538079364534297e-13
1.913034884e6	0.00001421294751221565	-1.1646904529343835e-8	1.598720328199849e-10	1.5662554249892087e-13
1.916815976e6	0.000014800487073970672	-1.1049570695865639e-8	1.5063299398396741e-10	1.593106672557721e-13
1.920597068e6	0.00001534999115329395	-1.0442336096216689e-8	1.397520494460534e-10	1.6186238499794305e-13
1.92437816e6	0.000015855259322513743	-9.825706737319569e-9	1.2723909183325544e-10	1.6427987525304915e-13
1.928159252e6	0.000016310196296076658	-9.200191545423068e-9	1.1314036895285671e-10	1.6656241256998204e-13
1.931940344e6	0.000016708954553875162	-8.56630202701133e-9	9.754099030432327e-11	1.687093557583633e-13
1.935721436e6	0.000017046083708658053	-7.924551971232798e-9	8.056593745614898e-11	1.7072013670489036e-13
1.939502528e6	0.00001731668043925843	-7.275457195244354e-9	6.237931713944021e-11	1.7259424887597161e-13
1.94328362e6	0.000017516532012314946	-6.6195353334440154e-9	4.3181701460081236e-11	1.7433123561920077e-13
1.947064712e6	0.000017642246076966304	-5.957305671136679e-9	2.320553625030064e-11	1.7593067837818846e-13
1.950845804e6	0.000017691359635379227	-5.2892890227428195e-9	2.7087538514485677e-12	1.773921849361047e-13
1.954626896e6	0.000017662420906404523	-4.6160076542244045e-9	-1.803311648149046e-11	1.7871537780305837e-13
1.958407988e6	0.000017555039180073208	-3.937985248965923e-9	-3.873590813718152e-11	1.7989988286118555e-13
1.96218908e6	0.000017369899604527694	-3.255746915927293e-9	-5.911631115455205e-11	1.8094531837916696e-13
1.965970172e6	0.000017108741988850098	-2.5698192384634463e-9	-7.890131253207455e-11	1.8185128450487575e-13
1.969751264e6	0.00001677430493763355	-1.880730361802125e-9	-9.783700003136228e-11	1.8261735334111274e-13
1.973532356e6	0.000016370238735613727	-1.1890101167858635e-9	-1.1569620920993339e-10	1.8324305970497394e-13
1.977313448e6	0.00001590099217138482	-4.951901771093779e-10	-1.3228460427065895e-10	1.837278926664187e-13
1.98109454e6	0.000015371679772820514	2.0019575306518112e-10	-1.4744492717263018e-10	1.840712879561595e-13
1.984875632e6	0.000014787936633562118	8.966117245648075e-10	-1.610593074524041e-10	1.8427262132714752e-13
1.988656724e6	0.000014155768122884852	1.5935193054866541e-9	-1.7304967825152442e-10	1.8433120294775956e-13
1.992437816e6	0.000013481401341301865	2.2903773243453735e-9	-1.8337647580311943e-10	1.8424627289837952e-13
1.996218908e6	0.000012771144315279684	2.986641598380629e-9	-1.9203589867582012e-10	1.8401699783644652e-13
2.e6	0.000012031257752468395	3.6817646515578604e-9	-1.9905606385985569e-10	1.836424688882815e-13