7.233247701346147e6	-8.688708080994042e-8	-3.3881317890172014e-20	7.301360580284977e-16	-7.526372426376924e-12
8.218781205943454e6	-8.636103295876194e-8	-7.357869310120556e-6	3.4119516054727337e-16	-7.39557674052416e-12
9.204314710540762e6	-8.620545682506726e-8	-0.00001455875430822842	-2.0074598212141828e-17	-7.2087132294527146e-12
1.018984821513807e7	-8.638856264187648e-8	-0.000021550163180322345	-3.4475053981978747e-16	-6.971436566196191e-12
1.1175381719735377e7	-8.687052443941372e-8	-0.000028285271136845768	-6.254679677909906e-16	-6.689558084677241e-12
1.2160915224332687e7	-8.760505798611618e-8	-0.000034722978803002934	-8.564869209216463e-16	-6.368856908692558e-12
1.3146448728929993e7	-8.854100864678114e-8	-0.00004082780256440879	-1.0336476371040786e-15	-6.014928187063871e-12
1.4131982233527299e7	-8.962384703449433e-8	-0.00004656963409803372	-1.1542313317688348e-15	-5.6330693088690616e-12
1.5117515738124609e7	-9.0796989835677e-8	-0.000051923405918807245	-1.2167486352140386e-15	-5.228202535273694e-12
1.6103049242721915e7	-9.200288649817112e-8	-0.00005686869732829858	-1.2206800547226909e-15	-4.804830769183593e-12
1.7088582747319225e7	-9.318383612329128e-8	-0.00006138931135078393	-1.1661916198577014e-15	-4.367022129379268e-12
1.807411625191653e7	-9.428252012898279e-8	-0.00006547284868142934	-1.053845323821631e-15	-3.918418487249007e-12
1.9059649756513838e7	-9.524225325490487e-8	-0.00006911029982237893	-8.843191213551977e-16	-3.4622630241156486e-12
2.0045183261111148e7	-9.600696745839137e-8	-0.0000722956717793917	-6.581460430614759e-16	-3.0014420383249803e-12
2.1030716765708454e7	-9.652095025286906e-8	-0.00007502566114027971	-3.754771959830406e-16	-2.538536552733131e-12
2.201625027030576e7	-9.6728361746936e-8	-0.00007729938115535528	-3.5869559370445515e-17	-2.0758796491246527e-12
2.300178377490307e7	-9.657255413544245e-8	-0.00007911814660767337	3.619031383310602e-16	-1.6156158196284674e-12
2.3987317279500376e7	-9.599521498696336e-8	-0.00008048531676419612	8.200193852349346e-16	-1.1597589392889607e-12
2.4972850784097686e7	-9.4935352825529e-8	-0.00008140619348280557	1.3417612738479425e-15	-7.102457197591619e-13
2.5958384288694993e7	-9.33281418481728e-8	-0.00008188796856316683	1.931648769734022e-15	-2.689817182758381e-13
2.6943917793292303e7	-9.110364409105674e-8	-0.00008193971164805783	2.59555299884202e-15	1.6212281308212046e-13
2.792945129788961e7	-8.818543446757335e-8	-0.00008157238742843169	3.340777403165815e-15	5.811296908469749e-13
2.8914984802486915e7	-8.448917035512643e-8	-0.00008079888866144575	4.176084084197767e-15	9.860642527795556e-13
2.9900518307084225e7	-7.992117789186477e-8	-0.00007963406972014154	5.111624904514032e-15	1.3749230227012112e-12
3.088605181168153e7	-7.43771793273298e-8	-0.00007809476425639924	6.1587100692365335e-15	1.745698331569738e-12
3.1871585316278838e7	-6.774137046081993e-8	-0.00007619977031077806	7.329307054143863e-15	2.0964196132515415e-12
3.2857118820876148e7	-5.98861895093406e-8	-0.00007396978708052895	8.635105141452939e-15	2.4252098422101488e-12
3.384265232547345e7	-5.067331850515102e-8	-0.00007142728975127254	1.0085900922047349e-14	2.7303541767571234e-12
3.482818583007076e7	-3.9956748640269966e-8	-0.00006859633239962365	1.16869565726434e-14	3.0103764444800322e-12
3.581371933466807e7	-2.7589142072953233e-8	-0.00006550227392282726	1.3434864399147326e-14	3.2641178324172676e-12
3.679925283926538e7	-1.3433235486414514e-8	-0.00006217142799753017	1.5311351646364864e-14	3.490811226162322e-12
3.778478634386268e7	2.619399413412895e-9	-0.0000586306447642145	1.7274463373812295e-14	3.690144274545148e-12
3.877031984845999e7	2.0619474896595856e-8	-0.00005490683865569576	1.9246843040524505e-14	3.862304586487917e-12
3.9755853353057295e7	4.051830801415348e-8	-0.000051026482812642685	2.1101695577120866e-14	4.008001552443833e-12
4.074138685765461e7	6.211206353929038e-8	-0.000047015095129531676	2.2648890266543132e-14	4.128461067110323e-12
4.1726920362251915e7	8.49745365882978e-8	-0.00004289674354104463	2.3626888278791438e-14	4.225391734032034e-12
4.271245386684922e7	1.0838875842283668e-7	-0.00003869359831038056	2.3710438339347944e-14	4.300923677198732e-12
4.369798737144653e7	1.3129932456697484e-7	-0.00003442555674240833	2.2547175520375482e-14	4.357523536378094e-12
4.4683520876043834e7	1.5231969650142123e-7	-0.000030109961171752587	1.9833528562073156e-14	4.3978912549355095e-12
4.566905438064114e7	1.698328387414807e-7	-0.000025761424817641066	1.5425446346097917e-14	4.42484562258752e-12
4.6654587885238454e7	1.822061062760632e-7	-0.000021391772903829777	9.45144705854681e-15	4.4412060668769995e-12
4.764012138983576e7	1.8809490396240406e-7	-0.000017010099139099777	2.3687519412349678e-15	4.449677887465846e-12
4.8625654894433066e7	1.8674937899912573e-7	-0.000012622931011886361	-5.093020681351744e-15	4.452747114588239e-12
4.961118839903037e7	1.7820564178613466e-7	-8.234491976074689e-6	-1.2104154957546322e-14	4.4525896583445176e-12
5.059672190362768e7	1.632761046654298e-7	-3.847044863694491e-6	-1.7953806014765224e-14	4.450997655614631e-12
5.1582255408224985e7	1.433434898175651e-7	5.387011309768857e-7	-2.2213663287095003e-14	4.449324169304386e-12
5.25677889128223e7	1.200498417382135e-7	4.923137908440852e-6	-2.4782846160808805e-14	4.448445860202261e-12
5.3553322417419605e7	9.499844382400692e-8	9.307277388373722e-6	-2.5823941372798786e-14	4.448742077653237e-12
5.453885592201691e7	6.954931353984653e-8	0.000013692256993103573	-2.564801553102385e-14	4.450088070596832e-12
5.552438942661422e7	4.47285358730365e-8	0.000018078844328573602	-2.460620097616509e-14	4.4518597081790236e-12
5.650992293121152e7	2.1227742669309173e-8	0.00002246695113541817	-2.3017513220733763e-14	4.452947172273423e-12
5.749545643580884e7	-5.449411514658951e-10	0.00002685516424806006	-2.1135433628945314e-14	4.451775465661516e-12
5.848098994040614e7	-2.03957821260368e-8	0.000031240299456153944	-1.9142189190562795e-14	4.44633017970631e-12
5.946652344500345e7	-3.8278892051962315e-8	0.0000356169829815866	-1.715773275653741e-14	4.434187695442075e-12
6.0452056949600756e7	-5.4241670641495675e-8	0.00003997726485344249	-1.5253871640914313e-14	4.412549772225866e-12
6.143759045419806e7	-6.838436889686278e-8	0.00004431026879763275	-1.3468207908558771e-14	4.378283240000418e-12
6.242312395879537e7	-8.08322899353596e-8	0.000048601884309696424	-1.1815654862950296e-14	4.327966196372377e-12
6.340865746339268e7	-9.171790738150632e-8	0.000052834508246951926	-1.0297056912015528e-14	4.2579426658928665e-12
6.439419096798999e7	-1.0117016836281849e-7	0.000056986845407691904	-8.905235507077712e-15	4.164388055554532e-12
6.5379724472587295e7	-1.0930871821823888e-7	0.00006103377995782856	-7.629029539943656e-15	4.043387884852968e-12
6.63652579771846e7	-1.1624135120035885e-7	0.00006494633196282792	-6.455886985814675e-15	3.891032124289903e-12
6.735079148178191e7	-1.2206349229592005e-7	0.0000686917153714242	-5.373460489824736e-15	3.703526984381302e-12
6.833632498637922e7	-1.2685890264667824e-7	0.00007223351520761389	-4.370541496101302e-15	3.477325103577504e-12
6.932185849097653e7	-1.3070107888274517e-7	0.00007553200204147825	-3.4375659603464183e-15	3.2092737485004587e-12
7.030739199557383e7	-1.3365500619915358e-7	0.000078544600584899	-2.5668472242360454e-15	2.8967788547350143e-12
7.129292550017114e7	-1.3577904948663973e-7	0.00008122652606685907	-1.7526364412953893e-15	2.5379805421326347e-12
7.227845900476845e7	-1.37126846009241e-7	0.00008353159652969974	-9.91073375105321e-16	2.1319332460542782e-12
7.326399250936577e7	-1.3774911198356378e-7	0.00008541322114795127	-2.8006569750607494e-16	1.678781011967434e-12
7.424952601396307e7	-1.3769530463875727e-7	0.00008682555414005368	3.808808129367899e-16	1.179916094146301e-12
7.523505951856036e7	-1.3701509824000565e-7	0.00008772479118177692	9.908684567152683e-16	6.381071499982058e-13
7.622059302315769e7	-1.357596420194132e-7	0.00008807057119176057	1.5478431673823076e-15	5.758244741994541e-14
7.720612652775499e7	-1.3398257317870532e-7	0.00008782743210944112	2.0488555049293085e-15	-5.559459903492425e-13
7.81916600323523e7	-1.3174076122420128e-7	0.00008696625635070686	2.4903444915522066e-15	-1.1953291761781912e-12
7.91771935369496e7	-1.29094762332781e-7	0.0000854656317598286	2.8684417516444845e-15	-1.852106734295739e-12
8.016272704154691e7	-1.26108965352972e-7	0.00008331304883366295	3.1792924348840157e-15	-2.5167133907403953e-12
8.114826054614422e7	-1.2285141539000908e-7	0.00008050585624763573	3.4193874749900073e-15	-3.1787615501564116e-12
8.213379405074152e7	-1.1939330759935013e-7	0.00007705190514404974	3.585898952103053e-15	-3.827387670299928e-12
8.311932755533883e7	-1.1580815358614652e-7	0.00007296982828337009	3.67700687087205e-15	-4.451643146571013e-12
8.410486105993614e7	-1.1217063616988549e-7	0.00006828892204657502	3.692201923451758e-15	-5.040904906547064e-12
8.509039456453344e7	-1.0855518521688726e-7	0.00006304862548389067	3.63254540607125e-15	-5.585277789724474e-12
8.607592806913076e7	-1.0503432702829926e-7	0.00005729761845732739	3.500865246171242e-15	-6.075960637683794e-12
8.706146157372807e7	-1.0167688076264382e-7	0.000051092587381980835	3.3018670149099045e-15	-6.5055509810517075e-12
8.804699507832538e7	-9.854609504637357e-8	0.00004449672920567008	3.0421416676936703e-15	-6.8682689213529255e-12
8.903252858292268e7	-9.569783311903427e-8	0.00003757807972919326	2.730058007738289e-15	-7.1600884718110786e-12
9.001806208751999e7	-9.317892227317004e-8	0.00003040775975015478	2.3755373082527165e-15	-7.37877316428319e-12
9.10035955921173e7	-9.102578024934203e-8	0.000023058231516765118	1.989719200413459e-15	-7.523821000840738e-12
9.19891290967146e7	-8.926341620151882e-8	0.00001560164938926033	1.584540182059361e-15	-7.596330817103188e-12
9.29746626013119e7	-8.790487729138699e-8	8.108374069640027e-6	1.1722568589906052e-15	-7.598807118941285e-12
9.396019610590921e7	-8.695117639213941e-8	6.45701435430977e-7	7.649532755612385e-16	-7.534923124790982e-12
9.494572961050652e7	-8.639169603279039e-8	-6.7231628041767525e-6	3.7407395462783787e-16	-7.409262139944473e-12
9.593126311510383e7	-8.620502384797601e-8	-0.00001393987062955451	1.0021026935178255e-17	-7.227055856694954e-12
9.691679661970115e7	-8.636014064420753e-8	-0.000020951446383508238	-3.1815433792176366e-16	-6.993935252216525e-12
9.790233012429845e7	-8.681785792162882e-8	-0.00002771056722738803	-6.029475580535159e-16	-6.71570604577303e-12
9.888786362889576e7	-8.753238965515088e-8	-0.00003417563785835277	-8.384775776394994e-16	-6.398156739052345e-12
9.987339713349307e7	-8.845294358056833e-8	-0.0000403106940094258	-1.0204514645485365e-15	-6.0469035477906e-12
1.0085893063809037e8	-8.952522846740016e-8	-0.00004608517187685676	-1.1460325955368296e-15	-5.6672733447440866e-12
1.0184446414268768e8	-9.069279285668562e-8	-0.000051473580431401876	-1.2136344243676907e-15	-5.264223233583885e-12
1.0282999764728498e8	-9.189813386586788e-8	-0.000056455111275893624	-1.2226641616995723e-15	-4.842293596578192e-12
1.0381553115188229e8	-9.308353840679605e-8	-0.00006101321700306891	-1.1732397375465469e-15	-4.405590350898864e-12
1.048010646564796e8	-9.41916406861634e-8	-0.00006513518449244903	-1.0659000344090418e-15	-3.957791597659051e-12
1.057865981610769e8	-9.51656972743425e-8	-0.00006881172474598557	-9.013236002016955e-16	-3.502173717716054e-12
1.0677213166567421e8	-9.594959345280846e-8	-0.00007203659604515277	-6.8006584628698405e-16	-3.0416521209595075e-12
1.0775766517027153e8	-9.648760196626347e-8	-0.00007480627263358262	-4.023198861338237e-16	-2.5788321684075695e-12
1.0874319867486884e8	-9.67239183473679e-8	-0.00007711966689613369	-6.770221353383294e-17	-2.1160661606753774e-12
1.0972873217946614e8	-9.660199670499414e-8	-0.00007897790914156382	3.24938319539153e-16	-1.6555126528855006e-12
1.1071426568406345e8	-9.606370756922142e-8	-0.00008038418557216837	7.7769110360685e-16	-1.1991946752240712e-12
1.1169979918866076e8	-9.504833651631938e-8	-0.00008134363178540766	1.2937366265484302e-15	-7.490536989079511e-13
1.1268533269325806e8	-9.349144046604537e-8	-0.00008186327614716068	1.8774823052439366e-15	-3.0699640390097463e-13
1.1367086619785537e8	-9.132357965358339e-8	-0.00008195202457685008	2.534677911591716e-15	1.2506848612459219e-13
1.1465639970245267e8	-8.846894977712582e-8	-0.00008162067570916964	3.272500222542731e-15	5.452057809831788e-13
1.1564193320704998e8	-8.484395410557168e-8	-0.0000808819531213675	4.09958542962951e-15	9.514439287211545e-13
1.1662746671164729e8	-8.035578432116246e-8	-0.00007975053947779672	5.0259707355289144e-15	1.3417812275175382e-12
1.176130002162446e8	-7.49011287926647e-8	-0.00007824309624048942	6.062880648573775e-15	1.7142089662866816e-12
1.1859853372084191e8	-6.836520830376001e-8	-0.00007637825225947319	7.222254942710885e-15	2.0667513112626358e-12
1.1958406722543922e8	-6.062146670497808e-8	-0.00007417654532768964	8.515859385202835e-15	2.3975205221365774e-12
1.2056960073003653e8	-5.153243695357571e-8	-0.00007166030285960872	9.953742504544285e-15	2.7047846866608568e-12
1.2155513423463383e8	-4.095258452655869e-8	-0.00006885345133186644	1.1541700045184617e-14	2.9870437312115806e-12
1.2254066773923114e8	-2.8734321162388668e-8	-0.0000657812489628772	1.3277290885330606e-14	3.24310816957452e-12
1.2352620124382845e8	-1.4738885954798431e-8	-0.00006246994207400091	1.514384467913038e-14	3.472174094757226e-12
1.2451173474842575e8	1.1456395782372808e-9	-0.00005894635223537948	1.710189096876365e-14	3.673887496356206e-12
1.2549726825302306e8	1.8976444767864943e-8	-0.00005523740804695244	1.907768711145687e-14	3.84839125144753e-12
1.2648280175762036e8	3.871550829430294e-8	-0.00005136964152002424	2.0949321067833626e-14	3.9963491575203585e-12
1.2746833526221767e8	6.017504079151646e-8	-0.00004736867377583635	2.253263247482595e-14	4.1189431049092135e-12
1.2845386876681499e8	8.295099608740984e-8	-0.000043258717540239084	2.3572301990940298e-14	4.217841754790847e-12
1.294394022714123e8	1.0635409807474445e-7	-0.000039062124282863175	2.3747676601381663e-14	4.295141625226684e-12
1.304249357760096e8	1.2935916146889162e-7	-0.00003479900172180013	2.27063341366085e-14	4.353283960962835e-12
1.3141046928060691e8	1.5060603746243551e-7	-0.000030486923018278826	2.0136431553329378e-14	4.394952842855954e-12
1.3239600278520422e8	1.6849084954283637e-7	-0.00002614074284648783	1.5875229482604868e-14	4.422961413099836e-12
1.3338153628980152e8	1.8137110376671947e-7	-0.00002177252837891459	1.0024024375124154e-14	4.440133697630099e-12
1.3436706979439884e8	1.878642085530415e-7	-0.0000173916059020113	3.0118217323800326e-15	4.449189276659031e-12
1.3535260329899615e8	1.8715852420264724e-7	-0.00001300471705056393	-4.450000115067462e-15	4.452637096226822e-12
1.3633813680359346e8	1.7921900558976178e-7	-8.616273144176141e-6	-1.1531699977320202e-14	4.452683232769215e-12
1.3732367030819076e8	1.647963224618471e-7	-4.228692217533979e-6	-1.7504159019620956e-14	4.4511556737212286e-12
1.3830920381278807e8	1.4523526034787443e-7	1.5719880576708125e-7	-2.1910855038011703e-14	4.449447415259946e-12
1.3929473731738538e8	1.2216805215822577e-7	4.541714835771986e-6	-2.462372476398339e-14	4.448477618193116e-12
1.4028027082198268e8	9.721112952912646e-8	8.925833390914886e-6	-2.5786721531252482e-14	4.448669353792021e-12
1.4126580432658e8	7.175083526441887e-8	0.000013310700711749332	-2.5702691643643902e-14	4.449941688376663e-12
1.422513378311773e8	4.684336457827874e-8	0.000017697136075476675	-2.472274841371285e-14	4.4517135067887e-12
1.432368713357746e8	2.320790255793634e-8	0.000022085144602350733	-2.317052946220037e-14	4.452916517238881e-12
1.4422240484037194e8	1.274575778565423e-9	0.00002647344647861412	-2.130574829771658e-14	4.452015238096559e-12
1.4520793834496924e8	-1.8747001992343355e-8	0.000030859028626241836	-1.931660739300449e-14	4.4470323518540955e-12
1.4619347184956655e8	-3.680044890794599e-8	0.00003523672360638826	-1.732794272165751e-14	4.4355785336073215e-12
1.4717900535416386e8	-5.2926853725426416e-8	0.000039598820045795215	-1.5415171684603405e-14	4.414886640137113e-12
1.4816453885876116e8	-6.72231377855156e-8	0.00004393470914420538	-1.3618373294765856e-14	4.3818509116181815e-12
1.4915007236335847e8	-7.981325776781568e-8	0.00004823057281350481	-1.195405170513362e-14	4.333072531944643e-12
1.5013560586795577e8	-9.082957447328586e-8	0.00005246912061873274	-1.0424001876567592e-14	4.264913463067889e-12
1.5112113937255308e8	-1.0040162877568538e-7	0.00005662938478955738	-9.021558002387741e-15	4.17356086303534e-12
1.521066728771504e8	-1.0865001344214525e-7	0.000060686584950192614	-7.735785147867526e-15	4.055104564153226e-12
1.530922063817477e8	-1.156835970871758e-7	0.00006461207662436625	-6.554177224017413e-15	3.905629970676371e-12
1.54077739886345e8	-1.2159886612598503e-7	0.0000683733997013793	-5.464324313375169e-15	3.721328276116623e-12
1.550632733909423e8	-1.2648054809861198e-7	0.00007193444453434557	-4.454893792706766e-15	3.4986250434464427e-12
1.560488068955396e8	-1.304029663582525e-7	0.00007525575376853057	-3.5161661897100155e-15	3.234326895786423e-12
1.5703434040013692e8	-1.3343177236751316e-7	0.00007829497692464664	-2.640287149127866e-15	2.925784318389771e-12
1.5801987390473422e8	-1.356258311341163e-7	0.00008100749175734997	-1.8213399275607917e-15	2.571066410782674e-12
1.5900540740933153e8	-1.3703911777745156e-7	0.00008334720110876091	-1.0553039313263656e-15	2.1691409548381567e-12
1.5999094091392884e8	-1.377225342374267e-7	0.0000852675061595597	-3.399391679495179e-16	1.7200505692156193e-12
1.6097647441852614e8	-1.377255857374779e-7	0.00008672244665657559	3.2537989573592577e-16	1.225073283944421e-12
1.6196200792312345e8	-1.3709787436621712e-7	0.00008766798619562886	9.398676934517483e-16	6.868539549677522e-13
1.6294754142772076e8	-1.3589037710401909e-7	0.00008806340667933153	1.501560744929351e-15	1.0949196270804497e-13
1.6393307493231806e8	-1.3415648111407895e-7	0.00008787276178170364	2.0075765486128717e-15	-5.014289887906709e-13
1.649186084369154e8	-1.3195275233319668e-7	0.00008706632613444915	2.454395524183613e-15	-1.138881109713606e-12
1.659041419415127e8	-1.293394158450825e-7	0.0000856219667444626	2.8381635050762435e-15	-1.7945110682375259e-12
1.6688967544611e8	-1.2638052934376346e-7	0.00008352635762519239	3.1550113838187302e-15	-2.4588395269233155e-12
1.6787520895070732e8	-1.2314383517762873e-7	0.0000807759592847118	3.4013866660598232e-15	-3.121537480817669e-12
1.6886074245530462e8	-1.1970028290449276e-7	0.00007737769250502801	3.574388973985308e-15	-3.771767754121676e-12
1.6984627595990193e8	-1.1612322376671809e-7	0.0000733492508836218	3.672098130439148e-15	-4.3985729321004e-12
1.7083180946449924e8	-1.1248729153637049e-7	0.0000687190180157389	3.693879715749326e-15	-4.99128532426947e-12
1.7181734296909654e8	-1.0886700082959785e-7	0.00006352558112506715	3.64064952787538e-15	-5.539931193411952e-12
1.7280287647369385e8	-1.05335113578682e-7	0.0000578168607780421	3.515076024151056e-15	-6.035601063653645e-12
1.7378840997829115e8	-1.019608453250406e-7	0.00005164890301718905	3.3216995193490044e-15	-6.4707606185923336e-12
1.7477394348288846e8	-9.88080029046538e-8	0.00004508440286415957	3.0669495013103492e-15	-6.839482199089249e-12
1.7575947698748577e8	-9.59331608139197e-8	0.00003819104425762533	2.759047380639066e-15	-7.137584446365937e-12
1.7674501049208307e8	-9.338399175622914e-8	0.000031039749603139366	2.407791181032261e-15	-7.362676148976359e-12
1.7773054399668038e8	-9.119786476476858e-8	0.000023702931827663517	2.024230211321974e-15	-7.514108690644964e-12
1.787160775012777e8	-8.940081030344018e-8	0.000016252833848179693	1.6202500368876154e-15	-7.592848629534525e-12
1.79701611005875e8	-8.800692612271329e-8	8.760026263362203e-6	1.2080990392546726e-15	-7.601287126303613e-12
1.806871445104723e8	-8.701826270657947e-8	1.2921159900863445e-6	7.998954726227192e-16	-7.543005814315978e-12
1.816726780150696e8	-8.642518701150682e-8	-6.087301208990202e-6	4.07156659065525e-16	-7.422519287281238e-12
1.826582115196669e8	-8.620718307458829e-8	-0.000013319430703691596	4.038919573033725e-17	-7.245012995229144e-12
1.8364374502426422e8	-8.633401322993323e-8	-0.00002035081509831822	-2.9122874088876923e-16	-7.0160925148564765e-12
1.8462927852886152e8	-8.676713841752854e-8	-0.000027133634048780994	-5.800532616686651e-16	-6.7415564951309195e-12
1.8561481203345883e8	-8.746128292902156e-8	-0.00003362579557027549	-8.200619379289251e-16	-6.4272016412415355e-12
1.8660034553805616e8	-8.83660283333476e-8	-0.000039790852974666874	-1.0068276556894868e-15	-6.078664350733201e-12
1.8758587904265347e8	-8.942733172814635e-8	-0.000045597784475317785	-1.137394376506538e-15	-5.7013003733099575e-12
1.8857141254725078e8	-9.058888192524464e-8	-0.00005102067252629267	-1.2100764226292308e-15	-5.300101302472313e-12
1.8955694605184808e8	-9.179323008879934e-8	-0.00005603831782360574	-1.2242055530881676e-15	-4.879644868594552e-12
1.905424795564454e8	-9.298265515980892e-8	-0.00006063381928512412	-1.1798493954837403e-15	-4.4440748406874185e-12
1.915280130610427e8	-9.409974620676452e-8	-0.00006479414685961185	-1.0775215862580082e-15	-3.997105750127612e-12
1.9251354656564e8	-9.508770166520282e-8	-0.00006850972918880892	-9.178992741416922e-16	-3.542047488557101e-12
1.934990800702373e8	-9.589035829927143e-8	-0.0000717740733171303	-7.015584403429175e-16	-3.081844965419853e-12
1.9448461357483461e8	-9.645197055258924e-8	-0.00007458342903859498	-4.287325835878574e-16	-2.6191283135916343e-12
1.9547014707943192e8	-9.671676434074242e-8	-0.00007693650620539152	-9.909626824828574e-17	-2.15626950362235e-12
1.9645568058402923e8	-9.662828930052516e-8	-0.0000788342494272174	2.8842781967047913e-16	-1.6954415962871934e-12
1.9744121408862653e8	-9.612859133354854e-8	-0.00008027967103915006	7.358411294643783e-16	-1.2386771872366372e-12
1.9842674759322384e8	-9.515722440054312e-8	-0.00008127773995492145	1.246223574409354e-15	-7.879228629622914e-13
1.9941228109782115e8	-9.365011853137188e-8	-0.00008183532099839147	1.8238709025460975e-15	-3.4508670652845817e-13
2.0039781460241845e8	-9.153832178286042e-8	-0.00008196115648875867	2.4744121854055785e-15	8.792390059877849e-14
2.0138334810701576e8	-8.874663978860772e-8	-0.0000816658792579279	3.204897803637394e-15	5.091766856088624e-13
2.0236888161161307e8	-8.519221089533893e-8	-0.00008096204397199388	4.0238376360766326e-15	9.167032533176419e-13
2.0335441511621037e8	-8.078308243057433e-8	-0.0000798641617463537	4.941152670973389e-15	1.3085038515128844e-12
2.0433994862080768e8	-7.541690138392625e-8	-0.00007838872177690107	5.967978244502931e-15	1.6825690298486024e-12
2.0532548212540498e8	-6.897991086350598e-8	-0.00007655418328953157	7.116219843774292e-15	2.036918106625976e-12
2.063110156300023e8	-6.13465664158891e-8	-0.00007438092177630878	8.39770825019398e-15	2.369653142129218e-12
2.0729654913459963e8	-5.2380272709018653e-8	-0.00007189111544171895	9.822725023931441e-15	2.679025732387452e-12
2.0828208263919693e8	-4.193601396885206e-8	-0.00006910856113879361	1.1397569677750383e-14	2.9635125027439592e-12
2.0926761614379424e8	-2.986603245132039e-8	-0.00006605841380159814	1.3120722681334943e-14	3.2218938657507353e-12
2.1025314964839154e8	-1.603020427143967e-8	-0.00006276684926249568	1.497705146905112e-14	3.4533296128908186e-12
2.1123868315298885e8	-3.133300395309842e-10	-0.000059260656964619084	1.6929483013438733e-14	3.6574244337979775e-12
2.1222421665758616e8	1.7347951344985755e-8	-0.000055566775847387816	1.8907782092491553e-14	3.834276658102322e-12
2.1320975016218346e8	3.6925866207448314e-8	-0.000051711792882472006	2.0794809895277406e-14	3.98450446997244e-12
2.1419528366678077e8	5.8248162236157655e-8	-0.00004772142863450223	2.241230295188218e-14	4.109245517726338e-12
2.1518081717137808e8	8.093241707384628e-8	-0.000043620037176395947	2.3511196949138936e-14	4.210128072092935e-12
2.1616635067597538e8	1.0431664226146767e-7	-0.00003943014827552416	2.3775683257322447e-14	4.289214412502033e-12
2.171518841805727e8	1.274058529226803e-7	-0.00003517207785243875	2.2853830381634356e-14	4.3489196130710044e-12
2.1813741768517e8	1.488669630677323e-7	-0.00003086362849771564	2.042636323030797e-14	4.391911026205919e-12
2.191229511897673e8	1.6711081867219576e-7	-0.0000265198958177212	1.6312762601880373e-14	4.4209952474636925e-12
2.201084846943646e8	1.804873889156621e-7	-0.00002215318929038735	1.058762602472673e-14	4.439000024234182e-12
2.210940181989619e8	1.875785200258705e-7	-0.000017773068969757972	3.651408952957411e-15	4.448658410480927e-12
2.2207955170355922e8	1.8751240491700883e-7	-0.000013386492571895229	-3.80403487513868e-15	4.452501567981213e-12
2.2306508520815653e8	1.8018291489074202e-7	-8.998061844305919e-6	-1.0950667424216086e-14	4.452765169356712e-12
2.2405061871275383e8	1.6627746760177885e-7	-4.610353079886785e-6	-1.7042444678112506e-14	4.451312622083752e-12
2.2503615221735114e8	1.471005102820804e-7	-2.2431434305716176e-7	-2.1595050846244057e-14	4.449576562546293e-12
2.2602168572194844e8	1.242721131004362e-7	4.160288648791698e-6	-2.4452773208573932e-14	4.4485184845706154e-12
2.2700721922654575e8	9.942021973943631e-8	8.544395266450726e-6	-2.5740035758528692e-14	4.448605123101213e-12
2.2799275273114306e8	7.395675687756788e-8	0.000012929156810319766	-2.5750607047828572e-14	4.4497993924067844e-12
2.289782862357404e8	4.896800388465215e-8	0.000017315440536258364	-2.4835006604884486e-14	4.451563292857015e-12
2.299638197403377e8	2.5201084068626476e-8	0.0000217033413770013	-2.3321225870621377e-14	4.452870211306509e-12
2.30949353244935e8	3.108658033810485e-9	0.000026091709474163783	-2.14751617485842e-14	4.452224374185763e-12
2.319348867495323e8	-1.708326483727368e-8	0.00003047769969204541	-1.9491060103603494e-14	4.447685780965162e-12
2.3292042025412962e8	-3.5307385678252454e-8	0.000034856347979504186	-1.749874904770007e-14	4.436899659172781e-12
2.3390595375872692e8	-5.159816813107437e-8	0.00003922017888185264	-1.5577364057517606e-14	4.417130258886983e-12
2.3489148726332423e8	-6.604898767918854e-8	0.00004355884870767074	-1.3769550414836618e-14	4.3852995741573514e-12
2.3587702076792154e8	-7.87823153068965e-8	0.000047858829788260146	-1.2093470006240961e-14	4.3380322811850746e-12
2.3686255427251884e8	-8.99303154880355e-8	0.000052103142837487314	-1.0551915269168833e-14	4.271708765342783e-12
2.3784808777711615e8	-9.962307754221666e-8	0.00005627114648368491	-9.138764506526788e-15	4.182528520676994e-12
2.3883362128171346e8	-1.0798212141479358e-7	0.00006033839540940527	-7.843329087889983e-15	4.066586394245612e-12
2.3981915478631076e8	-1.1511738561556587e-7	0.0000642765809523387	-6.653161266382081e-15	3.919964057626396e-12
2.4080468829090807e8	-1.2112642304304563e-7	0.00006805357018813428	-5.5557958395750825e-15	3.738838660699702e-12
2.4179022179550537e8	-1.2609493810542395e-7	0.00007163356107281116	-4.539780073792076e-15	3.519609802511302e-12
2.4277575530010268e8	-1.3009809412780753e-7	0.00007497737175869398	-3.595240912052234e-15	3.2590446975434696e-12
2.437612888047e8	-1.3320222319800593e-7	0.00007804288127285777	-2.714156810976022e-15	2.9544397075980246e-12
2.447468223092973e8	-1.3546670485157489e-7	0.00008078563592642035	-1.8904427922021225e-15	2.6037942806418066e-12
2.457323558138946e8	-1.3694586585110387e-7	0.00008315963073375043	-1.1199170159750029e-15	2.2059908857587538e-12
2.467178893184919e8	-1.3769080657539583e-7	0.00008511826752591586	-4.0019055990067255e-16	1.7609719388050527e-12
2.477034228230892e8	-1.3775109156753006e-7	0.00008661548132916198	2.694949646048206e-16	1.2699022494971719e-12
2.4868895632768652e8	-1.3717626043005308e-7	0.00008760701424582716	8.884678919590002e-16	7.353035451450542e-13
2.4967448983228385e8	-1.360171257429069e-7	0.00008805180220395779	1.454857289247863e-15	1.6114655200677763e-13
2.5066002333688116e8	-1.343268304618976e-7	0.00008791342562777669	1.9658497289344436e-15	-4.47113644315078e-13
2.5164555684147847e8	-1.3216164060217648e-7	0.00008716156179536225	2.4179693198677785e-15	-1.0825713468125846e-12
2.5263109034607577e8	-1.295814514765402e-7	0.00008577336611970993	2.807378527201382e-15	-1.7369817805194523e-12
2.5361662385067308e8	-1.266499885099104e-7	0.00008373470358961956	3.1301965008431966e-15	-2.400953643503184e-12
2.546021573552704e8	-1.2343468767936314e-7	0.0000810411516811052	3.3828298649589775e-15	-3.0642191179177377e-12
2.555876908598677e8	-1.2000624683913179e-7	0.0000776987032033244	3.562308276600549e-15	-3.715970346228006e-12
2.56573224364465e8	-1.1643784837844297e-7	0.00007372411196920008	3.666613701351167e-15	-4.345244224300841e-12
2.575587578690623e8	-1.1280406638065993e-7	0.00006914484509441773	3.694988622739851e-15	-4.9413315212031505e-12
2.585442913736596e8	-1.0917948780227343e-7	0.0000639986313593836	3.6482048863166865e-15	-5.494182742146153e-12
2.5952982487825692e8	-1.0563709657205454e-7	0.00005833262284862419	3.5287723935026267e-15	-5.994782459747392e-12
2.6051535838285422e8	-1.0224649045023889e-7	0.00005220221400222022	3.3410663419706195e-15	-6.435466270714181e-12
2.6150089188745153e8	-9.907202060565384e-8	0.000045669585291224143	3.0913540182790586e-15	-6.810159814685739e-12
2.6248642539204884e8	-9.617096008307622e-8	0.00003880205548382306	2.7877078057268325e-15	-7.11452668991225e-12
2.6347195889664614e8	-9.359181632239325e-8	0.000031670335309251136	2.439800003190482e-15	-7.34602057432599e-12
2.6445749240124345e8	-9.137290176904426e-8	0.000024346775759621523	2.058586435838822e-15	-7.503845258165096e-12
2.6544302590584075e8	-8.954126367489369e-8	0.0000169036969042048	1.655898128236975e-15	-7.588833567192537e-12
2.6642855941043806e8	-8.811204951292948e-8	9.411869443146814e-6	1.2439714798932503e-15	-7.603261531876914e-12
2.6741409291503537e8	-8.70883501575484e-8	1.9392033957819094e-6	8.349553664576771e-16	-7.550617239456186e-12
2.6839962641963267e8	-8.646152310121992e-8	-5.450321398746786e-6	4.404367876417958e-16	-7.435344578068193e-12
2.6938515992423e8	-8.621195763759232e-8	-0.000012697467746258993	7.102438980480807e-17	-7.2625808499279986e-12
2.703706934288273e8	-8.631020845185942e-8	-0.000019748298764223174	-2.6397820615153865e-16	-7.037904507411106e-12
2.713562269334246e8	-8.671839784085413e-8	-0.000026554497272576744	-5.567884601299136e-16	-6.7671056502241685e-12
2.723417604380219e8	-8.739177254406475e-8	-0.00003307347395240666	-8.012423628568796e-16	-6.455987987565003e-12
2.733272939426192e8	-8.828029951000758e-8	-0.00003926829800281347	-9.927776642550873e-16	-6.110207188712702e-12
2.743128274472165e8	-8.93301944695254e-8	-0.00004510748720513404	-1.1283173759484546e-15	-5.735147250179305e-12
2.752983609518138e8	-9.048529508793963e-8	-0.000050564694555353294	-1.2060747592704563e-15	-5.335833881724128e-12
2.762838944564111e8	-9.168821313755098e-8	-0.000055618326646604644	-1.22530397750615e-15	-4.916882012731902e-12
2.772694279610084e8	-9.288122399605058e-8	-0.00006025112547459277	-1.1860201519890685e-15	-4.482473302928956e-12
2.7825496146560574e8	-9.400687385027764e-8	-0.0000644497409255025	-1.0887095283063067e-15	-4.036358903170236e-12
2.7924049497020304e8	-9.50083032068358e-8	-0.00006820431639450737	-9.340458491841686e-16	-3.5818825188887984e-12
2.8022602847480035e8	-9.582929862705616e-8	-0.00007150810514314772	-7.226238382724194e-16	-3.1220189416915805e-12
2.812115619793977e8	-9.641409286081536e-8	-0.00007435713037333133	-4.547157421457001e-16	-2.659423507193957e-12
2.82197095483995e8	-9.670693728992145e-8	-0.00007674989769869879	-1.3005273721113678e-16	-2.1964883065288395e-12
2.831826289885923e8	-9.665147080408874e-8	-0.00007868716476709408	2.523699584780067e-16	-1.7354013504918482e-12
2.8416816249318963e8	-9.618990718610952e-8	-0.00008017176920848422	6.944670203621337e-16	-1.2782052142400487e-12
2.8515369599778694e8	-9.52620602022025e-8	-0.00008120851279882421	1.1992188285079075e-15	-8.268519608486779e-13
2.8613922950238425e8	-9.380422345581109e-8	-0.00008180409668736713	1.7708103571160364e-15	-3.8325136418977034e-13
2.8712476300698155e8	-9.174792250513173e-8	-0.00008196709969987075	2.414750655564177e-15	5.069034139613032e-14
2.8811029651157886e8	-8.901856209466122e-8	-0.0000817079891119783	3.1379640195911013e-15	4.730437144216149e-13
2.8909583001617616e8	-8.553400480395455e-8	-0.00008103915095090108	3.9488336867448476e-15	8.818435519593251e-13
2.900813635207735e8	-8.120314357914152e-8	-0.0000799749249573545	4.857163002126387e-15	1.275092215380395e-12
2.910668970253708e8	-7.592457624325862e-8	-0.00007853162801030315	5.87399486161726e-15	1.6507798070421038e-12
2.920524305299681e8	-6.958556501857736e-8	-0.00007672754931348909	7.011194211840332e-15	2.0069212075259263e-12
2.930379640345654e8	-6.206158224886452e-8	-0.00007458290120541254	8.280645891412925e-15	2.3416087858752156e-12
2.940234975391627e8	-5.3216923510619384e-8	-0.00007211971129120465	9.692846356952158e-15	2.6530782212531348e-12
2.9500903104376e8	-4.290713373537537e-8	-0.00006936164482813178	1.1254570198372717e-14	2.9397834381758516e-12
2.959945645483573e8	-3.098436284174052e-8	-0.0000663337509096361	1.2965175999832706e-14	3.2004753245133737e-12
2.969800980529546e8	-1.7307253115399973e-8	-0.00006306213178787352	1.4811006210907934e-14	3.4342778704156287e-12
2.979656315575519e8	-1.7575261589128002e-9	-0.00005957354125367611	1.6757300137020226e-14	3.640754838152724e-12
2.989511650621492e8	1.5734054680613206e-8	-0.00005589492477482558	1.8737224803721078e-14	3.8199602109332306e-12
2.9993669856674653e8	3.5149558843481105e-8	-0.00005205292037214027	2.0638303958765048e-14	3.972466557831473e-12
3.0092223207134384e8	5.633176880582887e-8	-0.000048073344250695874	2.2288092028480222e-14	4.0993670664112945e-12
3.0190776557594115e8	7.891934865420318e-8	-0.00004398068834870763	2.3443802031735116e-14	4.202249186414954e-12
3.0289329908053845e8	1.0227717246431727e-7	-0.00003979765776896957	2.3794693282183387e-14	4.283140340541948e-12
3.0387883258513576e8	1.2544039121167677e-7	-0.00003554477435767485	2.2989844745348532e-14	4.344428667133799e-12
3.0486436608973306e8	1.4710358368415636e-7	-0.000031240068663477945	2.0703368802568265e-14	4.388763929814073e-12
3.058498995943304e8	1.656938035421316e-7	-0.000026898876625071496	1.6737884260726893e-14	4.418945279008425e-12
3.068354330989277e8	1.7955574794898872e-7	-0.00002253375030718064	1.1141867100458838e-14	4.437803302649178e-12
3.07820966603525e8	1.8723816014100586e-7	-0.000018154484651850745	4.286974819761613e-15	4.448083713913045e-12
3.088065001081223e8	1.8781079229237595e-7	-0.000013768255330871647	-3.155677199460991e-15	4.452339179840157e-12
3.097920336127196e8	1.8109665205858983e-7	-9.379857032443161e-6	-1.0361476040178226e-14	4.4528343872124205e-12
3.107775671173169e8	1.6771851386708375e-7	-4.992027325790389e-6	-1.6568863864223538e-14	4.4514677208169296e-12
3.117631006219142e8	1.4893812461199854e-7	-6.058388020346582e-7	-2.1266237093631368e-14	4.449711152563303e-12
3.127486341265115e8	1.263610031712584e-7	3.778858571776117e-6	-2.42698287512061e-14	4.448568331953619e-12
3.137341676311088e8	1.0162489294268744e-7	8.162962277756515e-6	-2.5683654089551656e-14	4.448549590667073e-12
3.147197011357061e8	7.616648876157245e-8	0.000012547624915446457	-2.5791529667626757e-14	4.4496617145621334e-12
3.1570523464030343e8	5.110207759775925e-8	0.00001693375801843114	-2.4942778433381243e-14	4.451409914063237e-12
3.1669076814490074e8	2.7207081931077485e-8	0.00002132154275190031	-2.3469453350771136e-14	4.452809402972556e-12
3.1767630164949805e8	4.95722396008245e-9	0.00002570995580002542	-2.1643571165846145e-14	4.452404305114117e-12
3.1866183515409535e8	-1.540457046470121e-8	0.000030096316760188725	-1.9665482403224686e-14	4.4482921600012835e-12
3.1964736865869266e8	-3.379965279546901e-8	0.000034475861995362104	-1.7670114863626277e-14	4.438153003019158e-12
3.2063290216328996e8	-5.025553809295706e-8	0.0000388413492651267	-1.5740431151919968e-14	4.419282769817373e-12
3.216184356678873e8	-6.486183204684886e-8	0.00004318269759264215	-1.3921734049963909e-14	4.388631547281585e-12
3.2260396917248464e8	-7.773937487216795e-8	0.00004748666769714446	-1.2233911967523312e-14	4.3428479038455835e-12
3.2358950267708194e8	-8.902004712162366e-8	0.000051736589841092026	-1.0680803312782565e-14	4.2783311266176525e-12
3.2457503618167925e8	-9.883443852068915e-8	0.00005591214796901703	-9.256863038938886e-15	4.191293621234708e-12
3.2556056968627656e8	-1.0730497418174366e-7	0.000059989231362126924	-7.951669775375365e-15	4.077835940618183e-12
3.2654610319087386e8	-1.1454265695578497e-7	0.00006393986745681268	-6.752847079933526e-15	3.934036845346944e-12
3.2753163669547117e8	-1.2064611063994505e-7	0.00006773225167791854	-5.647882107172773e-15	3.756060402779106e-12
3.285171702000685e8	-1.2570202663121034e-7	0.00007133089176334886	-4.625206203489972e-15	3.5402813479397713e-12
3.295027037046658e8	-1.2978642131107689e-7	0.00007469688469889673	-3.674794718387919e-15	3.283428711794563e-12
3.304882372092631e8	-1.3296632170258514e-7	0.00007778834360203065	-2.7884595225031602e-15	2.982746053276602e-12
3.314737707138604e8	-1.3530163630641108e-7	0.0000805609892537998	-1.9599471241909927e-15	2.6361645364090733e-12
3.324593042184577e8	-1.3684705739071264e-7	0.00008296891609808789	-1.1849135884411652e-15	2.2424826638968636e-12
3.33444837723055e8	-1.3765389659610056e-7	0.00008496553515502866	-4.608198253652554e-16	1.8015438868833985e-12
3.344303712276523e8	-1.377717892420911e-7	0.00008650468639421617	2.1322693116347086e-16	1.3144008222123337e-12
3.354159047322496e8	-1.372502222864503e-7	0.00008754190095185339	8.366706656905264e-16	7.834527746233049e-13
3.364014382368469e8	-1.3613985192745337e-7	0.00008803577980106325	1.4077349378276729e-15	2.125420917700821e-13
3.3738697174144423e8	-1.344935829271491e-7	0.0000879494411554269	1.9236775151338174e-15	-3.9300500905112416e-13
3.3837250524604154e8	-1.3236738522286017e-7	0.00008725197544444654	2.3810684745746877e-15	-1.0264057657220636e-12
3.3935803875063884e8	-1.2982082588602154e-7	0.00008591983585813512	2.776089325608507e-15	-1.6795254197652525e-12
3.4034357225523615e8	-1.269172971731969e-7	0.00008393808599730912	3.1048499840970757e-15	-2.3430627554348096e-12
3.4132910575983346e8	-1.237239252940451e-7	0.00008130142566222988	3.363718739527068e-15	-3.006813700328217e-12
3.4231463926443076e8	-1.2031115050740774e-7	0.00007801492232872543	3.549657785447669e-15	-3.660002642969845e-12
3.4330017276902807e8	-1.1675197805919903e-7	0.00007409438967090089	3.660553574627549e-15	-4.291663904064036e-12
3.442857062736254e8	-1.1312091187700278e-7	0.00006956637489548438	3.695527541914796e-15	-4.891049802264723e-12
3.452712397782227e8	-1.0949259898275265e-7	0.0000644677419659006	3.655209173677106e-15	-5.448037935031174e-12
3.4625677328282e8	-1.059402317480754e-7	0.00005884486550328674	3.5419507907114904e-15	-5.953509335643113e-12
3.472423067874173e8	-1.0253377600298948e-7	0.000052752477268787234	3.3599626850229493e-15	-6.399671331438027e-12
3.482278402920146e8	-9.933811331293435e-8	0.00004625223065197472	3.115349286395474e-15	-6.7803039833693754e-12
3.492133737966119e8	-9.641120242574045e-8	0.00003941106597310256	2.8160323934720704e-15	-7.090916238814753e-12
3.501989073012092e8	-9.380237463412244e-8	0.000032299468971796764	2.4715561733304064e-15	-7.32880635552652e-12
3.511844408058065e8	-9.155087764652696e-8	0.000024989716010172282	2.0927798574297717e-15	-7.493029603363878e-12
3.521699743104038e8	-8.968477067258909e-8	0.000017554192782119378	1.691476348848874e-15	-7.584283656730057e-12
3.5315550781500113e8	-8.822024971934858e-8	0.000010063860141954286	1.2798663076881117e-15	-7.604727653471755e-12
3.5414104131959844e8	-8.716144852235685e-8	2.58692310683137e-6	8.701256155108533e-16	-7.557754183037308e-12
3.5512657482419574e8	-8.650072094877372e-8	-4.8122605556751605e-6	4.739077769469547e-16	-7.447734431678492e-12
3.5611210832879305e8	-8.62193701926935e-8	-0.00001207401529782676	1.019210017403122e-16	-7.279755636416081e-12
3.5709764183339036e8	-8.628875397656876e-8	-0.00001914392715054799	-2.3640728513001505e-16	-7.059367382711331e-12
3.5808317533798766e8	-8.667166781145269e-8	-0.000025973182895066635	-5.331566272717204e-16	-6.792349718976842e-12
3.5906870884258497e8	-8.732389303053452e-8	-0.000032518695330137885	-7.820212985018779e-16	-6.4845121338963705e-12
3.600542423471823e8	-8.819579358765794e-8	-0.000038743047929599964	-9.783030172498542e-16	-6.141528633364199e-12
3.610397758517796e8	-8.923385428170034e-8	-0.00004461429564866147	-1.1188023536911276e-15	-5.7688108069716155e-12
3.620253093563769e8	-9.038207037847209e-8	-0.00005010565911677754	-1.201629605793924e-15	-5.3714180860258905e-12
3.630108428609742e8	-9.158312100318092e-8	-0.00005519514764169411	-1.225959209045872e-15	-4.9540024317090155e-12
3.639963763655715e8	-9.277928256672874e-8	-0.00005986514304696675	-1.1917515745733444e-15	-4.5207834184821124e-12
3.6498190987016886e8	-9.391306081513719e-8	-0.00006410197200864851	-1.0994634034672485e-15	-4.075548994291941e-12
3.659674433747662e8	-9.492753870465865e-8	-0.00006789548976337208	-9.497630114757455e-16	-3.6216769728664486e-12
3.669529768793635e8	-9.576645106571056e-8	-0.00007123869321142417	-7.432620208702159e-16	-3.1621724049447506e-12
3.679385103839608e8	-9.637400570286252e-8	-0.00007412737678328452	-4.802697723344624e-16	-2.699716256735187e-12
3.689240438885581e8	-9.669447467313239e-8	-0.00007655984010955677	-1.6057258100602412e-16	-2.2367211899486328e-12
3.699095773931554e8	-9.667157995632996e-8	-0.00007853665257526967	2.1676311765785247e-16	-1.7753906112961747e-12
3.708951108977527e8	-9.624769582664634e-8	-0.00008006047623173119	6.535664036912963e-16	-1.3177774930342396e-12
3.7188064440235e8	-9.536288736658894e-8	-0.00008113594523185865	1.1527191765740158e-15	-8.658397415697954e-13
3.728661779069473e8	-9.395380229402743e-8	-0.0000817695968927315	1.7182965463060385e-15	-4.2148911647948676e-13
3.738517114115446e8	-9.195243340742247e-8	-0.00008196984663634805	2.3556882417477246e-15	1.3369091185773214e-14
3.748372449161419e8	-8.928477376611562e-8	-0.0000817469964208072	3.0716928257380373e-15	4.3680817516075086e-13
3.7582277842073923e8	-8.586939931237521e-8	-0.00008111326390927794	3.8745666366706835e-15	8.468661493195384e-13
3.7680831192533654e8	-8.161603846696557e-8	-0.00008008281765564723	4.773994068064087e-15	1.241547641312241e-12
3.7779384542993385e8	-7.642423182728396e-8	-0.00007867180219572468	5.780922506031208e-15	1.6188425872705023e-12
3.7877937893453115e8	-7.01822569970337e-8	-0.00007689833634784075	6.9071704215358046e-15	1.976761830629483e-12
3.7976491243912846e8	-6.276660730020456e-8	-0.0000747824684874985	8.164666248811625e-15	2.3133885499216853e-12
3.8075044594372576e8	-5.404248689688355e-8	-0.00007234607428021216	9.564103950833766e-15	2.6269430780082667e-12
3.817359794483231e8	-4.386604096710801e-8	-0.00006961268546677392	1.1112705579429122e-14	2.915857238437496e-12
3.827215129529204e8	-3.2089400572748365e-8	-0.00006660724279334213	1.2810665824968269e-14	3.1788529750800734e-12
3.837070464575177e8	-1.8570098016914932e-8	-0.00006335577188391977	1.4645741225997706e-14	3.4150189856827645e-12
3.84692579962115e8	-3.1869705821006482e-9	-0.000059884987384255464	1.65854002908931e-14	3.6238784907427754e-12
3.856781134667123e8	1.4134806677959616e-8	-0.000056221837497314963	1.856610852745493e-14	3.805441344456844e-12
3.866636469713096e8	3.3386751304868926e-8	-0.00005239300738248777	2.0479940978422202e-14	3.960234517505619e-12
3.876491804759069e8	5.442618528795062e-8	-0.00004842440506440889	2.2160185959849307e-14	4.089306536916183e-12
3.886347139805042e8	7.691232041381226e-8	-0.0000443406568286649	2.337034366686653e-14	4.194203618631734e-12
3.896202474851015e8	1.0023644995090663e-7	-0.00004016464009879445	2.3804943121993732e-14	4.276917725437193e-12
3.906057809896988e8	1.2346375280486312e-7	-0.00003591708030466972	2.3114565512710916e-14	4.3398093056077186e-12
3.9159131449429613e8	1.4531700515353737e-7	-0.000031616234408245015	2.0967508512422724e-14	4.385509679698103e-12
3.9257684799889344e8	1.6424087456006736e-7	-0.000027277678003690656	1.7150452760212442e-14	4.416809655553664e-12
3.9356238150349075e8	1.7857699932838702e-7	-0.000022914205948183208	1.1686380678917243e-14	4.436541777136109e-12
3.9454791500808805e8	1.868434964992003e-7	-0.00001853584912201738	4.9179890375685645e-15	4.447463594844974e-12
3.9553344851268536e8	1.8805350505703687e-7	-0.000014150002965806235	-2.505484443154624e-15	4.452148560288332e-12
3.9651898201728266e8	1.8195953606663244e-7	-9.76165757082188e-6	-9.76456077505332e-15	4.4528897805875734e-12
3.9750451552188e8	1.6911845312134718e-7	-5.373714762246729e-6	-1.6083637473926608e-14	4.451620162882087e-12
3.984900490264773e8	1.5074698787173232e-7	-9.87375017161438e-7	-2.0924416807516362e-14	4.449850698225979e-12
3.994755825310746e8	1.2843368743286605e-7	3.3974238411656774e-6	-2.4074738314879448e-14	4.4486270039821126e-12
4.004611160356719e8	1.0382430802880215e-7	7.781533671255759e-6	-2.5617349442781763e-14	4.448502932788456e-12
4.014466495402692e8	7.837942132526679e-8	0.000012166104609358778	-2.582522573422173e-14	4.449529158656585e-12
4.024321830448665e8	5.324519245634222e-8	0.000016552088757980058	-2.5045862937420048e-14	4.451254191156199e-12
4.034177165494638e8	2.922567790872185e-8	0.000020939749922195845	-2.3615058549636363e-14	4.452735215240544e-12
4.044032500540611e8	6.820182927431827e-9	0.000025328187899821654	-2.1810869989285207e-14	4.45255643826315e-12
4.053887835586584e8	-1.371092436877201e-8	0.00002971488379307464	-1.9839806469445562e-14	4.4488531600513044e-12
4.063743170632557e8	-3.2277203941727797e-8	0.000034095271383673256	-1.7842001231695824e-14	4.439340476360281e-12
4.073598505678531e8	-4.889888941385432e-8	0.00003846233891625656	-1.5904353986153395e-14	4.4213462971599224e-12
4.083453840724504e8	-6.366158484131983e-8	0.000042806265705441674	-1.4074918126396154e-14	4.391849136560367e-12
4.093309175770477e8	-7.66843486153064e-8	0.0000471140987928803	-1.2375379299466855e-14	4.3475218491923986e-12
4.10316451081645e8	-8.809868554682203e-8	0.00005136947634870418	-1.0810671983123161e-14	4.2847830946520645e-12
4.113019845862423e8	-9.803563488559145e-8	0.00005555240650222229	-9.375861528179991e-15	4.199858756544654e-12
4.122875180908396e8	-1.0661850306671269e-7	0.00005963911261481417	-8.060815631256554e-15	4.088855774053636e-12
4.1327305159543693e8	-1.1395935059227981e-7	0.00006360195843636672	-6.853242693954757e-15	3.947850806614532e-12
4.1425858510003424e8	-1.201578759019968e-7	0.00006740946882188294	-5.740590248124578e-15	3.7729957879065946e-12
4.1524411860463154e8	-1.2530176713263418e-7	0.00007102646337632542	-4.711178153717664e-15	3.5606416770944656e-12
4.1622965210922885e8	-1.2946790662927796e-7	0.00007441432114074786	-3.75483231176398e-15	3.3074805367835467e-12
4.1721518561382616e8	-1.3272403060446044e-7	0.00007753139379409237	-2.8631987061694475e-15	3.0107044369578173e-12
4.1820071911842346e8	-1.3513059098248788e-7	0.0000803335823836179	-2.029855115698482e-15	2.668177623645043e-12
4.1918625262302077e8	-1.3674265947051818e-7	0.00008277508792432065	-1.2502947018846053e-15	2.2786159846309725e-12
4.201717861276181e8	-1.376117718987683e-7	0.00008480933905734644	-5.218269985633385e-16	1.841765257743092e-12
4.211573196322154e8	-1.3778764594955686e-7	0.0000863900902704974	1.5657663807796928e-16	1.3585669170562386e-12
4.221428531368127e8	-1.3731972592637222e-7	0.00008747267219925357	7.844775738813427e-16	8.312985832003558e-13
4.2312838664141e8	-1.3625851983068474e-7	0.00008801536185604276	1.3601957900054884e-15	2.636745423084233e-13
4.241139201460073e8	-1.3465670042565604e-7	0.00008798082630228607	1.8810623555623914e-15	-3.3910805762846054e-13
4.250994536506046e8	-1.3256994560945187e-7	0.00008733757969387902	2.343695581670255e-15	-9.703901782542392e-13
4.260849871552019e8	-1.300574959481184e-7	0.00008606138249163014	2.744298424305599e-15	-1.6221484837380378e-12
4.270705206597992e8	-1.2718240984542624e-7	0.00008413650471877438	3.078974067468804e-15	-2.285173846264369e-12
4.280560541643965e8	-1.240115005658723e-7	0.00008155677407380138	3.3440550123582345e-15	-2.9493284577895976e-12
4.2904158766899383e8	-1.206149450959375e-7	0.00007832633558869088	3.5364384986133235e-15	-3.603871855273048e-12
4.3002712117359114e8	-1.1706556344988546e-7	0.00007446006271115592	3.653917829478648e-15	-4.2378388903827606e-12
4.3101265467818844e8	-1.1343777910942503e-7	0.00006998357957498739	3.695495471119968e-15	-4.840446532168666e-12
4.3199818818278575e8	-1.0980628702562952e-7	0.00006493287919854705	3.661660190068667e-15	-5.401502349326836e-12
4.3298372168738306e8	-1.062444745455508e-7	0.000059353549966862753	3.554607761760288e-15	-5.911786292995385e-12
4.3396925519198036e8	-1.0282266144114934e-7	0.00005329965004392965	3.3783838553133217e-15	-6.363379295279801e-12
4.3495478869657767e8	-9.960624568537862e-8	0.00004683229330589483	3.138929466194301e-15	-6.749917023811577e-12
4.35940322201175e8	-9.665385875359901e-8	0.000040018028383968416	2.8440143287729267e-15	-7.0667542304854345e-12
4.369258557057723e8	-9.401564470427258e-8	0.000032927102690835414	2.5030521407947158e-15	-7.31103350172374e-12
4.379113892103696e8	-9.173177809520274e-8	0.000025631705186087668	2.126802483010087e-15	-7.481660709320465e-12
4.388969227149669e8	-8.983132495785637e-8	0.00001820427554048323	1.7269765862704048e-15	-7.579196994478296e-12
4.398824562195642e8	-8.83315283227919e-8	0.000010715954665104173	1.3157756166681257e-15	-7.605682863713024e-12
4.408679897241615e8	-8.723756694637675e-8	3.2352343033906393e-6	9.053988213040935e-16	-7.564413467510943e-12
4.418535232287588e8	-8.65427966349867e-8	-4.173156167953375e-6	5.075629877319667e-16	-7.459685292537797e-12
4.428390567333561e8	-8.622944291101142e-8	-0.000011449107222950806	1.3307333582584532e-16	-7.29653358213931e-12
4.438245902379534e8	-8.626967707636922e-8	-0.00001853773035646918	-2.0852062307435959e-16	-7.0804772940175315e-12
4.4481012374255073e8	-8.662697964734231e-8	-0.000025389717238067153	-5.09161329654649e-16	-6.817284900466809e-12
4.4579565724714804e8	-8.725767870527679e-8	-0.00003196148234200595	-7.624012767867756e-16	-6.512770420190244e-12
4.4678119075174534e8	-8.811254690929574e-8	-0.00003821512188561426	-9.634053161147899e-16	-6.172625235470034e-12
4.4776672425634265e8	-8.913834868712527e-8	-0.00004411822566094245	-1.108850129484302e-15	-5.802287851486221e-12
4.4875225776093996e8	-9.027924581397592e-8	-0.00004964357905722716	-1.1967411773857301e-15	-5.4068510050013015e-12
4.497377912655373e8	-9.147799169497318e-8	-0.000054768790929442994	-1.2261710487242498e-15	-4.991003503387155e-12
4.507233247701346e8	-9.267686855969037e-8	-0.00005947587967759423	-1.1970432413191413e-15	-4.559002844715556e-12
4.5170885827473193e8	-9.381834433918204e-8	-0.00006375084560532939	-1.1097827499014669e-15	-4.114673939758779e-12
4.5269439177932924e8	-9.484544499180976e-8	-0.00006758325285388889	-9.65050428446768e-16	-3.661428996279417e-12
4.5367992528392655e8	-9.570185224777479e-8	-0.0000709658393518557	-7.634729377041086e-16	-3.2023036952399685e-12
4.5466545878852385e8	-9.633174585727436e-8	-0.00007389416854241682	-5.053950423169872e-16	-2.7400050580487526e-12
4.5565099229312116e8	-9.667941388848771e-8	-0.00007636633229009887	-1.906567079166242e-16	-2.276966766138531e-12
4.5663652579771847e8	-9.668865536176585e-8	-0.0000783827103778634	1.816057401181442e-16	-1.815408069375084e-12
4.576220593023158e8	-9.630199775443726e-8	-0.00007994578836886138	6.131369760320107e-16	-1.3573927580861852e-12
4.586075928069131e8	-9.545974906683126e-8	-0.00008106003227603482	1.1067214824501995e-15	-9.048849540396316e-13
4.595931263115104e8	-9.409890175069576e-8	-0.00008173181540113623	1.666325428976803e-15	-4.597987044571126e-13
4.605786598161077e8	-9.215190564477365e-8	-0.00008196938983423802	2.2972199479672454e-15	-2.4038569563706365e-14
4.61564193320705e8	-8.954533135905268e-8	-0.0000817828924459423	3.0060782600601073e-15	4.004713735460663e-13
4.625497268253023e8	-8.619845730920539e-8	-0.00008118437281185913	3.801029614068851e-15	8.117723692075828e-13
4.635352603298996e8	-8.202183713943128e-8	-0.00008018782849950427	4.69163825848483e-15	1.2078714527693011e-12
4.645207938344969e8	-7.691594590746049e-8	-0.00007880923169893997	5.6887531905802145e-15	1.5867586642499297e-12
4.655063273390942e8	-7.077007237000725e-8	-0.00007706653051375242	6.8041407765122495e-15	1.9464412007258306e-12
4.664918608436915e8	-6.346173413790304e-8	-0.0000749796085896228	8.04976306179873e-15	2.284993543282197e-12
4.6747739434828883e8	-5.4857060169834446e-8	-0.00007257018836091316	9.436494845877661e-15	2.600621244440642e-12
4.6846292785288614e8	-4.4812833114441307e-8	-0.00006986166618263522	1.097197907135489e-14	2.8917346259253834e-12
4.6944846135748345e8	-3.3181235117262245e-8	-0.00006687887199695815	1.2657205960121072e-14	3.1570272720197046e-12
4.7043399486208075e8	-1.981880719947972e-8	-0.00006364775179578319	1.4481287025190364e-14	3.3955531053415872e-12
4.7141952836667806e8	-4.601689968064504e-9	-0.000060194977620597675	1.641383882323701e-14	3.6067952028551076e-12
4.7240506187127537e8	1.2550251391079705e-8	-0.00005654749663570992	1.8394523079846312e-14	3.790719523290984e-12
4.733905953758727e8	3.163759706349508e-8	-0.000052732037230721215	2.0319854530927702e-14	3.947807473989878e-12
4.7437612888047e8	5.2531720676712165e-8	-0.000048774595412625905	2.20287668686208e-14	4.079062740640819e-12
4.753616623850673e8	7.49118426365401e-8	-0.0000446999282618233	2.3291045608956827e-14	4.185989910475243e-12
4.763471958896646e8	9.819521566818026e-8	-0.00004053108245685373	2.380667025039758e-14	4.270544898393758e-12
4.773327293942619e8	1.2147689771523903e-7	-0.000036288984605108303	2.322818814159769e-14	4.335059719562068e-12
4.783182628988592e8	1.435083275288973e-7	-0.00003199211646408924	2.121885704521166e-14	4.382146403659878e-12
4.793037964034565e8	1.6275311344363757e-7	-0.000027656292529702604	1.755034594426032e-14	4.414586519976752e-12
4.802893299080538e8	1.7755199218841567e-7	-0.000023294550581258005	1.2220818294247893e-14	4.435213680767403e-12
4.812748634126511e8	1.8639494176775508e-7	-0.000018917158416758276	5.543930873332255e-15	4.446796444506557e-12
4.822603969172484e8	1.88240409905673e-7	-0.000014531732996506306	-1.85401789772413e-15	4.451928316648514e-12
4.8324593042184573e8	1.8277092385154335e-7	-0.000010143462225807977	-9.160372073182787e-15	4.452930219128211e-12
4.8423146392644304e8	1.7047629702652295e-7	-5.755415125902656e-6	-1.5587006413339426e-14	4.451769114247138e-12
4.8521699743104035e8	1.5252598558650814e-7	-1.3689233914507227e-6	-2.0569610159698632e-14	4.449994684044926e-12
4.8620253093563765e8	1.3048911825961526e-7	3.015983708050446e-6	-2.3867359133268526e-14	4.448694315330714e-12
4.8718806444023496e8	1.0601760455913629e-7	7.400108679491774e-6	-2.5540898137204968e-14	4.448465296936842e-12
4.8817359794483227e8	8.059492487145502e-8	0.0000117845954322932	-2.5851460081958382e-14	4.449402200362042e-12
4.891591314494296e8	5.5396937807015993e-8	0.00001617043292167409	-2.514405541554066e-14	4.451096917842607e-12
4.901446649540269e8	3.125664043311918e-8	0.000020557963987844688	-2.3757883844841962e-14	4.452648745485697e-12
4.9113019845862424e8	8.697435006303781e-9	0.000024946408097529668	-2.1976947849834958e-14	4.452682157054571e-12
4.9211573196322155e8	-1.2002337986092994e-8	0.000029333404610764993	-2.001396150036201e-14	4.4493704301530185e-12
4.9310126546781886e8	-3.073999622881526e-8	0.00003371458171112511	-1.8014367079359748e-14	4.4404639705385805e-12
4.9408679897241616e8	-4.752814958488204e-8	0.00003808315537448526	-1.6069112151309142e-14	4.4233229477971226e-12
4.9507233247701347e8	-6.244816057422833e-8	0.000042429562755318416	-1.422909567687823e-14	4.3949546331851244e-12
4.960578659816108e8	-7.561714856330936e-8	0.00004674113511864654	-1.2517873195414072e-14	4.352056555664931e-12
4.970433994862081e8	-8.716614643524212e-8	0.000051001816861307296	-1.0941526991377321e-14	4.291067210654109e-12
4.980289329908054e8	-9.722658913587903e-8	0.00005519193911779446	-9.495767801035658e-15	4.208226517031708e-12
4.990144664954027e8	-1.0592263867138035e-7	0.00005928805875329261	-8.170775075465677e-15	4.0996484700470765e-12
5.e8	-1.1336740531850771e-7	0.00006326287597704163	-6.954356196242883e-15	3.9614084260996555e-12