1.1258411622761961e7	-9.43345998324621e-9	8.470329472543003e-22	-7.544097901882047e-16	-6.677698353212173e-14
1.2235894799516438e7	-1.0365442511960023e-8	-6.502028553675897e-8	-1.1461872026389976e-15	-6.607762090380975e-14
1.3213377976270914e7	-1.1659833767223641e-8	-1.2883021319570617e-7	-1.4938922338257479e-15	-6.430691931714388e-14
1.4190861153025389e7	-1.3267971292843075e-8	-1.904048880993727e-7	-1.786498952618376e-15	-6.151407569880964e-14
1.5168344329779865e7	-1.5131627780910756e-8	-2.4877750896079465e-7	-2.015508298179405e-15	-5.77684036839289e-14
1.6145827506534342e7	-1.718558058261158e-8	-3.030579631660375e-7	-2.175117867473497e-15	-5.3157115937638065e-14
1.7123310683288816e7	-1.9360250994956584e-8	-3.5244917634503706e-7	-2.262198809879551e-15	-4.7782960324513354e-14
1.8100793860043295e7	-2.1584239289820194e-8	-3.962611074585459e-7	-2.2761123601206415e-15	-4.1761775018184543e-14
1.907827703679777e7	-2.37866201741622e-8	-4.3392233166594556e-7	-2.2184112839972377e-15	-3.5220002449715245e-14
2.0055760213552244e7	-2.5898910394204227e-8	-4.649891807281248e-7	-2.0924758304260196e-15	-2.8292179011531497e-14
2.1033243390306722e7	-2.7856667761590956e-8	-4.891524177296226e-7	-1.903130878789635e-15	-2.1118398876817537e-14
2.2010726567061197e7	-2.9600722949416386e-8	-5.062414146591891e-7	-1.6562830394224584e-15	-1.3841737829624e-14
2.2988209743815675e7	-3.107807827028272e-8	-5.16225784408602e-7	-1.3586059558585543e-15	-6.6056177295483226e-15
2.396569292057015e7	-3.2242529868680196e-8	-5.192144003699148e-7	-1.0172910940156852e-15	4.489053200898751e-16
2.4943176097324625e7	-3.3055081674622656e-8	-5.154517245881505e-7	-6.398713677851904e-16	7.185935944522772e-15
2.59206592740791e7	-3.348422251108571e-8	-5.053113665379037e-7	-2.341168119010039e-16	1.3477607428417775e-14
2.6898142450833578e7	-3.350613380111024e-8	-4.892868152094303e-7	1.9200467056662068e-16	1.9206989824157013e-14
2.7875625627588056e7	-3.3104886188229204e-8	-4.679793318181222e-7	6.303129541469752e-16	2.4270979320435348e-14
2.885310880434253e7	-3.2272670487587576e-8	-4.4208306129302124e-7	1.0723624944971705e-15	2.8583082947641734e-14
2.9830591981097005e7	-3.1010092634722505e-8	-4.123675170911944e-7	1.5093676809799878e-15	3.207598798493745e-14
3.0808075157851484e7	-2.932654412600614e-8	-3.796577119163547e-7	1.9321265154242134e-15	3.470378644396676e-14
3.178555833460596e7	-2.7240638960866773e-8	-3.4481233934425297e-7	2.3309647487636063e-15	3.6443715071776227e-14
3.2763041511360433e7	-2.4780685350498843e-8	-3.0870054788741575e-7	2.6957248343064625e-15	3.729727324482958e-14
3.374052468811491e7	-2.1985135773472296e-8	-2.7217797709415487e-7	3.015825683803551e-15	3.729059671323068e-14
3.4718007864869386e7	-1.8902933319455434e-8	-2.360628312137314e-7	3.280419358031249e-15	3.6473994760001623e-14
3.569549104162386e7	-1.5593647705297108e-8	-2.0111283658562222e-7	3.478668228029493e-15	3.4920600605771367e-14
3.6672974218378335e7	-1.2127274270154005e-8	-1.6800395324246706e-7	3.600159321235516e-15	3.272413668491531e-14
3.765045739513281e7	-8.583558493664563e-9	-1.373116821091841e-7	3.635460131512487e-15	2.999585308073496e-14
3.8627940571887285e7	-5.050713070243619e-9	-1.0949572459798898e-7	3.576801360828263e-15	2.6860753260038492e-14
3.960542374864177e7	-1.6234204146965215e-9	-8.488861504550295e-8	3.4188474204196413e-15	2.3453270355247465e-14
4.058290692539624e7	1.5999346889296147e-9	-6.368876760219599e-8	3.1594875892699223e-15	1.991259425813076e-14
4.156039010215072e7	4.520778739244687e-9	-4.595817176297208e-8	2.8005544094758494e-15	1.6377870753057545e-14
4.25378732789052e7	7.044484900744224e-9	-3.162475155807289e-8	2.348358127901522e-15	1.2983496843568463e-14
4.351535645565967e7	9.084894476128894e-9	-2.0489190198092757e-8	1.8139243987444566e-15	9.854721568024625e-15
4.449283963241415e7	1.0568886672783727e-8	-1.2235831061033092e-8	1.2128430169943789e-15	7.1037313469737865e-15
4.547032280916862e7	1.144058850734742e-8	-6.447110490147639e-9	5.646796985839574e-16	4.8263573383052304e-15
4.64478059859231e7	1.1664799409438688e-8	-2.6208665580580995e-9	-1.0803415057399592e-16	3.0994944913960095e-15
4.742528916267757e7	1.1229253889258718e-8	-1.8980420564200457e-10	-7.811488720112878e-16	1.9792733207710982e-15
4.8402772339432046e7	1.014545966434146e-8	1.4576205831630302e-9	-1.4304355907723856e-15	1.4999807047702473e-15
4.938025551618652e7	8.44801119366421e-9	2.955612477546838e-9	-2.0331350234326228e-15	1.6736890419299202e-15
5.035773869294101e7	6.192460174043256e-9	4.939405523430841e-9	-2.5693323861559304e-15	2.4905262667707436e-15
5.1335221869695485e7	3.45199054721468e-9	8.024175465023622e-9	-3.0230077646604054e-15	3.919503461776979e-15
5.231270504644996e7	3.132655516306958e-10	1.2784997521681988e-8	-3.382670255089024e-15	5.9098116742869764e-15
5.3290188223204434e7	-3.1281298896358686e-9	1.9738266368532283e-8	-3.641553871807114e-15	8.392503540218516e-15
5.426767139995891e7	-6.772239074082817e-9	2.932491742242152e-8	-3.797417458054263e-15	1.1282486169443025e-14
5.524515457671338e7	-1.0518929128631438e-8	4.189572377235288e-8	-3.8520372979223595e-15	1.448076680021945e-14
5.622263775346786e7	-1.4271485621972419e-8	5.769889397567179e-8	-3.810504091652872e-15	1.7876909232998888e-14
5.720012093022233e7	-1.7939470488462795e-8	7.687016259503792e-8	-3.68043637439046e-15	2.135167441454534e-14
5.817760410697681e7	-2.1440810151994886e-8	9.942554552633846e-8	-3.4712059845031744e-15	2.4779830506903592e-14
5.915508728373128e7	-2.4703162037538255e-8	1.2525692162604872e-7	-3.193245402349369e-15	2.803312455228779e-14
6.013257046048576e7	-2.7664662153509735e-8	1.5413059516676655e-7	-2.857478769085025e-15	3.098340820089723e-14
6.1110053637240246e7	-3.027418464399747e-8	1.8568898360638298e-7	-2.4748932942035878e-15	3.350590330050142e-14
6.208753681399472e7	-3.249125053163e-8	2.1945555517019343e-7	-2.0562483374632783e-15	3.548257954676791e-14
6.3065019990749195e7	-3.428571334263138e-8	2.548431043894132e-7	-1.6119064236542554e-15	3.6805596706608285e-14
6.404250316750367e7	-3.563732993506555e-8	2.911653957980055e-7	-1.1517631519627548e-15	3.738073978365905e-14
6.5019986344258144e7	-3.653530061024035e-8	3.2765212321785595e-7	-6.852500419739964e-16	3.713074929551976e-14
6.599746952101262e7	-3.6977837017719095e-8	3.634670239053999e-7	-2.2138431997385002e-16	3.5998423650535936e-14
6.6974952697767094e7	-3.69717916251083e-8	3.977288559895253e-7	2.3115880144343507e-16	3.3949349991047495e-14
6.795243587452157e7	-3.6532359681363366e-8	4.295348003654102e-7	6.639735855134398e-16	3.097410749402921e-14
6.892991905127604e7	-3.568284402020631e-8	4.579856942784581e-7	1.068870849744397e-15	2.7089786368848778e-14
6.990740222803052e7	-3.4454454780184496e-8	4.822123559370096e-7	1.4378621583737463e-15	2.234067922139838e-14
7.088488540478499e7	-3.28861002431358e-8	5.014021322155089e-7	1.7631960498898388e-15	1.6798030274142963e-14
7.186236858153948e7	-3.102411189511738e-8	5.148247097767621e-7	2.0374580332912178e-15	1.0558771582013003e-14
7.283985175829396e7	-2.8921837343739814e-8	5.218561871677673e-7	2.2537417610892673e-15	3.743231312465507e-15
7.381733493504843e7	-2.6639030250373877e-8	5.220004215870354e-7	2.4058928204524413e-15	-3.508137107493767e-15
7.47948181118029e7	-2.4240968730314955e-8	5.149067438879679e-7	2.4888186756946144e-15	-1.1038890619218452e-14
7.577230128855738e7	-2.17972446271852e-8	5.003832774647529e-7	2.4988485490914376e-15	-1.8681421982702816e-14
7.674978446531186e7	-1.9380187189652744e-8	4.784052928164562e-7	2.434116141561321e-15	-2.626225111227801e-14
7.772726764206633e7	-1.706291645329998e-8	4.491182656173637e-7	2.2949274779430665e-15	-3.3607526520205854e-14
7.87047508188208e7	-1.491706283101094e-8	4.1283556334961913e-7	2.084067880867537e-15	-4.0548469960795423e-14
7.96822339955753e7	-1.3010236578400828e-8	3.700309430017011e-7	1.8069985696278192e-15	-4.6926507998034884e-14
8.065971717232977e7	-1.140337811589943e-8	3.213262793090737e-7	1.4718969000383377e-15	-5.259786500304913e-14
8.163720034908424e7	-1.0148160028141855e-8	2.674751415811987e-7	1.0895061438901087e-15	-5.743743905539734e-14
8.261468352583872e7	-9.284635738553843e-9	2.093429841681321e-7	6.727806543607621e-16	-6.134183970587855e-14
8.359216670259319e7	-8.839331463423652e-9	1.4788480393159556e-7	2.363379349370099e-16	-6.423152807653599e-14
8.456964987934767e7	-8.823953426921743e-9	8.412114690989684e-8	-2.042437022339567e-16	-6.605205896664535e-14
8.554713305610214e7	-9.234832547545325e-9	1.9113320729431306e-8	-6.332198182587516e-16	-6.677447608120402e-14
8.652461623285662e7	-1.0053160113054502e-8	-4.606140116214056e-8	-1.0354901982358764e-15	-6.63949512932184e-14
8.750209940961109e7	-1.1245990728784569e-8	-1.1033390010928988e-7	-1.3973456720030148e-15	-6.493378487139785e-14
8.847958258636557e7	-1.2767915381911143e-8	-1.726660956105983e-7	-1.7070823354607887e-15	-6.243389549610438e-14
8.945706576312006e7	-1.4563249275282038e-8	-2.3207215570425937e-7	-1.9554345834112486e-15	-5.895892780970322e-14
9.043454893987453e7	-1.6568544203976692e-8	-2.876377185298417e-7	-2.1358047104745523e-15	-5.4591093485541164e-14
9.1412032116629e7	-1.8715226805085283e-8	-3.385369135665543e-7	-2.244293700243301e-15	-4.9428842313040313e-14
9.238951529338348e7	-2.0932180079925952e-8	-3.840470538840278e-7	-2.2795604279075688e-15	-4.3584435806343904e-14
9.336699847013795e7	-2.31481203094206e-8	-4.2356092921599e-7	-2.2425517071971285e-15	-3.7181470494572633e-14
9.434448164689243e7	-2.5293666928957697e-8	-4.565966638684766e-7	-2.136152337764443e-15	-3.0352374169842706e-14
9.53219648236469e7	-2.730305105567173e-8	-4.82805116031626e-7	-1.9648033217878946e-15	-2.323587831920007e-14
9.629944800040138e7	-2.9115452531853342e-8	-5.019747906645111e-7	-1.734129703840147e-15	-1.597445557875586e-14
9.727693117715585e7	-3.067599115147765e-8	-5.140342229657595e-7	-1.4506094909017187e-15	-8.71170359057857e-15
9.825441435391033e7	-3.1936423105433276e-8	-5.190517706893022e-7	-1.1213040936090585e-15	-1.589656809188001e-15
9.92318975306648e7	-3.2855608499899715e-8	-5.172327387673796e-7	-7.536603825368058e-16	5.2539843018116856e-15
1.0020938070741929e8	-3.339982125874789e-8	-5.089137562137362e-7	-3.553857480391788e-16	1.1688702136915401e-14
1.0118686388417377e8	-3.354297062347752e-8	-4.945543396325734e-7	6.560919116587519e-17	1.75940631850393e-14
1.0216434706092824e8	-3.326679568196606e-8	-4.747256149149465e-7	5.012105307204648e-16	2.286262059035781e-14
1.0314183023768272e8	-3.2561082445448985e-8	-4.500962318016142e-7	9.430575658214314e-16	2.7402739932496567e-14
1.0411931341443719e8	-3.1423938014420905e-8	-4.214155951584418e-7	1.3824724819302607e-15	3.1141244388592747e-14
1.0509679659119166e8	-2.986213888879708e-8	-3.8949464910801195e-7	1.8103823371060287e-15	3.402575441731112e-14
1.0607427976794614e8	-2.7891550668286074e-8	-3.5518457931173054e-7	2.2172547805157405e-15	3.6026584197480595e-14
1.0705176294470061e8	-2.553759429151865e-8	-3.1935393524316436e-7	2.593071247134844e-15	3.7138055270475587e-14
1.0802924612145509e8	-2.2835709781210222e-8	-2.8286480622756006e-7	2.927363244546595e-15	3.737909931534917e-14
1.0900672929820956e8	-1.9831742946118563e-8	-2.4654879885666866e-7	3.2093380423468207e-15	3.679304754763634e-14
1.0998421247496404e8	-1.6582155329866654e-8	-2.1118364562044576e-7	3.4281184298086737e-15	3.5446543038460775e-14
1.1096169565171853e8	-1.3153935869147931e-8	-1.7747131342343157e-7	3.573115779216341e-15	3.3427561677952357e-14
1.11939178828473e8	-9.624078656364104e-9	-1.460184676501714e-7	3.634544979430978e-15	3.0842583298970666e-14
1.1291666200522748e8	-6.078490575936295e-9	-1.1732007898019882e-7	3.6040728755783854e-15	2.7813011185513337e-14
1.1389414518198195e8	-2.6102115902762536e-9	-9.174683823418426e-8	3.4755687546810817e-15	2.4470989868987256e-14
1.1487162835873643e8	6.831256342195436e-10	-6.953687687545479e-8	3.2458980497301028e-15	2.0954812157310726e-14
1.158491115354909e8	3.702598932388331e-9	-5.079209008902052e-8	2.91567300122971e-15	1.7404132307426997e-14
1.1682659471224537e8	6.351969408397963e-9	-3.547914179639367e-8	2.489852946469938e-15	1.3955210533903168e-14
1.1780407788899985e8	8.54212067985029e-9	-2.343501420291386e-8	1.9780798310447082e-15	1.073640423740267e-14
1.1878156106575432e8	1.0195654467180094e-8	-1.4376765497578829e-8	1.3946481985305247e-15	7.864095232790963e-15
1.197590442425088e8	1.1251250329152675e-8	-7.91499240102428e-9	7.580464252335616e-16	5.4392035057216956e-15
1.2073652741926327e8	1.1667362678841968e-8	-3.5703694389978404e-9	9.006436242073117e-17	3.544391506025479e-15
1.2171401059601776e8	1.1424857060953592e-8	-7.925590921441227e-10	-5.854680785564443e-16	2.2420140391996253e-15
1.2269149377277224e8	1.0528283639153153e-8	1.019243810090451e-9	-1.2441816745740675e-15	1.5728224965036509e-15
1.2366897694952671e8	9.005636781488417e-9	2.49485860725196e-9	-1.8627334712308368e-15	1.5553926104598035e-15
1.2464646012628119e8	6.9066291942704304e-9	4.271435772382705e-9	-2.420250281618145e-15	2.1862149613114666e-15
1.2562394330303566e8	4.299683134785939e-9	6.972154248980882e-9	-2.8994865521366388e-15	3.4403684431968874e-15
1.2660142647979014e8	1.2679772324820769e-9	1.1185826266693018e-8	-3.2875857886750432e-15	5.2726887709256655e-15
1.2757890965654461e8	-2.095037017426441e-9	1.7447850838902778e-8	-3.576403014059308e-15	7.619345638479675e-15
1.2855639283329909e8	-5.690227085519843e-9	2.6222876635544526e-8	-3.7624130868166305e-15	1.0399751248768488e-14
1.2953387601005356e8	-9.417109157260533e-9	3.7889465984847e-8	-3.84628229016482e-15	1.3518737043079611e-14
1.3051135918680803e8	-1.3177637699994858e-8	5.272699793057738e-8	-3.832210618792412e-15	1.686895181633069e-14
1.3148884236356252e8	-1.6879286764232995e-8	7.090501044160967e-8	-3.727158783544808e-15	2.0333450350643735e-14
1.32466325540317e8	-2.043736164629141e-8	9.247515844522784e-8	-3.5400616743169457e-15	2.3788454866007964e-14
1.3344380871707147e8	-2.377656795682323e-8	1.1736595163245137e-7	-3.2811061694878093e-15	2.7106280036096027e-14
1.3442129189382595e8	-2.683192766086225e-8	1.4538042861874493e-7	-2.961123185693839e-15	3.015841464502106e-14
1.3539877507058042e8	-2.9549167238908104e-8	1.7619691561076452e-7	-2.5911175176744773e-15	3.281874837191802e-14
1.363762582473349e8	-3.188471526106876e-8	2.0937300135443803e-7	-2.1819377778363874e-15	3.496692056691636e-14
1.3735374142408937e8	-3.3805441129189553e-8	2.443528291858792e-7	-1.7440738664622214e-15	3.649174984403727e-14
1.3833122460084385e8	-3.5288249679614425e-8	2.8047775582257973e-7	-1.2875605504894762e-15	3.7294680263046383e-14
1.3930870777759832e8	-3.6319623091626035e-8	3.170003512216127e-7	-8.219616843565235e-16	3.729315398383751e-14
1.402861909543528e8	-3.689517608493618e-8	3.5310161298027825e-7	-3.5640887187748374e-16	3.6423794446055595e-14
1.4126367413110727e8	-3.7019265255091196e-8	3.8791114406763e-7	1.0033043353221784e-16	3.4645261787720065e-14
1.4224115730786175e8	-3.67046699365559e-8	4.205298993575527e-7	5.397783035613334e-16	3.19406270536264e-14
1.4321864048461622e8	-3.5972340727125456e-8	4.500549532556948e-7	9.536857512334064e-16	2.831910727781298e-14
1.441961236613707e8	-3.485119285891512e-8	4.7560558959925865e-7	1.334004389612623e-15	2.381701260723936e-14
1.4517360683812517e8	-3.337790500305728e-8	4.963498801306383e-7	1.6729060500612506e-15	1.849778092050049e-14
1.4615109001487964e8	-3.159667011938796e-8	5.115308142129829e-7	1.9628631203658886e-15	1.2451014877577721e-14
1.4712857319163415e8	-2.955883431111892e-8	5.204909841254552e-7	2.196798426880532e-15	5.790489052256772e-15
1.4810605636838862e8	-2.7322353537145836e-8	5.226948284134745e-7	2.368308042535535e-15	-1.3488431888928265e-15
1.490835395451431e8	-2.495099814888644e-8	5.177474968386842e-7	2.471953074099366e-15	-8.814747691941935e-15
1.5006102272189757e8	-2.2513243452081627e-8	5.054095248895656e-7	2.5036072313830327e-15	-1.644235427615716e-14
1.5103850589865205e8	-2.008080252927465e-8	4.856066873532408e-7	2.4608363159019223e-15	-2.405933709593125e-14
1.5201598907540652e8	-1.7726786252684978e-8	4.584346265754304e-7	2.343274883240596e-15	-3.1491382119485427e-14
1.52993472252161e8	-1.5523514109996216e-8	4.241581041743656e-7	2.1529561245098212e-15	-3.856767581850223e-14
1.5397095542891547e8	-1.3540045383554483e-8	3.832049845628753e-7	1.894545852648588e-15	-4.512615347183757e-14
1.5494843860566995e8	-1.183954822045971e-8	3.361553036236649e-7	1.575432747318454e-15	-5.1018270684560356e-14
1.5592592178242442e8	-1.0476667012706131e-8	2.837259873014983e-7	1.2056363924170492e-15	-5.611310447923671e-14
1.569034049591789e8	-9.495078080284463e-9	2.267519480029676e-7	7.975123750890344e-16	-6.030064537394631e-14
1.5788088813593337e8	-8.925432424096674e-9	1.6616439255386642e-7	3.6525807406662707e-16	-6.349420287933409e-14
1.5885837131268784e8	-8.783867491051316e-9	1.0296722142725057e-7	-7.574998284401557e-17	-6.563190733729861e-14
1.5983585448944232e8	-9.071227064503187e-9	3.821238844429838e-8	-5.09731261430751e-16	-6.667734521939111e-14
1.608133376661968e8	-9.773064317397057e-9	-2.7024968402250608e-8	-9.2131531876232e-16	-6.661940851100867e-14
1.6179082084295127e8	-1.0860427092189709e-8	-9.167090905364751e-8	-1.2963150555790226e-15	-6.547146897327886e-14
1.6276830401970574e8	-1.2291348639991427e-8	-1.546759877213661e-7	-1.622385862743491e-15	-6.327000404340627e-14
1.6374578719646022e8	-1.4012903370146747e-8	-2.150369909244022e-7	-1.8895152394863995e-15	-6.007280365977588e-14
1.647232703732147e8	-1.596364489780085e-8	-2.718167675424894e-7	-2.090312633101677e-15	-5.595687838003596e-14
1.6570075354996917e8	-1.8076227479434008e-8	-3.2416191085365876e-7	-2.2200965067374344e-15	-5.101617160624854e-14
1.6667823672672364e8	-2.0280021281042945e-8	-3.7131814209212976e-7	-2.276799906177623e-15	-4.535915572526192e-14
1.6765571990347815e8	-2.250356195120191e-8	-4.1264331078626496e-7	-2.260733373393044e-15	-3.910636671073475e-14
1.6863320308023262e8	-2.4676718138902375e-8	-4.4761796827518747e-7	-2.174253256379628e-15	-3.2387907154344195e-14
1.696106862569871e8	-2.6732508709724516e-8	-4.758534892956499e-7	-2.021384569964795e-15	-2.534092630765514e-14
1.7058816943374157e8	-2.8608547306817372e-8	-4.970977165098013e-7	-1.8074422778645098e-15	-1.810706951381046e-14
1.7156565261049604e8	-3.0248130471006384e-8	-5.112380901287122e-7	-1.5386855777995044e-15	-1.0829879823716037e-14
1.7254313578725052e8	-3.1601014045986806e-8	-5.183022063109566e-7	-1.2220288488148563e-15	-3.652132487968997e-15
1.73520618964005e8	-3.262394042402415e-8	-5.184557312775387e-7	-8.648222440577563e-16	3.2869113279368236e-15
1.7449810214075947e8	-3.328098721356736e-8	-5.119975905603171e-7	-4.747056665621448e-16	9.854332172389168e-15
1.7547558531751394e8	-3.3543807824826715e-8	-4.993523613266428e-7	-5.953254702161504e-17	1.592644230781105e-14
1.7645306849426842e8	-3.339182817154415e-8	-4.81059825862236e-7	3.726455918511472e-16	2.139169475970472e-14
1.774305516710229e8	-3.281245285091292e-8	-4.5776169967165675e-7	8.135467327626413e-16	2.6153541239326386e-14
1.7840803484777737e8	-3.180132000373842e-8	-4.301856293453118e-7	1.2545940290400754e-15	3.013314230361999e-14
1.7938551802453184e8	-3.036262727330003e-8	-3.991266613690358e-7	1.6868379290018265e-15	3.327181035585828e-14
1.8036300120128632e8	-2.8509532147518575e-8	-3.654265081125645e-7	2.100885513870186e-15	3.5533050469049665e-14
1.813404843780408e8	-2.6264608534650764e-8	-3.2995107276073806e-7	2.4868601372235515e-15	3.6904058704217734e-14
1.8231796755479527e8	-2.3660317805963403e-8	-2.935668295913913e-7	2.834416513044037e-15	3.7396545040662776e-14
1.8329545073154974e8	-2.0739427287679714e-8	-2.57116776565166e-7	3.1328375431067578e-15	3.704676948242754e-14
1.842729339083042e8	-1.7555283674046854e-8	-2.2139677001018943e-7	3.3712383548336385e-15	3.59147150253735e-14
1.852504170850587e8	-1.417182563645105e-8	-1.871331037720196e-7	3.538898857820603e-15	3.408236786045873e-14
1.8622790026181316e8	-1.0663203023039056e-8	-1.5496219798301983e-7	3.625737125764047e-15	3.165112963955475e-14
1.8720538343856764e8	-7.112864842709367e-9	-1.2541321043277746e-7	3.622920867137247e-15	2.873844367882031e-14
1.881828666153221e8	-3.6119908645374e-9	-9.889427670151439e-8	3.5235928546906e-15	2.547377073820934e-14
1.8916034979207662e8	-2.5717786988418423e-10	-7.568292983902296e-8	3.3236597398902092e-15	2.1994094698306275e-14
1.901378329688311e8	2.8526452110178214e-9	-5.592105778963377e-8	3.0225656876186527e-15	1.8439169197116265e-14
1.9111531614558557e8	5.620010028709853e-9	-3.961454233312994e-8	2.623948566939201e-15	1.4946729892793305e-14
1.9209279932234004e8	7.953239081375453e-9	-2.6637504484836978e-8	2.136064473977869e-15	1.1647892414853382e-14
1.9307028249909452e8	9.771033190359335e-9	-1.6740875482291164e-8	1.5718734143890113e-15	8.662934428441689e-15
1.94047765675849e8	1.1006944047091196e-8	-9.564834924824135e-9	9.487095014388613e-16	6.0976247241789565e-15
1.9502524885260347e8	1.1613309068087344e-8	-4.6545197359252134e-9	2.8751203005762963e-16	4.040217453030282e-15
1.9600273202935794e8	1.1564235016388988e-8	-1.4783158962164575e-9	-3.883386576579953e-16	2.559180839563372e-15
1.969802152061124e8	1.0857293701232516e-8	5.519993332651001e-10	-1.0544684545418275e-15	1.7016821380300225e-15
1.979576983828669e8	9.513730090900004e-9	2.0599971614444754e-9	-1.6870755753405933e-15	1.492808704312902e-15
1.9893518155962136e8	7.57715770423123e-9	3.6829148452855444e-9	-2.26442842693044e-15	1.9354720807153216e-15
1.9991266473637584e8	5.110895458525415e-9	6.050183247391808e-9	-2.768121367226161e-15	3.0109197155400574e-15
2.008901479131303e8	2.1942502113596383e-9	9.762716476316228e-9	-3.183959779273711e-15	4.67976770403987e-15
2.018676310898848e8	-1.0818560651064672e-9	1.537342974382162e-8	-3.5024113090530374e-15	6.883466823925849e-15
2.0284511426663926e8	-4.619488018983316e-9	2.3369368734845247e-8	-3.718629381911551e-15	9.546121279440742e-15
2.0382259744339374e8	-8.318136853892269e-9	3.415576097020716e-8	-3.832113135716071e-15	1.2576592495587331e-14
2.048000806201482e8	-1.207869046854726e-8	4.8042241182780844e-8	-3.846104919220791e-15	1.5870836287205405e-14
2.057775637969027e8	-1.580673300023064e-8	6.523146027366561e-8	-3.766839680065507e-15	1.931443805580392e-14
2.0675504697365716e8	-1.9415082519527792e-8	8.581026006957803e-8	-3.602753124826028e-15	2.2785324869288552e-14
2.0773253015041164e8	-2.2825570513802646e-8	1.0974358073608041e-7	-3.3637342634334823e-15	2.6156643280870768e-14
2.087100133271661e8	-2.5970137268496627e-8	1.3687125939597297e-7	-3.060480473476264e-15	2.929979597436629e-14
2.096874965039206e8	-2.8791360522316142e-8	1.6690787108616084e-7	-2.703985927431029e-15	3.208762780293815e-14
2.106649796806751e8	-3.1242553242001803e-8	1.9944574984856336e-7	-2.3051712722747125e-15	3.4397742194413994e-14
2.1164246285742956e8	-3.328756535286759e-8	2.3396130170820877e-7	-1.874645687081973e-15	3.611591262684709e-14
2.1261994603418404e8	-3.490040996852718e-8	2.698246765275118e-7	-1.4225819265821542e-15	3.713953210149782e-14
2.135974292109385e8	-3.606481274971048e-8	3.063127977497464e-7	-9.586796584111327e-16	3.73810182120539e-14
2.14574912387693e8	-3.677375788440811e-8	3.4262565564290897e-7	-4.921908517118707e-16	3.6771065225333626e-14
2.1555239556444746e8	-3.702907876491154e-8	3.7790565157080833e-7	-3.1981732369518826e-17	3.526161085022451e-14
2.1652987874120194e8	-3.684111740410916e-8	4.112596422005914e-7	4.13392267192606e-16	3.2828367726792516e-14
2.175073619179564e8	-3.622845470992887e-8	4.4178318116034e-7	8.356198228826542e-16	2.947276173382568e-14
2.184848450947109e8	-3.521769411179379e-8	4.685863025509241e-7	1.2265941942175294e-15	2.5223124094229342e-14
2.1946232827146536e8	-3.384326373347942e-8	4.9082004953795e-7	1.5784173335853703e-15	2.0135004012020764e-14
2.2043981144821984e8	-3.2147187512385655e-8	5.077028369332954e-7	1.8834613326576935e-15	1.4290503720647676e-14
2.214172946249743e8	-3.0178763937650526e-8	5.185456637593386e-7	2.1344973161973946e-15	7.79658698570338e-15
2.2239477780172879e8	-2.7994083485699027e-8	5.227751724837509e-7	2.3248969416294763e-15	7.823719105815605e-16
2.2337226097848326e8	-2.5655313931192104e-8	5.199535939244657e-7	2.448904909563329e-15	-6.60451582631705e-15
2.2434974415523773e8	-2.3229688373561316e-8	5.097947230388456e-7	2.501972177792431e-15	-1.4202388836967072e-14
2.253272273319922e8	-2.078814584617212e-8	4.921752366590532e-7	2.4811292288247032e-15	-2.1840545978086773e-14
2.2630471050874668e8	-1.8403599935983373e-8	4.671408789339152e-7	2.3853677548583493e-15	-2.9344682925570135e-14
2.2728219368550116e8	-1.6148846790751226e-8	4.3490728751043235e-7	2.215989193878926e-15	-3.6542402345294716e-14
2.2825967686225563e8	-1.4094168120516036e-8	3.9585549339330737e-7	1.9768719474687084e-15	-4.32685585509773e-14
2.292371600390101e8	-1.2304732855308135e-8	3.5052237879028284e-7	1.6746082768720524e-15	-4.9370190863201086e-14
2.3021464321576458e8	-1.0837946331611301e-8	2.9958660024862286e-7	1.3184687762983401e-15	-5.471083797122692e-14
2.311921263925191e8	-9.740930194594089e-9	2.4385066285865135e-7	9.201676963908755e-16	-5.917407768071722e-14
2.3216960956927356e8	-9.048331721553378e-9	1.842199544852396e-7	4.934251134175231e-16	-6.266619638618079e-14
2.3314709274602804e8	-8.780652205615854e-9	1.216796123891581e-7	5.3348830351614794e-17	-6.511795389568439e-14
2.341245759227825e8	-8.943248562966647e-9	5.727009994890626e-8	-3.8431484538037674e-16	-6.648546579964815e-14
2.35102059099537e8	-9.526103683014775e-9	-7.937674402632701e-9	-8.039920193504595e-16	-6.675027256884319e-14
2.3607954227629146e8	-1.0504387377109456e-8	-7.286694939505822e-8	-1.1910745377941327e-15	-6.591869880607293e-14
2.3705702545304593e8	-1.1839752608388598e-8	-1.3645877974605673e-7	-1.5326192590137229e-15	-6.40206261895788e-14
2.380345086298004e8	-1.3482243319008684e-8	-1.9769427196247242e-7	-1.817891650345522e-15	-6.110780994833626e-14
2.3901199180655488e8	-1.5372640926156517e-8	-2.5561500244154264e-7	-2.0387156308373748e-15	-5.725186287871345e-14
2.3998947498330936e8	-1.7445052556148127e-8	-3.09341347567397e-7	-2.1896187866356862e-15	-5.25420155658379e-14
2.4096695816006383e8	-1.9629546296509156e-8	-3.580885514748419e-7	-2.2677876886472544e-15	-4.708273972692073e-14
2.419444413368183e8	-2.1854663420270175e-8	-4.011804300630446e-7	-2.2728678459330692e-15	-4.099129667275011e-14
2.4292192451357278e8	-2.404967771263534e-8	-4.380606580908322e-7	-2.206654534150974e-15	-3.4395247823412276e-14
2.4389940769032726e8	-2.6146519509706984e-8	-4.6830161096821016e-7	-2.0727240875073754e-15	-2.7429941663081354e-14
2.4487689086708173e8	-2.8081329234550978e-8	-4.916107377206426e-7	-1.876051597791778e-15	-2.0235973624955223e-14
2.458543740438362e8	-2.9795646316134197e-8	-5.078344319262839e-7	-1.6226525905690095e-15	-1.2956603760266846e-14
2.4683185722059068e8	-3.123727098183873e-8	-5.169593498732645e-7	-1.3192755816324214e-15	-5.7351126962023034e-15
2.4780934039734516e8	-3.2360857334294376e-8	-5.191111071529025e-7	-9.731615136292796e-16	1.2879202216879048e-15
2.4878682357409963e8	-3.3128306867927975e-8	-5.145502739330724e-7	-5.918763282067436e-16	7.977421725397563e-15
2.497643067508541e8	-3.350903367288223e-8	-5.036655923380218e-7	-1.8321503019277495e-16	1.4206699691437779e-14
2.5074178992760858e8	-3.3480167905579854e-8	-4.869643626973988e-7	2.4483035732426704e-16	1.9860352660034385e-14
2.5171927310436308e8	-3.302675444899159e-8	-4.6505999317877936e-7	6.840508691859018e-16	2.4837151591960393e-14
2.5269675628111756e8	-3.214199040405365e-8	-4.3865678136568917e-7	1.1259638150622235e-15	2.9052804744077063e-14
2.5367423945787203e8	-3.082752899388164e-8	-4.085320956409102e-7	1.5617368249556824e-15	3.244249234404761e-14
2.546517226346265e8	-2.9093859006437222e-8	-3.7551624447108785e-7	1.9821127872147507e-15	3.496303968438431e-14
2.5562920581138098e8	-2.6960748137675416e-8	-3.404704552148345e-7	2.3773580941219225e-15	3.6594588632246904e-14
2.5660668898813546e8	-2.4457715589285763e-8	-3.0426352028363206e-7	2.737258797518506e-15	3.734163107100697e-14
2.5758417216488993e8	-2.1624474404680957e-8	-2.6774779459197803e-7	3.0511907794343446e-15	3.7233285095049375e-14
2.585616553416444e8	-1.851125838560006e-8	-2.3173533055180807e-7	3.3082899286274033e-15	3.6322726033357865e-14
2.5953913851839888e8	-1.51789242088346e-8	-1.9697500238599666e-7	3.497745285520939e-15	3.4685728003314334e-14
2.6051662169515336e8	-1.1698700132456529e-8	-1.6413148965783514e-7	3.609230680743722e-15	3.241832435897471e-14
2.6149410487190783e8	-8.15144344137065e-9	-1.3376695405504282e-7	3.633477203155347e-15	2.963365227732534e-14
2.624715880486623e8	-4.626275553544376e-9	-1.0632615227359539e-7	3.562969249914965e-15	2.6458102071803148e-14
2.6344907122541678e8	-1.2184925147685895e-9	-8.212558572586306e-8	3.3927216897290146e-15	2.302693972427888e-14
2.6442655440217125e8	1.9732962253945112e-9	-6.134710466476981e-8	3.1210676272788433e-15	1.9479606366780797e-14
2.6540403757892573e8	4.850765927680858e-9	-4.4036174529872743e-8	2.7503605769387616e-15	1.5954917276493317e-14
2.663815207556802e8	7.3200737043413465e-9	-3.010479293405103e-8	2.287478651354536e-15	1.2586383651776757e-14
2.6735900393243468e8	9.296405706238725e-9	-1.933883437384468e-8	1.7440192132563492e-15	9.497863539694394e-15
2.6833648710918915e8	1.0708525838799373e-8	-1.1409412533307143e-8	1.1360959097626588e-15	6.799716411059142e-15
2.693139702859436e8	1.1502912549286446e-8	-5.887699636802096e-9	4.8369693672867e-16	4.585593271858907e-15
2.702914534626981e8	1.1647060522631362e-8	-2.262536698612773e-9	-1.9037210282883962e-16	2.9299460259063244e-15
2.712689366394526e8	1.1131581222812161e-8	3.988945824669063e-11	-8.61867725978254e-16	1.886291371998814e-15
2.7224641981620705e8	9.970857346026379e-9	1.6350390159952216e-9	-1.5066588879063126e-15	1.486220568833787e-15
2.732239029929615e8	8.202172885159407e-9	3.15839165187335e-9	-2.10226409830764e-15	1.7391105630571928e-15
2.74201386169716e8	5.8834220685001e-9	5.243851683987581e-9	-2.629193916277775e-15	2.6324664702769827e-15
2.751788693464705e8	3.0896622746036665e-9	8.502762473427854e-9	-3.0719542346499925e-15	4.1328109752724655e-15
2.7615635252322495e8	-9.111112980236169e-11	1.350402143245186e-8	-3.4196269007053825e-15	6.1870322981581055e-15
2.771338356999794e8	-3.5625426219301293e-9	2.0755702411482367e-8	-3.6660140721300545e-15	8.72410733274376e-15
2.781113188767339e8	-7.2244400816247555e-9	3.068851592111162e-8	-3.809395326451498e-15	1.165712807356497e-14
2.790888020534884e8	-1.0976908279041234e-8	4.364137469176624e-8	-3.851990309338851e-15	1.4885574822841422e-14
2.8006628523024285e8	-1.4723858939819909e-8	5.984928491783605e-8	-3.799239759464436e-15	1.829779616576958e-14
2.810437684069973e8	-1.8375774949380358e-8	7.943375199601039e-8	-3.6590157442718846e-15	2.1773670762196703e-14
2.820212515837518e8	-2.1851706786611458e-8	1.0239587113162216e-7	-3.4408539198788112e-15	2.518743742067128e-14
2.8299873476050633e8	-2.508055747303506e-8	1.286122634097579e-7	-3.1552742235866347e-15	2.8410685970448976e-14
2.839762179372608e8	-2.8001763495526982e-8	1.578340109383898e-7	-2.8132285228496863e-15	3.131550096755434e-14
2.849537011140153e8	-3.056550442692423e-8	1.8968873378592604e-7	-2.4256892324560316e-15	3.377774274027066e-14
2.8593118429076976e8	-3.2732578027337006e-8	2.2368592978276286e-7	-2.003374262684568e-15	3.5680435878564263e-14
2.8690866746752423e8	-3.4474066575784506e-8	2.5922565952278117e-7	-1.5565913864192983e-15	3.6917214940364885e-14
2.878861506442787e8	-3.577089998031436e-8	2.9561059806434103e-7	-1.0951784283437357e-15	3.7395752611400073e-14
2.888636338210332e8	-3.6613396652298126e-8	3.3206138894052196e-7	-6.285131883661141e-16	3.704106930358632e-14
2.8984111699778765e8	-3.700083757193681e-8	3.677351249578463e-7	-1.655672288560886e-16	3.579859835421967e-14
2.908186001745421e8	-3.694110442427395e-8	4.0174664701593917e-7	2.8502067355469823e-16	3.363686117486834e-14
2.917960833512966e8	-3.645039010788106e-8	4.331922035169417e-7	7.148733614840723e-16	3.054959556763533e-14
2.927735665280511e8	-3.555296961700435e-8	4.611748590093202e-7	1.1158260029805882e-15	2.6557181285669785e-14
2.9375104970480555e8	-3.428100131097807e-8	4.848308945213058e-7	1.479915871826252e-15	2.1707222183655756e-14
2.9472853288156e8	-3.267431301913871e-8	5.03356318299225e-7	1.799425777899739e-15	1.6074174996718582e-14
2.957060160583145e8	-3.0780114717114734e-8	5.160325192232313e-7	2.0669924268617698e-15	9.757960106579594e-15
2.96683499235069e8	-2.865257056487408e-8	5.222500591205527e-7	2.2757864877881666e-15	2.8815468058817704e-15
2.9766098241182345e8	-2.635215934419483e-8	5.215296239525728e-7	2.419764954550613e-15	-4.412430129015285e-15
2.986384655885779e8	-2.394475558229187e-8	5.135392414987466e-7	2.4939882392075715e-15	-1.1965900425654602e-14
2.996159487653324e8	-2.1500375771631647e-8	4.981070223844119e-7	2.4949844999875373e-15	-1.961025320810045e-14
3.005934319420869e8	-1.909155651553296e-8	4.752288831644621e-7	2.421132763999624e-15	-2.7171667976530948e-14
3.0157091511884135e8	-1.6791364456770856e-8	4.450709498527338e-7	2.2730259505196236e-15	-3.447662339029319e-14
3.025483982955958e8	-1.4671080005207547e-8	4.079665986801551e-7	2.053767067826354e-15	-4.135731708517735e-14
3.035258814723503e8	-1.2797644416631693e-8	3.644083468953269e-7	1.7691490942994855e-15	-4.7656742974650663e-14
3.045033646491048e8	-1.1231006614062539e-8	3.1503503960059125e-7	1.4276735464565965e-15	-5.323320548995403e-14
3.0548084782585925e8	-1.0021544507447085e-8	2.606149715045339e-7	1.0403756548970479e-15	-5.796409878858633e-14
3.064583310026137e8	-9.207757321672219e-9	2.020257225959202e-7	6.204448798994522e-16	-6.174883728744857e-14
3.074358141793682e8	-8.814423970420226e-9	1.402315677372428e-7	1.8265560889976578e-16	-6.451088543997309e-14
3.084132973561227e8	-8.851394669825051e-9	7.625934200394211e-8	-2.573501234628022e-16	-6.6198893191181e-14
3.0939078053287715e8	-9.313130482902958e-9	1.1173611914302064e-8	-6.838634903697994e-16	-6.678699374940676e-14
3.103682637096316e8	-1.0179035135590967e-8	-5.3948072418336044e-8	-1.0819156395896963e-15	-6.627435850961825e-14
3.113457468863861e8	-1.1414546005710947e-8	-1.1803917491356832e-7	-1.4380117492855314e-15	-6.468412825064427e-14
3.123232300631406e8	-1.2972879033857612e-8	-1.800668741832942e-7	-1.7407253151008427e-15	-6.206184995409675e-14
3.1330071323989505e8	-1.4797266610342495e-8	-2.3905304663183385e-7	-1.9811070751914144e-15	-5.847354607679596e-14
3.142781964166495e8	-1.6823495765698362e-8	-2.9409322982018324e-7	-2.152889675505674e-15	-5.400353024000395e-14
3.15255679593404e8	-1.8982548726996037e-8	-3.443733659047376e-7	-2.2524957534632352e-15	-4.8752063090973296e-14
3.1623316277015847e8	-2.1203166613001008e-8	-3.891842049244204e-7	-2.278878951120274e-15	-4.283291777347848e-14
3.1721064594691294e8	-2.341419351030705e-8	-4.27933303172755e-7	-2.23324155970074e-15	-3.637089913031865e-14
3.181881291236674e8	-2.554660435756647e-8	-4.601545832734202e-7	-2.1186782122662328e-15	-2.9499337228869046e-14
3.191656123004219e8	-2.75351680251542e-8	-4.855154327875573e-7	-1.9397932350901945e-15	-2.2357556352755452e-14
3.2014309547717637e8	-2.9319740318134015e-8	-5.038213121163093e-7	-1.7023320221740257e-15	-1.508830700137871e-14
3.2112057865393084e8	-3.0846216230743395e-8	-5.150178264743722e-7	-1.41285656425385e-15	-7.83514188313156e-15
3.220980618306853e8	-3.206719483959696e-8	-5.191901980304726e-7	-1.0784842529524332e-15	-7.39718000820907e-16
3.230755450074398e8	-3.294242382099695e-8	-5.165600605085951e-7	-7.066988953762221e-16	6.060984261055684e-15
3.240530281841943e8	-3.343909501298749e-8	-5.074794968974476e-7	-3.0523440223285416e-16	1.2437518221212718e-14
3.250305113609488e8	-3.353205955773554e-8	-4.924222578209524e-7	1.1797489583106913e-16	1.827087556124604e-14
3.260079945377033e8	-3.3204022801098295e-8	-4.719721384130183e-7	5.547881023193839e-16	2.345538425933712e-14
3.2698547771445775e8	-3.2445766795155855e-8	-4.4680855785641216e-7	9.968100409246137e-16	2.7901518426727577e-14
3.279629608912122e8	-3.1256432945127685e-8	-4.176894779483098e-7	1.4353189420585684e-15	3.1538513331664545e-14
3.289404440679667e8	-2.964387956978086e-8	-3.8543191180552174e-7	1.861188903266732e-15	3.4316658681874966e-14
3.299179272447212e8	-2.762510905473531e-8	-3.5089040443504165e-7	2.2648288541436915e-15	3.6209131534295683e-14
3.3089541042147565e8	-2.5226736909141347e-8	-3.1493400356569343e-7	2.6361620276465154e-15	3.72132299385849e-14
3.318728935982301e8	-2.2485450637408317e-8	-2.7842236960329444e-7	2.9646717209113566e-15	3.7350881600480434e-14
3.328503767749846e8	-1.9448380751227938e-8	-2.4218178426750537e-7	3.239539607863109e-15	3.6668329104010674e-14
3.338278599517391e8	-1.617328130430312e-8	-2.0698189499931322e-7	3.4499008416247187e-15	3.523493350449142e-14
3.3480534312849355e8	-1.272839618332465e-8	-1.735140651156779e-7	3.585234192871179e-15	3.314108856221187e-14
3.35782826305248e8	-9.191874632911914e-9	-1.423721800262451e-7	3.635894075272205e-15	3.049529409846133e-14
3.367603094820025e8	-5.650600925746373e-9	-1.1403668463687917e-7	3.593773595982579e-15	2.7420493371174967e-14
3.37737792658757e8	-2.1983248814887726e-9	-8.886249906233795e-8	3.453064009325908e-15	2.404983003612712e-14
3.3871527583551145e8	1.0669728764974996e-9	-6.707128732720119e-8	3.2110483034071895e-15	2.0522019673504617e-14
3.396927590122659e8	4.0464726600172495e-9	-4.874835007024847e-8	2.8688396086645188e-15	1.6976554771885767e-14
3.406702421890204e8	6.644558314928937e-9	-3.384419384734424e-8	2.4319553372853697e-15	1.3548968119674433e-14
3.4164772536577487e8	8.773294014931814e-9	-2.218061416216367e-8	1.910613094317375e-15	1.0366367625678969e-14
3.4262520854252934e8	1.0357013333681568e-8	-1.3460933583711274e-8	1.3196508994671072e-15	7.543427722173053e-15
3.436026917192838e8	1.1336621239053505e-8	-7.283874067456401e-9	6.780146075534746e-16	5.178982530610442e-15
3.445801748960383e8	1.1673182049767814e-8	-3.1604233439010236e-9	7.815807423602239e-18	3.3533188681227596e-15
3.4555765807279277e8	1.1350403513114016e-8	-5.329833281686615e-10	-6.669667781455054e-16	2.126218288568672e-15
3.4653514124954724e8	1.0375730784817702e-8	1.2039368076931057e-9	-1.3220058315240421e-15	1.5357516564362947e-15
3.475126244263017e8	8.779920152528163e-9	2.682204141210791e-9	-1.9341860182171727e-15	1.5977912429081608e-15
3.484901076030562e8	6.6151431231874386e-9	4.53839422025277e-9	-2.4830206588657357e-15	2.3061766606069856e-15
3.4946759077981067e8	3.951842552229607e-9	7.392572342649895e-9	-2.9517660125689312e-15	3.63345329027809e-15
3.5044507395656514e8	8.746920564684166e-10	1.1828040530075129e-8	-3.3281301657968066e-15	5.5320949854885165e-15
3.514225571333196e8	-2.5219226783573395e-9	1.8372481171444046e-8	-3.604542559304398e-15	7.936125417684812e-15
3.524000403100741e8	-6.138482087581625e-9	2.7480848930607184e-8	-3.778016388719452e-15	1.076306228457697e-14
3.5337752348682857e8	-9.87460950748666e-9	3.9520295275116126e-8	-3.849686223799031e-15	1.3916123134630583e-14
3.5435500666358304e8	-1.3632781340071994e-8	5.475735810713203e-8	-3.8241302774734955e-15	1.728664800598002e-14
3.553324898403375e8	-1.7321316040966247e-8	7.334761303015684e-8	-3.708590727849461e-15	2.075670980537568e-14
3.56309973017092e8	-2.085659251008199e-8	9.532796089729298e-8	-3.5121913943200624e-15	2.420189603895373e-14
3.5728745619384646e8	-2.416453399286502e-8	1.206117145282305e-7	-3.2452273366540277e-15	2.749425327488748e-14
3.5826493937060094e8	-2.7181452788148986e-8	1.489866403446073e-7	-2.9185728868582422e-15	3.050538723399645e-14
3.592424225473554e8	-2.985438353879479e-8	1.8011610164576833e-7	-2.5432287636620843e-15	3.310970595198771e-14
3.602199057241099e8	-3.2141042542666405e-8	2.1354343243830916e-7	-2.1300084244224623e-15	3.5187781005090104e-14
3.6119738890086436e8	-3.400954326163157e-8	2.486996375936205e-7	-1.6893497054837202e-15	3.662978305223113e-14
3.6217487207761884e8	-3.543798013090151e-8	2.849144611545338e-7	-1.2312296094311944e-15	3.73389244169011e-14
3.631523552543733e8	-3.6413969071530276e-8	3.2143078621228253e-7	-7.651565364098086e-16	3.723481538300499e-14
3.641298384311278e8	-3.693420757812297e-8	3.5742222586770394e-7	-3.0021382543261265e-16	3.625661528117106e-14
3.6510732160788226e8	-3.700409227119612e-8	3.9201363748540175e-7	1.548701739102556e-16	3.436583777798787e-14
3.660848047846368e8	-3.663740859641408e-8	4.243041473971774e-7	5.916481326459223e-16	3.154865573894554e-14
3.6706228796139127e8	-3.585608637629379e-8	4.5339211958964676e-7	1.0018961554983174e-15	2.7817548083987255e-14
3.6803977113814574e8	-3.468999625298263e-8	4.784013519847626e-7	1.3775904860661107e-15	2.3212141927606524e-14
3.690172543149002e8	-3.317674575990376e-8	4.985076520431296e-7	1.7109338959619495e-15	1.779912946796131e-14
3.699947374916547e8	-3.136142014102956e-8	5.129648445855432e-7	1.9944441027227473e-15	1.1671180326504333e-14
3.7097222066840917e8	-2.9296202862437093e-8	5.211292127481043e-7	2.221112468858045e-15	4.944824133825109e-15
3.7194970384516364e8	-2.7039805313171625e-8	5.224813785432198e-7	2.3846355780638474e-15	-2.2426590540496977e-15
3.729271870219181e8	-2.4656636192255714e-8	5.166446983815355e-7	2.479714715223905e-15	-9.737237211059032e-15
3.739046701986726e8	-2.221565042474164e-8	5.033993807390843e-7	2.5024088141923604e-15	-1.737284843887635e-14
3.7488215337542707e8	-1.9788836759372502e-8	4.826917209025895e-7	2.4505156671732083e-15	-2.4976630070711585e-14
3.7585963655218154e8	-1.7449333183274448e-8	4.546380781580765e-7	2.3239453961429812e-15	-3.237440305340075e-14
3.76837119728936e8	-1.526919905569871e-8	4.195234758431897e-7	2.1250413379326646e-15	-3.9396145056935494e-14
3.778146029056905e8	-1.331691935527903e-8	3.7779496360372956e-7	1.858798996368766e-15	-4.5881192708310535e-14
3.7879208608244497e8	-1.1654764227122162e-8	3.3005012304848103e-7	1.5329359016389204e-15	-5.16829409032232e-14
3.7976956925919944e8	-1.0336168720774606e-8	2.770213042233272e-7	1.1577756364632023e-15	-5.667285171214018e-14
3.807470524359539e8	-9.40332501919074e-9	2.1955633684365152e-7	7.45927963819702e-16	-6.074364153027934e-14
3.817245356127084e8	-8.885185301265893e-9	1.585965588086595e-7	3.117719370314531e-16	-6.381157641436149e-14
3.8270201878946286e8	-8.796053314055415e-9	9.515304332434107e-8	-1.2922385450948353e-16	-6.58178655593679e-14
3.8367950196621734e8	-9.134896960399427e-9	3.0281889067755966e-8	-5.612853373116498e-16	-6.672919596620049e-14
3.846569851429718e8	-9.885448109241673e-9	-3.494062580614811e-8	-9.6914633526389e-16	-6.653749334167177e-14
3.856344683197263e8	-1.1017079210162373e-8	-9.944232320213282e-8	-1.3388115947543517e-15	-6.525902272219352e-14
3.8661195149648076e8	-1.2486371329609358e-8	-1.6217825459960277e-7	-1.6581978185740615e-15	-6.293295657729099e-14
3.8758943467323524e8	-1.4239226734428268e-8	-2.22152223357059e-7	-1.9176000547381327e-15	-5.961953915554969e-14
3.885669178499897e8	-1.6213339910438194e-8	-2.784363643289636e-7	-2.1099565024223523e-15	-5.5397965705768965e-14
3.895444010267442e8	-1.8340827940978387e-8	-3.301885528357181e-7	-2.2309119432973047e-15	-5.036407681547933e-14
3.9052188420349866e8	-2.055083337152623e-8	-3.766675018315841e-7	-2.2787036178027272e-15	-4.462794466095958e-14
3.9149936738025314e8	-2.277194474629188e-8	-4.1724546883181513e-7	-2.2539099721778477e-15	-3.831140263457689e-14
3.924768505570076e8	-2.4934324202773643e-8	-4.5141853239348685e-7	-2.159110869151397e-15	-3.1545545500426237e-14
3.934543337337621e8	-2.69714797021955e-8	-4.78814413924529e-7	-1.9985080712132083e-15	-2.4468206378229417e-14
3.9443181691051656e8	-2.8821664701179052e-8	-4.991978186934231e-7	-1.777548901028545e-15	-1.7221401392775702e-14
3.9540930008727103e8	-3.042892551425036e-8	-5.124732561079976e-7	-1.5025863761155348e-15	-9.948724116995486e-15
3.963867832640255e8	-3.17438438261122e-8	-5.186852806617742e-7	-1.1805981347681867e-15	-2.7926707741390084e-15
3.9736426644078e8	-3.272403838012838e-8	-5.180160789379456e-7	-8.189759195811993e-16	4.108116245414346e-15
3.9834174961753446e8	-3.3334496809247865e-8	-5.107803221403914e-7	-4.253883595852656e-16	1.0621685061682102e-14
3.9931923279428893e8	-3.354780763443058e-8	-4.974172145142066e-7	-7.712713631846453e-18	1.662566945961236e-14
4.002967159710434e8	-3.334435552414042e-8	-4.784797010760312e-7	4.2597398904566154e-16	2.2010196013008088e-14
4.012741991477979e8	-3.2712531613449645e-8	-4.5462085665390754e-7	8.673577604606845e-16	2.6680729700115954e-14
4.0225168232455236e8	-3.164899617478826e-8	-4.2657756305548214e-7	1.3078206422987173e-15	3.056075833968579e-14
4.0322916550130683e8	-3.015901385503584e-8	-3.9515168987585825e-7	1.738362551863453e-15	3.359419410201626e-14
4.042066486780613e8	-2.825686227902722e-8	-3.611891213107502e-7	2.1495330267585136e-15	3.574735582281331e-14
4.051841318548158e8	-2.5966293108434206e-8	-3.2555710741194584e-7	2.5313962303370428e-15	3.7010391978277387e-14
4.0616161503157026e8	-2.3321000787412546e-8	-2.8912055188023095e-7	2.8735545701785246e-15	3.7398013289724776e-14
4.0713909820832473e8	-2.036502882952734e-8	-2.527179663999756e-7	3.1652572505118088e-15	3.69494270882534e-14
4.0811658138507926e8	-1.7153018106724944e-8	-2.1713791006754525e-7	3.39561893197884e-15	3.572740224569664e-14
4.0909406456183374e8	-1.3750178929255835e-8	-1.830967794334372e-7	3.553968999394987e-15	3.3816441348179574e-14
4.100715477385882e8	-1.0231852935484569e-8	-1.512188109497596e-7	3.630342254577992e-15	3.132009185228671e-14
4.110490309153427e8	-6.682527444876557e-9	-1.2201909866409213e-7	3.616106026734778e-15	2.8357484933532884e-14
4.1202651409209716e8	-3.194180151249291e-9	-9.589031683510792e-8	3.5046965763906065e-15	2.50592436945684e-14
4.1300399726885164e8	1.361285907999827e-10	-7.309367654127843e-8	3.292410801469682e-15	2.1562945619959328e-14
4.139814804456061e8	3.2094321200618372e-9	-5.3754449232070994e-8	2.9791714303854362e-15	1.80083529526611e-14
4.149589636223606e8	5.9287269212e-9	-3.786217425350139e-8	2.569161200009818e-15	1.4532636068095787e-14
4.1593644679911506e8	8.203351246665886e-9	-2.5275449231684138e-8	2.071211509725364e-15	1.1265808140342136e-14
4.1691392997586954e8	9.953579977999114e-9	-1.573099906516703e-8	1.498840797558845e-15	8.326565865840235e-15
4.17891413152624e8	1.1115054791048564e-8	-8.856546024343362e-9	8.698713323234537e-16	5.818694102567341e-15
4.188688963293785e8	1.1642624505158187e-8	-4.1868709295876515e-9	2.0560845298903416e-16	3.828146715896267e-15
4.1984637950613296e8	1.151318780592035e-8	-1.1823694674373343e-9	-4.703652481389852e-16	2.4208670153066523e-15
4.2082386268288743e8	1.072721542619272e-8	7.506308973047885e-10	-1.1336612093215123e-15	1.6413640704058541e-15
4.218013458596419e8	9.308771934002818e-9	2.238523213133224e-9	-1.7606527578964766e-15	1.5120202425501428e-15
4.227788290363964e8	7.30403425323204e-9	3.918731879956642e-9	-2.329952184013398e-15	2.0330735282727795e-15
4.2375631221315086e8	4.7784815380117536e-9	6.4183051064295504e-9	-2.8236271024132117e-15	3.1831973878200316e-15
4.2473379538990533e8	1.8130754998509383e-9	1.0333330752656771e-8	-3.228034719105524e-15	4.920590799025882e-15
4.257112785666598e8	-1.5001628738405165e-9	1.6209631288928387e-8	-3.534219403592069e-15	7.184491282378545e-15
4.266887617434143e8	-5.062754950811831e-9	2.4525111663850183e-8	-3.73788759625777e-15	9.897031627859658e-15
4.2766624492016876e8	-8.774161696003234e-9	3.567406262533718e-8	-3.8390299351842325e-15	1.2965374501255065e-14
4.2864372809692323e8	-1.2535680727614071e-8	4.995366549306222e-8	-3.841294611068426e-15	1.628407527449363e-14
4.296212112736777e8	-1.6253655986694986e-8	6.755290385772964e-8	-3.751226357352053e-15	1.973763961955586e-14
4.305986944504322e8	-1.9841921357761734e-8	8.854406200381201e-8	-3.5774759551125656e-15	2.3203256198370705e-14
4.3157617762718666e8	-2.322349186957869e-8	1.1287697563645344e-7	-3.330062709356469e-15	2.6553694153217773e-14
4.3255366080394113e8	-2.6331583292609765e-8	1.4037619264472023e-7	-3.0197445970924528e-15	2.966035855183045e-14
4.335311439806956e8	-2.9110080992294763e-8	1.707411938673872e-7	-2.6575238493549322e-15	3.239649356425825e-14
4.345086271574501e8	-3.151359467911595e-8	2.0354980929875015e-7	-2.2542934717951326e-15	3.464051270642293e-14
4.3548611033420455e8	-3.3507232740549614e-8	2.382649371492115e-7	-1.82061422976368e-15	3.6279418467859754e-14
4.36463593510959e8	-3.506621433879715e-8	2.742446257911872e-7	-1.3666018099318655e-15	3.721225131265216e-14
4.374410766877135e8	-3.617541494669464e-8	3.1075550761535934e-7	-9.018991077794012e-16	3.7353482452371937e-14
4.38418559864468e8	-3.682891569349051e-8	3.4698947731618556e-7	-4.357073939014437e-16	3.663623871749944e-14
4.3939604304122245e8	-3.702960157732638e-8	3.820833862482555e-7	2.314893566437219e-17	3.5015224658161036e-14
4.403735262179769e8	-3.678882980032689e-8	4.151413838401283e-7	4.661473265683944e-16	3.2469190353529296e-14
4.413510093947314e8	-3.6126167834799984e-8	4.4525938479506075e-7	8.850027222693395e-16	2.9002786884263723e-14
4.423284925714859e8	-3.506918148500141e-8	4.7155098838274713e-7	1.2716325169062034e-15	2.464765802904367e-14
4.4330597574824035e8	-3.365323619871087e-8	4.931740374070954e-7	1.6181669683095906e-15	1.9462638380235095e-14
4.442834589249948e8	-3.192126042206053e-8	5.093568944057906e-7	1.917018391936033e-15	1.3532965038124333e-14
4.452609421017493e8	-2.992340849871526e-8	5.194234456567042e-7	2.1610187266885575e-15	6.96846072029508e-15
4.462384252785038e8	-2.7716553621147523e-8	5.228158314298244e-7	2.3436299124699596e-15	-9.929309856152934e-17
4.4721590845525825e8	-2.5363540258147423e-8	5.191139510111443e-7	2.459224528405315e-15	-7.520708875778118e-15
4.481933916320127e8	-2.29321321943237e-8	5.080509048559384e-7	2.50342520035717e-15	-1.5132723624028015e-14
4.491708748087672e8	-2.0493608582648966e-8	4.895237087167858e-7	2.473480798577715e-15	-2.2763904425128896e-14
4.5014835798552173e8	-1.8120987276863224e-8	4.6359883421453005e-7	2.3686464841362302e-15	-3.023988541622637e-14
4.511258411622762e8	-1.588689182435948e-8	4.3051238024371627e-7	2.190525007619509e-15	-3.738887180002767e-14
4.521033243390307e8	-1.3861123481122988e-8	3.90664939600152e-7	1.943320634373653e-15	-4.4046947006112245e-14
4.5308080751578516e8	-1.2108047714242547e-8	3.446114741411206e-7	1.6339570898705242e-15	-5.0062940925553774e-14
4.5405829069253963e8	-1.0683948986726944e-8	2.9304673014103976e-7	1.2720188447138897e-15	-5.530265722067378e-14
4.550357738692941e8	-9.634540046690698e-9	2.367868977033847e-7	8.694914280242311e-16	-5.965231109521943e-14
4.560132570460486e8	-8.992824716861157e-9	1.7674833411761818e-7	4.402998966426319e-16	-6.302108937588743e-14
4.5699074022280306e8	-8.777500904163578e-9	1.1392422717786499e-7	-3.2831912495760366e-19	-6.534280577545954e-14
4.5796822339955753e8	-8.992051977147735e-9	4.936007315838231e-8	-4.366241590497528e-16	-6.657667983668182e-14
4.58945706576312e8	-9.624613666256116e-9	-1.587120695633035e-8	-8.530900119785422e-16	-6.670731363212962e-14
4.599231897530665e8	-1.0648628893691498e-8	-8.069377884520262e-8	-1.235285495779136e-15	-6.574397285403775e-14
4.6090067292982095e8	-1.202422619438999e-8	-1.4405241406099325e-7	-1.5705106792769114e-15	-6.371929731412074e-14
4.618781561065754e8	-1.3700190865250647e-8	-2.0493452287485217e-7	-1.8483276165835146e-15	-6.068757058721213e-14
4.628556392833299e8	-1.5616351577763915e-8	-2.6239033074220816e-7	-2.0608853359958567e-15	-5.672267139072423e-14
4.638331224600844e8	-1.7706184426999594e-8	-3.1555094086255876e-7	-2.203040708529748e-15	-5.191581299543009e-14
4.6481060563683885e8	-1.989944161444358e-8	-3.636441186664262e-7	-2.2722927096816946e-15	-4.637315465993709e-14
4.657880888135933e8	-2.212463893756493e-8	-4.0600770399818534e-7	-2.2685664877463265e-15	-4.021334398733792e-14
4.667655719903478e8	-2.431127776477557e-8	-4.421006020431014e-7	-2.1938943171947505e-15	-3.356502421533153e-14
4.677430551671023e8	-2.639172499553048e-8	-4.7151132617759714e-7	-2.05204291596982e-15	-2.6564318362273558e-14
4.6872053834385675e8	-2.8302721205267346e-8	-4.939640686945093e-7	-1.848132254715027e-15	-1.9352284944644295e-14
4.696980215206112e8	-2.9986527255130354e-8	-5.093222643460192e-7	-1.5882822068375324e-15	-1.2072329187063017e-14
4.706755046973657e8	-3.139174997555682e-8	-5.175895936340112e-7	-1.2793125943353642e-15	-4.867550225883578e-15
4.716529878741202e8	-3.2473907161175544e-8	-5.189083552013476e-7	-9.28511362063475e-16	2.1219908583208838e-15
4.7263047105087465e8	-3.31958017124604e-8	-5.135551270689228e-7	-5.434760697008874e-16	8.762085479528247e-15
4.736079542276291e8	-3.35277759270522e-8	-5.01933641800813e-7	-1.3202623277699153e-16	1.492725922348903e-14
4.745854374043836e8	-3.344791158019216e-8	-4.845648268024472e-7	2.978216924130288e-16	2.0503681858168524e-14
4.755629205811381e8	-3.294223127373783e-8	-4.620740118599095e-7	7.378290394932959e-16	2.539204015718747e-14
4.7654040375789255e8	-3.2004942878763016e-8	-4.35175383263813e-7	1.1794748241510004e-15	2.951028126165822e-14
4.77517886934647e8	-3.063875253300582e-8	-4.046538660078294e-7	1.6138787793591374e-15	3.2796110667407176e-14
4.784953701114015e8	-2.885525291636894e-8	-3.7134473787226354e-7	2.0317278843772183e-15	3.520911184329916e-14
4.79472853288156e8	-2.6675372484833108e-8	-3.3611141367932175e-7	2.4232290840081477e-15	3.673234721185537e-14
4.8045033646491045e8	-2.412984807789473e-8	-2.998219736971211e-7	2.7781130346626795e-15	3.737330535806996e-14
4.814278196416649e8	-2.125965827365963e-8	-2.6332513411755747e-7	3.0857150775505337e-15	3.7164078358765925e-14
4.824053028184194e8	-1.8116329254386302e-8	-2.2742645603857555e-7	3.3351592462446983e-15	3.616068600393388e-14
4.833827859951739e8	-1.476200110930651e-8	-1.92865649637742e-7	3.515667632085071e-15	3.444150861810093e-14
4.8436026917192835e8	-1.1269124193235689e-8	-1.6029584203411365e-7	3.6170093576721725e-15	3.2104843647758165e-14
4.853377523486828e8	-7.719647533381334e-9	-1.3026563470953685e-7	3.6300894549289085e-15	2.926565819178075e-14
4.863152355254373e8	-4.203570421891095e-9	-1.032046786185466e-7	3.5476575991250126e-15	2.6051664402084647e-14
4.8729271870219177e8	-8.167601693716377e-10	-7.941334737800334e-8	3.365090888560133e-15	2.259889129964446e-14
4.8827020187894624e8	2.3420025036974415e-9	-5.905690171201244e-8	3.0811767805184125e-15	1.9046959959088247e-14
4.892476850557007e8	5.1747040146943705e-9	-4.216432643176623e-8	2.6987973596205757e-15	1.5534285690072655e-14
4.902251682324552e8	7.588353121298054e-9	-2.8631801890949786e-8	2.22540159481954e-15	1.2193429334150512e-14
4.912026514092097e8	9.499548625211897e-9	-1.823056264820128e-8	1.6731556078115556e-15	9.146800898763403e-15
4.921801345859642e8	1.08390008525258e-8	-1.0618712740385846e-8	1.0586873768982864e-15	6.502885317851392e-15
4.931576177627187e8	1.1555588980080605e-8	-5.35642167699286e-9	4.023918242562703e-16	4.35311655819401e-15
4.9413510093947315e8	1.1619534327607081e-8	-1.923825406535751e-9	-2.726718465252667e-16	2.7694778069016583e-15
4.951125841162276e8	1.1024335092125557e-8	2.5909572914256057e-10	-9.421894920317824e-16	1.8028573537757257e-15
4.960900672929821e8	9.78723595036875e-9	1.811397336097141e-9	-1.5821508630275639e-15	1.4821466513023707e-15
4.970675504697366e8	7.948176206110416e-9	3.3695139346313907e-9	-2.1703723021907774e-15	1.8140323649963862e-15
4.9804503364649105e8	5.567341154686784e-9	5.565709068417725e-9	-2.6878046563905657e-15	2.7834100576418593e-15
4.990225168232455e8	2.7215985789136398e-9	9.007199054434893e-9	-3.119488230207654e-15	4.354334059781687e-15
5.e8	-4.997922512655576e-10	1.4256431229731264e-8	-3.4550796948235703e-15	6.471415343459488e-15