0	0.8726646259971648	0.8726646259971649
500000	0.8728055926118856	0.8728263979722954
1000000	0.8732282627409007	0.8733114227959448
1500000	0.8739319483388674	0.8741188309259996
2000000	0.8749155063165684	0.8752471618700297
2500000	0.8761773439718435	0.8766944419229179
3000000	0.8777154264968455	0.8784580771796769
3500000	0.8795272864682105	0.8805349015381035
4000000	0.881610035203706	0.8829213711104028
4500000	0.883960375848463	0.8856133782904458
5000000	0.8865746180363945	0.8886062457556089
5500000	0.8894486939581234	0.8918947771028622
6000000	0.8925781756558947	0.8954734964005352
6500000	0.8959582933585825	0.8993365868567597
7000000	0.8995839546660084	0.9034777574933842
7500000	0.9034497643912522	0.9078902940330643
8000000	0.907550044872247	0.912567120336924
8500000	0.9118788565694441	0.9175008509090997
9000000	0.9164300187743926	0.9226839927711523
9500000	0.9211971302643167	0.928108859755811
10000000	0.9261735897498309	0.933767464385285
10500000	0.9313526159763863	0.93965157189606
11000000	0.9367272673545127	0.9457527598009997
11500000	0.9422904610090286	0.952062480812132
12000000	0.9480349911527741	0.9585721243615398
12500000	0.9539535467057767	0.9652729855627092
13000000	0.9600387280957872	0.972156376817077
13500000	0.9662830631906018	0.9792135306180099
14000000	0.9726790223262967	0.9864355803654956
14500000	0.9792190324083118	0.9938136063512816
15000000	0.9858954900740967	1.0013386832321463
15500000	0.9927007739167162	1.0090019279099884
16000000	0.9996272557783353	1.0167945468116073
16500000	1.0066673111308915	1.0247078816498665
17000000	1.0138133285684865	1.0327332874211752
17500000	1.0210577184421592	1.0408620535974291
18000000	1.0283929206727669	1.0490856301111913
18500000	1.0358114117817792	1.0573954724715322
19000000	1.04330571118295	1.0657830706152986
19500000	1.0508683867801478	1.0742399800232485
20000000	1.0584920599182	1.082757852618596
20500000	1.0661694097344911	1.091328466782689
21000000	1.0738931769593782	1.099943755882867
21500000	1.0816561672132607	1.1085958347709288
22000000	1.089451253847528	1.1172770237753822
22500000	1.0972713803755847	1.1259794932467395
23000000	1.1051095625388632	1.134695411869369
23500000	1.112958890051175	1.1434172819038688
24000000	1.1208125280630197	1.1521376244769144
24500000	1.1286637183855797	1.1608490016625823
25000000	1.1365057805121406	1.1695440386884501
25500000	1.144332112472615	1.178215445723567
26000000	1.1521361915547317	1.1868560387612517
26500000	1.159911574923342	1.1954587591461139
27000000	1.1676519001671521	1.2040166913326105
27500000	1.175350885800098	1.2125230785012835
28000000	1.1830023317424874	1.2209713356977967
28500000	1.190600119804997	1.2293548312118912
29000000	1.198138214196612	1.237666685354335
29500000	1.2056106620756484	1.245900642729194
30000000	1.2130115941610937	1.2540504619742083
30500000	1.220335225419664	1.2621099011219337
31000000	1.2275758558421705	1.270072741734889
31500000	1.2347278713210543	1.2779328123749982
32000000	1.2417857446392442	1.2856840109737426
32500000	1.2487440365788525	1.2933203256909414
33000000	1.2555973971566154	1.3008358538744726
33500000	1.2623405669914303	1.3082248187604042
34000000	1.2689683788078148	1.315481583582505
34500000	1.2754757590776453	1.3226006627915075
35000000	1.2818577298010796	1.3295767200571977
35500000	1.2881094104261681	1.3364041681715857
36000000	1.2942260199052973	1.3430778163781234
36500000	1.3002028788852682	1.3495927178528409
37000000	1.3060354120265367	1.3559439197759768
37500000	1.3117191504458816	1.362126495725335
38000000	1.3172497342755722	1.3681355765350787
38500000	1.322622915330944	1.373966379179473
39000000	1.327834559877186	1.3796142332559702
39500000	1.332880651485102	1.3850746046632627
40000000	1.3377572939646067	1.3903431160972302
40500000	1.3424607143638085	1.395415564020742
41000000	1.3469872660206805	1.4002879318012427
41500000	1.3513334316535486	1.404956398752079
42000000	1.355495826475954	1.4094173448584133
42500000	1.3594712013208456	1.4136673215234372
43000000	1.3632564457585783	1.417702872865749
43500000	1.3668485911928012	1.4215207490724642
44000000	1.370244813918049	1.425117801463289
44500000	1.3734424381226842	1.4284909864148465
45000000	1.3764389388208034	1.4316373991283111
45500000	1.3792319446968044	1.4345543037267392
46000000	1.3818192408465133	1.4372391592774236
46500000	1.3841987713991146	1.4396896413733213
47000000	1.386368642004586	1.4419036589550716
47500000	1.3883271221719298	1.4438793661100675
48000000	1.3900726474442067	1.4456151686459817
48500000	1.3916038213972082	1.4471097253011498
49000000	1.392919417449553	1.4483619435213986
49500000	1.3940183804730448	1.4493709698000572
50000000	1.3948998281932892	1.4501361746431134
50500000	1.3955630523718006	1.4506570858331687
51000000	1.3960075197621724	1.4509331629762698
51500000	1.3962328728342592	1.4509639656745204
52000000	1.3962389302617826	1.4507492551522259
52500000	1.3960256871702592	1.4502890173933225
53000000	1.3955933151436717	1.449583481077238
53500000	1.39494216198984	1.448633130122497
54000000	1.3940727512659863	1.4474387107101334
54500000	1.3929857815675146	1.4460012327267653
55000000	1.3916821255845115	1.4443219656381185
55500000	1.3901628289319348	1.442402428875457
56000000	1.3884291087608527	1.4402443768876827
56500000	1.3864823521594185	1.4378497790784892
57000000	1.3843241143535279	1.4352207949088995
57500000	1.3819561167182526	1.4323597444989962
58000000	1.379380244612213	1.4292690751071986
58500000	1.3765985450480023	1.4259513944157565
59000000	1.3736132242126171	1.422409384045959
59500000	1.3704266448525608	1.4186457255361435
60000000	1.3670413235388925	1.414663309115008
60500000	1.3634599278279576	1.4104652429236908
61000000	1.359685273333881	1.4060548542460245
61500000	1.35572032072912	1.4014356859492287
62000000	1.3515681726894664	1.3966114882817513
62500000	1.3472320707998477	1.3915862062275013
63000000	1.3427153924371322	1.386363962666546
63500000	1.3380216476458688	1.3809490376399611
64000000	1.3331544760225138	1.3753458440596469
64500000	1.328117643623211	1.3695589002413529
65000000	1.3229150399096135	1.3635927996700794
65500000	1.3175506747465469	1.3574521784307678
66000000	1.3120286754645663	1.3511416807535803
66500000	1.3063532839996004	1.3446659231321132
67000000	1.3005288541209719	1.338030023088
67500000	1.2945598487580912	1.3312393820996946
68000000	1.288450837435081	1.324298997201375
68500000	1.2822064938214803	1.3172140372363599
69000000	1.2758315934060265	1.309989841914339
69500000	1.2693310112993126	1.3026319163272635
70000000	1.2627097201698683	1.295145922046507
70500000	1.2559727883169303	1.287537665038338
71000000	1.2491253778818303	1.2798130806690666
71500000	1.242172743198583	1.2719782161048558
72000000	1.2351202292828343	1.2640392104433413
72500000	1.227973270456903	1.2560022729441762
73000000	1.2207373891071707	1.2478736597529065
73500000	1.213418194568548	1.2396596495367724
74000000	1.2060213821292078	1.2313665184719809
74500000	1.1985527321471485	1.2230005150397765
75000000	1.191018109268534	1.2145678351035543
75500000	1.1834234617360422	1.2060748525421858
76000000	1.1757748207737269	1.1975294779596968
76500000	1.1680783000330957	1.1889382995084534
77000000	1.1603400950832725	1.180307769835796
77500000	1.1525664829262117	1.17164456693077
78000000	1.1447638215159792	1.1629555860738523
78500000	1.1369385492591357	1.1542479284500178
79000000	1.1290971844711963	1.1455288866669688
79500000	1.1212463247620827	1.1368059274633784
80000000	1.1133926463213577	1.1280866719378033
80500000	1.1055429030719273	1.1193788736763914
81000000	1.0977039256587484	1.110690395205561
81500000	1.08988262023699	1.1020291832433506
82000000	1.0820859670220166	1.0934032432691307
82500000	1.0743210185615752	1.0848206139748582
83000000	1.066594897688667	1.076289342201334
83500000	1.05891479511184	1.0678174589993141
84000000	1.051287966598082	1.0594129574874969
84500000	1.043721729702167	1.051084123501461
85000000	1.0362234599952889	1.0428404818631951
85500000	1.0288005867451617	1.0346899356232009
86000000	1.021460587999527	1.0266404370085556
86500000	1.0142109850252947	1.018700236033723
87000000	1.0070593360563942	1.010877844362853
87500000	1.0000132293049542	1.0031819947204832
88000000	0.9930802751926922	0.9956215963772298
88500000	0.9862680977625136	0.988205687355414
89000000	0.9795843252343426	0.9809433841191624
89500000	0.9730365796742175	0.973843829629902
90000000	0.9666324657517482	0.9669161407566472
90500000	0.9603795585682025	0.9601693561262284
91000000	0.9542853905458057	0.9536123855769876
91500000	0.9483574373783024	0.9472539624361331
92000000	0.9426031030534434	0.9411025998721743
92500000	0.9370297039697901	0.9351665525766932
93000000	0.9316444521829701	0.929453785002185
93500000	0.9264544378301945	0.9239719814983166
94000000	0.9214666107962795	0.9187291964434251
94500000	0.9166877616994256	0.9137331371793094
95000000	0.9121245022903446	0.9089913238516623
95500000	0.9077832453737166	0.9045112405700597
96000000	0.9036701843760938	0.9003002450338751
96500000	0.8997912726988782	0.8963654786624273
97000000	0.896152203008526	0.8927137791639727
97500000	0.8927583866282701	0.8893515975594242
98000000	0.8896149332060057	0.8862849216957303
98500000	0.8867266308411741	0.8835192082336278
99000000	0.884097926859115	0.881059324971475
99500000	0.8817329094241517	0.8789095051714025
100000000	0.8796352901822978	0.8770733152907286
100500000	0.8778083881207895	0.8755536371992396
101000000	0.8762551148244592	0.8743526655939775
101500000	0.8749779612983222	0.8734719209231064
102000000	0.8739789865116452	0.8729122777166565
102500000	0.8732598078014421	0.8726740078126438
103000000	0.8728215932530282	0.8727569471782329
103500000	0.8726650561523812	0.873161249584046
104000000	0.8727904515800229	0.8738869143980863
104500000	0.8731975751895404	0.8749333622499059
105000000	0.8738857641862632	0.8762993837772047
105500000	0.8748539004936599	0.8779831046725773
106000000	0.876100416067352	0.8799819659756456
106500000	0.877623300289897	0.8822927198961583
107000000	0.8794201093542667	0.8849114410388436
107500000	0.8814879775207949	0.8878335524917265
108000000	0.883823630111755	0.8910538658541353
108500000	0.8864233980900572	0.8945666339353437
109000000	0.8892832340540848	0.8983656145635738
109500000	0.8923987294696578	0.9024441437184958
110000000	0.8957651329525462	0.9067952160448375
110500000	0.8993773694108769	0.9114115707225017
111000000	0.9032300598560606	0.9162857806578395
111500000	0.9073175416933084	0.9214103430157602
112000000	0.91163388930815	0.9267777247564374
112500000	0.9161729347732929	0.9323798263847599
113000000	0.9209282885102881	0.9382089220487186
113500000	0.9258933597524386	0.9442572216970362
114000000	0.9310613766687679	0.9505166302008716
114500000	0.9364254060232962	0.9569787741490052
115000000	0.9419783722589506	0.963635035930331
115500000	0.9477130759108124	0.9704765939156472
116000000	0.9536222112687696	0.9774944675038868
116500000	0.9596983832246944	0.9846795657818286
117000000	0.9659341232537814	0.9920227385596672
117500000	0.9723219044934346	0.9995148285853097
118000000	0.978854155895961	1.0071467238047425
118500000	0.985523275443163	1.014909408620303
119000000	0.9923216424216607	1.0227940131988509
119500000	0.9992416287673743	1.0307918599929249
120000000	1.0062756094960381	1.0388945067553088
120500000	1.0134159722439091	1.0470937854463807
121000000	1.020655125949021	1.0553818365499703
121500000	1.0279855087084586	1.063750827444212
122000000	1.0353995948512555	1.0721910801970616
122500000	1.0428899012697286	1.080694366707518
123000000	1.0504489930544225	1.0892528037236568
123500000	1.058069488479449	1.0978584602845893
124000000	1.065744063385937	1.106503378558531
124500000	1.0734654550116334	1.1151795967352125
125000000	1.081226465314543	1.1238791733041613
125500000	1.0890199638378502	1.132594212079369
126000000	1.0968388901624042	1.1413168873638242
126500000	1.1046762559917467	1.1500394686841844
127000000	1.1125251469131268	1.1587543445660433
127500000	1.1203787238762248	1.167454044863263
128000000	1.1282302244294191	1.1761312611998553
128500000	1.1360729637514437	1.1847788651290492
129000000	1.143900335514236	1.1933899236604462
129500000	1.151705812610653	1.2019577118514877
130000000	1.159482947778617	1.2104757222028073
130500000	1.1672253741511311	1.2189376706373494
131000000	1.1749268057594826	1.2273372058339989
131500000	1.1825810380148833	1.2356662726502177
132000000	1.1901819481917386	1.24391858176027
132500000	1.1977234959337504	1.2520881973813756
133000000	1.2051997238020888	1.2601691045059311
133500000	1.2126047578829855	1.2681552351583758
134000000	1.2199328084702379	1.2760404951635025
134500000	1.227178170836315	1.2838187909522718
135000000	1.234335226104025	1.2914840559410605
135500000	1.2413984422289879	1.2990302760330534
136000000	1.2483623751015154	1.3064515138067592
136500000	1.255221669774897	1.3137419309766805
137000000	1.2619710618255284	1.3208958087350418
137500000	1.2686053788487863	1.3279075656109827
138000000	1.2751195420930939	1.3347717725143275
138500000	1.2815085682331528	1.3414831646643304
139000000	1.2877675712819328	1.3480366501389531
139500000	1.293891764639627	1.354427314816355
140000000	1.2998764632764543	1.3606504235164807
140500000	1.3057170860449032	1.366701357823922
141000000	1.311409158115753	1.372574895542179
141500000	1.3169483135310056	1.3782665930307267
142000000	1.3223302978657037	1.3837722637346102
142500000	1.3275509709894981	1.3890876905366742
143000000	1.3326063099177754	1.394208665168065
143500000	1.3374924117411702	1.3991310259999472
144000000	1.342205496621359	1.4038506937434545
144500000	1.3467419108401757	1.4083637045909598
145000000	1.35109812988833	1.4126662403465124
145500000	1.3552707615793078	1.4167546551168457
146000000	1.3592565491734516	1.4206254981665807
146500000	1.3630523744967125	1.424275532581445
147000000	1.3666552610381801	1.4277017494306166
147500000	1.370062377010214	1.4309013771723493
148000000	1.3732710383548343	1.433871886104344
148500000	1.376278711679977	1.4366109877202142
149000000	1.379083017109308	1.4391166288940072
149500000	1.3816817310294796	1.4413869808743238
150000000	1.3840727887190467	1.44342042310442
150500000	1.3862542868437233	1.4452153978209166
151000000	1.388224485803225	1.4467703178879905
151500000	1.3899818119156697	1.4480837358897987
152000000	1.3915248594263199	1.4491543426983968
152500000	1.392852392328396	1.449981001958413
153000000	1.3939633459847405	1.4505627801101681
153500000	1.3948568285402578	1.4508989716043297
154000000	1.395532122116301	1.4509891190075057
154500000	1.3959886837794893	1.4508330277538368
155000000	1.39622614627884	1.4504307753611614
155500000	1.3962443185465359	1.4497827149998863
156000000	1.3960431859591478	1.4488894733761448
156500000	1.395622910357646	1.44775194296587
157000000	1.3949838298260764	1.4463712687106394
157500000	1.394126458230306	1.444748829357235
158000000	1.3930514845197772	1.4428862136885559
158500000	1.3917597717966972	1.4407851919518906
159000000	1.3902523561585465	1.4384476828399748
159500000	1.388530445321198	1.43587571641952
160000000	1.3865954170312582	1.433071479660005
160500000	1.3844488172775087	1.4300372044705956
161000000	1.382092358312484	1.4267751286966392
161500000	1.3795279164962915	1.4232876960020362
162000000	1.3767575299757333	1.4195775695922173
162500000	1.3737833962126464	1.4156476398529847
163000000	1.3706078693760868	1.4115010269902213
163500000	1.367233457613603	1.4071410787405778
164000000	1.3636628202173118	1.4025713632786572
164500000	1.3598987647008411	1.39779565750183
165000000	1.3559442438034317	1.3928179309279962
165500000	1.3518023524375762	1.3876423254928096
166000000	1.347476324596563	1.3822731315795895
166500000	1.3429695302381344	1.3767147606561017
167000000	1.3382854721602047	1.3709717149265788
167500000	1.3334277828842196	1.3650485544340276
168000000	1.3284002215612547	1.3589498620666602
168500000	1.3232066709153663	1.3526802069331731
169000000	1.3178511342380443	1.346244106574918
169500000	1.3123377324468581	1.3396463888037795
170000000	1.3066707012205412	1.3328928389503678
170500000	1.3008543882218475	1.3259884201457426
171000000	1.2948932504185497	1.318938189871837
171500000	1.2887918515118733	1.311747382217195
172000000	1.282554859480598	1.3044214065459017
172500000	1.2761870442478807	1.29696584253158
173000000	1.2696932754766588	1.2893864317518873
173500000	1.2630785204982704	1.2816890660732099
174000000	1.2563478423776062	1.2738797730900027
174500000	1.2495063981168162	1.2659646989175661
175000000	1.2425594369982167	1.2579500886702015
175500000	1.2355122990656424	1.2498422649879029
176000000	1.2283704137420535	1.2416476050034273
176500000	1.2211392985797382	1.2333725161673041
177000000	1.2138245581379272	1.2250234113708482
177500000	1.206431882981082	1.2166066838265372
178000000	1.1989670487895352	1.2081286821814192
178500000	1.1914359155724945	1.1995956863530233
179000000	1.1838444269717594	1.191013981897549
179500000	1.1761986096427361	1.1823919468963493
180000000	1.168504572697566	1.1737367323324264
180500000	1.1607685071933318	1.1650547742202144
181000000	1.1529966856464162	1.1563527601123746
181500000	1.1451954615521402	1.1476376223804148
182000000	1.1373712688868238	1.138916527819005
182500000	1.1295306215673602	1.130196863779918
183000000	1.1216801128413296	1.1214862210864542
183500000	1.113826414578573	1.1127923740285453
184000000	1.1059762764330061	1.1041232577912874
184500000	1.098136524841355	1.0954869437241286
185000000	1.090314061823355	1.086891612913016
185500000	1.0825158635459067	1.0783455285721206
186000000	1.0747489786116742	1.0698570078240266
186500000	1.0670205260307077	1.0614343934862318
187000000	1.0593376928319191	1.053086026526446
187500000	1.0517077312696748	1.0448202198885195
188000000	1.0441379555794126	1.0366452344242971
188500000	1.0366357382351787	1.0285692576937304
189000000	1.0292085056612825	1.02060120493262
189500000	1.0218637333500067	1.0127506678874336
190000000	1.0146089403375746	1.0050255462347761
190500000	1.0074516829913922	0.9974340057277941
191000000	1.0003995480630625	0.9899845037555972
191500000	0.9934601449639275	0.9826857424667059
192000000	0.9866410972229293	0.9755466171612116
192500000	0.9799500330905668	0.9685761606455062
193000000	0.9733945752576852	0.9617834843905394
193500000	0.9669823296638186	0.9551777174790272
194000000	0.9607208733769408	0.9487679444626168
194500000	0.9546177415347109	0.9425631433701505
195000000	0.9486804133467108	0.9365721252064158
195500000	0.942916297167724	0.9308034763510625
196000000	0.9373327146637715	0.9252655053044263
196500000	0.93193688410531	0.9199661952266143
197000000	0.9267359028356202	0.914913163675675
197500000	0.921736728976829	0.9101136308687833
198000000	0.9169461624509566	0.9055743976678691
198500000	0.9123708254087493	0.901301858138885
199000000	0.9080171421744166	0.8973026376772051
199500000	0.9038913188295784	0.893583249148374
200000000	0.8999993225742615	0.89014995165498
200500000	0.8963468610163902	0.8870088079287008
201000000	0.8929393615534285	0.8841655881427332
201500000	0.8897819510203077	0.8816256779440372
202000000	0.8868794357860763	0.8793939928790127
202500000	0.8842362824875116	0.8774749013444281
203000000	0.8818565995908767	0.8758721580743751
203500000	0.8797441199728215	0.8745888499730609
204000000	0.8779021847079218	0.8736273558266827
204500000	0.876333728243366	0.8729893210845029
205000000	0.8750412651308328	0.8726756485029727
205500000	0.8740268784716997	0.8726865050144743
206000000	0.8732922102145615	0.8730213447334824
206500000	0.8728384534238889	0.8736789475683074
207000000	0.8726663466158905	0.8746574724863847
207500000	0.8727761702327322	0.8759545241037103
208000000	0.8731677452997249	0.877567230949839
208500000	0.8738404342825412	0.8794923988873425
209000000	0.8747931441335656	0.8817271366264609
209500000	0.8760243314887871	0.884268382326536
210000000	0.8775320099498265	0.8871124996260189
210500000	0.8793137593603716	0.8902552568791449
211000000	0.881366736963008	0.8936918223607949
211500000	0.8836876903016756	0.8974167736383644
212000000	0.8862729717171276	0.9014241204743004
212500000	0.889118554268131	0.9057073403027991
213000000	0.8922200488999108	0.9102594250423723
213500000	0.8955727226735852	0.9150729377728501
214000000	0.8991715178660791	0.9201400776283164
214500000	0.903011071749088	0.9254527511408325
215000000	0.9070857368579565	0.93100264821455
215500000	0.9113896015665123	0.9367813209139038
216000000	0.9159165107916999	0.9427802633079821
216500000	0.9206600866618668	0.948990990718722
217000000	0.9256137489944348	0.955405116864292
217500000	0.9307707354420103	0.9620144275609676
218000000	0.936124121180354	0.9688106135790809
218500000	0.9416668380267013	0.9757843016461207
219000000	0.9473916928922812	0.9829270602558456
219500000	0.9532913854882559	0.9902304235582294
220000000	0.959358525219389	0.9976857630849891
220500000	0.9655856472142861	1.0052843148510466
221000000	0.9719652274548618	1.013017210900212
221500000	0.9784896969806096	1.0208755142940207
222000000	0.9851514551551352	1.0288502565559252
222500000	0.9919428819932219	1.0369324766125403
223000000	0.9988563495563628	1.0451132603178384
223500000	1.0058842324331918	1.0533837797032586
224000000	1.0130189173285975	1.0617353311643147
224500000	1.0202528117915728	1.0701593718700209
225000000	1.0275783521169979	1.0786475537626155
225500000	1.0349880104607765	1.0871917545989327
226000000	1.0424743012109692	1.095784105568747
226500000	1.0500297866599948	1.104417015106917
227000000	1.0576470820246127	1.113083188592928
227500000	1.065318859861366	1.1217756310400104
228000000	1.0730378539255225	1.1304855508657647
228500000	1.0807968625214197	1.1392045251534166
229000000	1.0885887513915102	1.147925470764429
229500000	1.0964064561904374	1.1566412427578256
230000000	1.1042429845892134	1.1653446538150662
230500000	1.1120914180530281	1.1740284954293239
231000000	1.1199449133345047	1.1826855602854907
231500000	1.127796703722356	1.191308665278703
232000000	1.1356401000833878	1.1998906746426101
232500000	1.1434684917337756	1.2084245226844197
233000000	1.1512753471734003	1.2169032356521259
233500000	1.1590542147149276	1.2253199522902307
234000000	1.1667987230371852	1.233667942673423
234500000	1.1745025816902768	1.2419406249426577
235000000	1.1821595815777861	1.25013157960427
235500000	1.1897635954393875	1.2582345610894543
236000000	1.197308578355166	1.2662435063078208
236500000	1.2047885682909973	1.274152539964018
237000000	1.2121976867024364	1.2819559764396748
237500000	1.2195301392127103	1.2896478909956557
238000000	1.2267802163786032	1.2972212009462474
238500000	1.233942294556287	1.3046705473554276
239000000	1.2410108368774315	1.3119906786668478
239500000	1.2479803943442938	1.3191762627132093
240000000	1.2548456070508676	1.3262219190413316
240500000	1.2616012055356085	1.333122251024952
241000000	1.268242012269738	1.3398718773054854
241500000	1.274762943283636	1.3464654621042529
242000000	1.281159009932383	1.352897743957912
242500000	1.2874253208001196	1.3591635624425114
243000000	1.2935570837415074	1.3652578824710289
243500000	1.2995496080572384	1.3711758157743776
244000000	1.3053983067992687	1.376912639206332
244500000	1.3110986992001683	1.382463809548041
245000000	1.3166464132197957	1.3878249745269378
245500000	1.3220371882013306	1.392991979806901
246000000	1.3272668776275856	1.397960871750383
246500000	1.3323314519674712	1.4027278957976215
247000000	1.337227001601487	1.4072894903518802
247500000	1.3419497398141829	1.4116419573074368
248000000	1.3464960058406816	1.4157817214988115
248500000	1.3508622679535804	1.4197055649131243
249000000	1.3550451265758465	1.4234102941691138
249500000	1.359041317404735	1.4268927819050246
250000000	1.3628477145312483	1.4301500055156158
250500000	1.3664613335392566	1.4331790827041897
251000000	1.3698793345681226	1.4359773033985124
251500000	1.3730990253224857	1.4385421576068569
252000000	1.3761178640128202	1.440871358828064
252500000	1.378933462210447	1.4429628626767141
253000000	1.3815435876008684	1.4448148804400334
253500000	1.383946166619628	1.4464258873455358
254000000	1.3861392869553388	1.4477946253856573
254500000	1.388121199905098	1.4489201006157928
255000000	1.3898903225682129	1.4498015749129414
255500000	1.3914452398649753	1.450438552251403
256000000	1.3927847063681578	1.4508307596175243
256500000	1.3939076479359522	1.4509781227454501
257000000	1.3948131631362095	1.4508807297478055
257500000	1.3955005244530774	1.4505386536072307
258000000	1.395969179268452	1.4499519609246438
258500000	1.3962187506120418	1.4491208870792696
259000000	1.3962490376752883	1.4480458704141965
259500000	1.3960600160858774	1.4467275752307238
260000000	1.3956518379410916	1.4451669095665993
260500000	1.3950248315997944	1.4433650375959202
261000000	1.3941795012343663	1.4413233865491086
261500000	1.3931165261454468	1.4390436481171336
262000000	1.3918367598438297	1.4365277743731113
262500000	1.3903412289053159	1.4337779683144238
263000000	1.3886311316057363	1.4307966691974103
263500000	1.3867078363446903	1.4275865329023012
264000000	1.384572879867806	1.4241504076264222
264500000	1.3822279652984995	1.420491305256973
265000000	1.3796749599912796	1.416612368819446
265500000	1.3769158932196137	1.4125168364328984
266000000	1.3739529537122173	1.4082080022281795
266500000	1.3707884870523706	1.4036891835649827
267000000	1.36742499295546	1.398964158451265
267500000	1.3638651224404517	1.3940366735140723
268000000	1.3601116749113331	1.3889104141669049
268500000	1.356167595164809	1.3835892585095317
269000000	1.3520359703406337	1.378077282277592
269500000	1.347720026830947	1.3723787593617067
270000000	1.3432231271648267	1.3664981580199071
270500000	1.3385487668840388	1.360440132950388
271000000	1.3337005714255776	1.3542095134351855
271500000	1.3286822930261195	1.3478112878081836
272000000	1.3234978076629496	1.3412505845416853
272500000	1.3181511120452467	1.3345326502836072
273000000	1.3126463206688503	1.327662825211147
273500000	1.306987662946821	1.3206465160958638
274000000	1.3011794804271701	1.3134891674988713
274500000	1.2952262241081829	1.3061962315330882
275000000	1.2891324518606937	1.2987731366421662
275500000	1.282902825965603	1.2912252558531956
276000000	1.276542110773758	1.2835578749631567
276500000	1.2700551704941228	1.275776664425162
277000000	1.2634469671149362	1.267888837789193
277500000	1.2567225584612653	1.2599001573444562
278000000	1.2498870963910218	1.2518163857503368
278500000	1.2429458251301901	1.2436434776884746
279000000	1.235904079746577	1.2353875772502023
279500000	1.2287672847599724	1.2270550119236172
280000000	1.2215409528851486	1.2186522833836975
280500000	1.2142306839026014	1.210186055322827
281000000	1.206842163650372	1.2016631385949579
281500000	1.1993811631287252	1.1930904739836414
282000000	1.1918535377077957	1.184475112941395
282500000	1.1842652264266174	1.1758241966845668
283000000	1.1766222513702542	1.1671449340633087
283500000	1.1689307171099261	1.1584445786598243
284000000	1.1611968101891972	1.1497304055993407
284500000	1.1534267986374176	1.1410096885869603
285000000	1.145627031489653	1.1322896777096723
285500000	1.1378039382903393	1.1235775785665185
286000000	1.1299640285558923	1.1148805353468392
286500000	1.1221138911694015	1.1062074226048846
287000000	1.1142601936784333	1.0975667081317737
287500000	1.10640968146487	1.0889654602587315
288000000	1.0985691767535535	1.0804110629371517
288500000	1.0907455774244161	1.0719111988104644
289000000	1.0829458555906835	1.0634738278844371
289500000	1.0751770559037572	1.0551071620461165
290000000	1.0674462935434619	1.0468196357557258
290500000	1.0597607518505634	1.038619873316666
291000000	1.0521276795569166	1.0305166532141745
291500000	1.044554387567219	1.0225188701006491
292000000	1.0370482452452983	1.0146354950925138
292500000	1.0296166761571721	1.0068755351268726
293000000	1.022267153222824	0.9992479922032591
293500000	1.0150071932288485	0.9917618234036691
294000000	1.0078443506549393	0.9844259026401493
294500000	1.0007862107686196	0.9772489851211432
295000000	0.9938403819448022	0.9702396755536216
295500000	0.9870144871698033	0.9634064011062164
296000000	0.9803161546933387	0.9567575631444253
296500000	0.9737530077969154	0.9503024561430179
297000000	0.967332653653015	0.9440492995225113
297500000	0.9610626712564765	0.9380062515771136
298000000	0.9549505984176809	0.9321816282458246
298500000	0.9490039178164988	0.9265838266550414
299000000	0.9432300421264296	0.9212212454156655
299500000	0.9376362982299679	0.916102203084038
300000000	0.9322299105588914	0.9112348563675436
300500000	0.9270179836067176	0.9066271197956217
301000000	0.9220074836749531	0.9022865886749913
301500000	0.9172052199296993	0.8982204671951237
302000000	0.9126178248605139	0.8944355035393443
302500000	0.9082517342488123	0.8909379337838871
303000000	0.9041131667682719	0.8877334362303743
303500000	0.9002081033543137	0.884827097618452
304000000	0.8965422664933784	0.882223392410137
304500000	0.8931210995950201	0.879926176034459
305000000	0.8899497466204309	0.8779386926416515
305500000	0.8870330321494362	0.8762635975540363
306000000	0.8843754420739462	0.8749031899113866
306500000	0.8819811051089688	0.8738601424229302
307000000	0.8798537753122794	0.8731369000781986
307500000	0.8779968158005178	0.8727354231685115
308000000	0.8764131838427065	0.8726571124027483
308500000	0.8751054175018982	0.8729027445100975
309000000	0.8740756239819478	0.8734724214308933
309500000	0.8733254698194189	0.8743655343317424
310000000	0.8728561730406367	0.8755807432963109
310500000	0.8726684973812724	0.8771159731200593
311000000	0.8727627486410348	0.8789684251945187
311500000	0.8731387732195767	0.8811346050244858
312000000	0.8737959588522178	0.8836103645000278
312500000	0.8747332375361322	0.8863909576632195
313000000	0.8759490906099162	0.8894711083832734
313500000	0.8774415559225864	0.8928450880955178
314000000	0.8792082370026207	0.8965068015776062
314500000	0.881246314114262	0.9004498786334832
315000000	0.8835525570673847	0.9046677695306603
315500000	0.8861233396292073	0.9091537576288827
316000000	0.8889546553713106	0.9139007831939306
316500000	0.8920421347739902	0.9189021501763052
317000000	0.8953810634020375	0.9241508610059833
317500000	0.8989664009615695	0.9296395216520718
318000000	0.9027928010464548	0.9353603634482265
318500000	0.9068546313849908	0.9413052742663565
319000000	0.9111459944025174	0.9474658378491815
319500000	0.9156607479233146	0.9538333800027292
320000000	0.9203925258450403	0.9603990202788362
320500000	0.925334758630736	0.9671537277455025
321000000	0.9304806934766856	0.9740883794482347
321500000	0.9358234140287471	0.9811938202055878
322000000	0.9413558595347853	0.9884609224529136
322500000	0.947070843336213	0.9958806449448588
323000000	0.9529610706170251	1.0034440892437158
323500000	0.9590191553437952	1.011142553051274
324000000	0.9652376363447048	1.0189675795802804
324500000	0.9716089924895223	1.0269110023020882
325000000	0.9781256569454052	1.0349649824170573
325500000	0.9847800304953689	1.0431203425601554
326000000	0.9915644939171253	1.051367814172906
326500000	0.9984714194297128	1.0596993032486224
327000000	1.0054931812239096	1.068106643939971
327500000	1.0126221650998604	1.0765816186300474
328000000	1.0198507772416125	1.08511598089097
328500000	1.027171452163543	1.0937014805857739
329000000	1.0345766598678505	1.1023298903954466
329500000	1.0420589122556336	1.1109930330846587
330000000	1.0496107688364906	1.1196828088569006
330500000	1.0572248417832877	1.1283912221917705
331000000	1.064893800379743	1.137110407603356
331500000	1.0726103749088565	1.1458326538080783
332000000	1.0803673600301014	1.1545504258419288
332500000	1.0881576176927334	1.1632563847195616
333000000	1.0959740796316018	1.1719434042799388
333500000	1.1038097494906014	1.1806045849139153
334000000	1.111657704617408	1.18923326391706
334500000	1.1195110975713904	1.1978230222550073
335000000	1.127363157384762	1.2063672888097838
335500000	1.1352071906150532	1.214857559653182
336000000	1.1430365822249102	1.2232873516738842
336500000	1.1508447963231472	1.2316505177157957
337000000	1.1586253767988561	1.2399408315967044
337500000	1.166371947878226	1.2481520126861563
338000000	1.1740782146316382	1.256277751274275
338500000	1.181737963456518	1.264311734244402
339000000	1.1893450625593427	1.2722476705743164
339500000	1.196893462458239	1.2800793162050912
340000000	1.2043771965256267	1.2878004978339908
340500000	1.2117903815884494	1.2954051352085025
341000000	1.2191272186016988	1.3028872615227378
341500000	1.2263819934091116	1.3102410415448404
342000000	1.2335490776031992	1.3174607871343298
342500000	1.2406229294950224	1.3245409698409527
343000000	1.2475980952025072	1.331476230310872
343500000	1.2544692098644759	1.3382613842611237
344000000	1.2612309989859871	1.3448914248183261
344500000	1.267878279919068	1.351361521051767
345000000	1.274405963481441	1.3576663677097676
345500000	1.280809055714378	1.3638007407401977
346000000	1.2870826597794192	1.3697602846129493
346500000	1.293221977992332	1.3755405818327202
347000000	1.2992223139913188	1.3811371885944324
347500000	1.3050790750352146	1.3865456728614938
348000000	1.3107877744261536	1.391761650895706
348500000	1.316344034049958	1.3967808217682225
349000000	1.3217435870263534	1.401598999388584
349500000	1.326982280460004	1.406212141604699
350000000	1.332056078282274	1.4106163759508565
350500000	1.3369610641726593	1.4148080216531613
351000000	1.3416934445478823	1.4187836075415732
351500000	1.346249551605778	1.4225398855640188
352000000	1.350625846410331	1.4260738396496144
352500000	1.3548189220035252	1.4293826897233903
353000000	1.3588255065290513	1.4324638907324232
353500000	1.3626424663524208	1.4353151266012592
354000000	1.3662668091616343	1.4379342990912374
354500000	1.3696956870322439	1.4403195016825263
355000000	1.372926399440485	1.4424687889533094
355500000	1.375956396208085	1.444380296801533
356000000	1.3787832803624231	1.4460522958222857
356500000	1.3814048108958996	1.4474831867553997
357000000	1.383818905408686	1.448671535927307
357500000	1.386023642619485	1.4496161063797726
358000000	1.388017264729472	1.4503158843170012
358500000	1.3897981796253058	1.4507701005467932
359000000	1.3913649629078986	1.4509782466452654
359500000	1.39271635973456	1.4509400856368202
360000000	1.3938512864631791	1.4506556570497178
360500000	1.394768832088236	1.4501252762807262
361000000	1.39546825945967	1.449349528277562
361500000	1.3959490062769433	1.448329255622817
362000000	1.3962106858520247	1.4470655411753959
362500000	1.396253087636452	1.4455596854928947
363000000	1.3960761775091282	1.4438131793188231
363500000	1.395680097823013	1.4418276714703908
364000000	1.39506516721042	1.4396049325044469
364500000	1.394231880148151	1.4371468768133902
365000000	1.3931809062852403	1.4344554412701662
365500000	1.391913089537572	1.4315325862061345
366000000	1.3904294469551006	1.4283804775502293
366500000	1.3887311673688039	1.4250015024126692
367000000	1.3868196098258472	1.4213982786276698
367500000	1.3846963018226965	1.4175736592052492
368000000	1.3823629373470967	1.413530731735447
368500000	1.3798213747409005	1.4092728128454346
369000000	1.3770736343967185	1.404803437867884
369500000	1.3741218963022086	1.4001263459358488
370000000	1.370968497446562	1.3952454607736133
370500000	1.3676159291043706	1.390164867502889
371000000	1.3640668340125415	1.384888785828012
371500000	1.360324003456286	1.379421540001214
372000000	1.356390374280465	1.3737675259987823
372500000	1.3522690258426628	1.367931176360469
373000000	1.3479631769243572	1.3619169231577044
373500000	1.3434761826164265	1.355729159561289
374000000	1.3388115311949755	1.3493724044946018
374500000	1.333972841003096	1.3428522473383917
375000000	1.3289638573537281	1.3361735895178342
375500000	1.3237884494682062	1.3293413237997098
376000000	1.3184506074644047	1.3223605201642197
376500000	1.3129544394076764	1.3152364257140743
377000000	1.307304168436919	1.3079744608373847
377500000	1.3015041299772079	1.3005802118077137
378000000	1.2955587690494714	1.2930594200393424
378500000	1.28947263768664	1.2854179682510511
379000000	1.2832503924645937	1.2776618638266288
379500000	1.2768967921551189	1.2697972196940521
380000000	1.270416695506863	1.261830233077042
380500000	1.2638150591590418	1.2537671625018905
381000000	1.2570969356913895	1.245614303468511
381500000	1.2502674718125024	1.2373779632173612
382000000	1.243331906687379	1.2290644350431217
382500000	1.236295570403556	1.220679972621965
383000000	1.2291638825738187	1.212230764832359
383500000	1.2219423510719836	1.2037229115603263
384000000	1.2146365708967337	1.1951637461900644
384500000	1.2072522231569602	1.1865613068289522
385000000	1.1997950741704515	1.1779218720263436
385500000	1.192270974666127	1.1692519463458342
386000000	1.184685859078361	1.1605582757089061
386500000	1.177045744920174	1.1518478393394997
387000000	1.1693567322202976	1.143127838195415
387500000	1.1616250030072983	1.1344056801145164
388000000	1.1538568208220392	1.125688961949169
388500000	1.146058530237817	1.1169854490113036
389000000	1.1382365563655523	1.1083030522017754
389500000	1.1303974043193479	1.0996498032500777
390000000	1.1225476586156629	1.0910338285426595
390500000	1.1146939824772664	1.0824633220689235
391000000	1.106843117010992	1.0739465180622323
391500000	1.0990018802261843	1.065491663957959
392000000	1.0911771658586407	1.057106994330878
392500000	1.0833759419627527	1.0488007065093718
393000000	1.0756052492325405	1.0405809385936042
393500000	1.0678721990103877	1.0324558891027922
394000000	1.0601839709404746	1.024435454987078
394500000	1.0525478102223418	1.0165279644389489
395000000	1.0449710244186234	1.0087413531280827
395500000	1.037460979769953	1.0010838767722046
396000000	1.0300250969692808	0.9935640699496263
396500000	1.022670846347556	0.9861906998775601
397000000	1.0154057424229201	0.9789727157203477
397500000	1.0082373377663028	0.9719191941308553
398000000	1.0011732161377187	0.965039281869357
398500000	0.9942209848497395	0.9583421364816639
399000000	0.9873882663175468	0.9518368661460703
399500000	0.9806826887588569	0.9455324699107732
400000000	0.9741118760118544	0.9394377796337398
400500000	0.9676834364451516	0.9335614049999865
401000000	0.9614049509407644	0.927911683022114
401500000	0.9552839599392444	0.9224966334249605
402000000	0.9493279495453616	0.9173239212720601
402500000	0.9435443367031586	0.9124008281093579
403000000	0.9379404534607627	0.9077342327811563
403500000	0.9325235303579043	0.9033308077195047
404000000	0.927300678982624	0.8991975814469111
404500000	0.9222788737579858	0.8953411727092133
405000000	0.917464933034525	0.8917680618804449
405500000	0.9128654995794637	0.8884845304959372
406000000	0.908487020569145	0.8854965660589659
406500000	0.9043357272063226	0.8828097710383733
407000000	0.9004176140985817	0.8804292782184889
407500000	0.8967384185478964	0.8783596745221952
408000000	0.8933035999137103	0.876604935308753
408500000	0.890118319222614	0.8751683709494545
409000000	0.887187419206254	0.8740525872105107
409500000	0.8845154049552135	0.873259460632736
410000000	0.8821064253798659	0.8727901297048848
410500000	0.8799642556693816	0.8726450021987459
411000000	0.878092280936941	0.872823778588673
411500000	0.8764934812326042	0.873325491036496
412000000	0.8751704180952067	0.8741485570047564
412500000	0.8741252228011257	0.8752908461851827
413000000	0.8733595864509395	0.8767497584432794
413500000	0.8728747520151727	0.8785225600049646
414000000	0.8726715084378265	0.8806068400422774
414500000	0.8727501868716795	0.8829997675641634
415000000	0.8731106590929741	0.8856979205818145
415500000	0.8737523381156148	0.8886972669825733
416000000	0.8746741809970785	0.8919931600377716
416500000	0.875874693800466	0.8955803482706849
417000000	0.8773519386501927	0.8994529990549956
417500000	0.879103542793294	0.9036047349844026
418000000	0.881126709554792	0.9080286817632226
418500000	0.8834182310545103	0.9127175261268046
419000000	0.8859745025345268	0.9176635821171388
419500000	0.8887915381314689	0.9228588639177561
420000000	0.8918649879162084	0.9282951633940393
420500000	0.8951901560154012	0.933964130488226
421000000	0.8987620196246513	0.9398573546775939
421500000	0.9025752487218218	0.9459664458120747
422000000	0.906624226290946	0.9522831127945931
422500000	0.9109030688720786	0.958799238743465
423000000	0.9154056472599553	0.9655062513076016
423500000	0.9201256071841031	0.9723950152180231
424000000	0.9250563898147455	0.9794572203264443
424500000	0.9301912519520319	0.9866843806018142
425000000	0.935523285770376	0.9940678405081903
425500000	0.9410454380047091	1.0015988036819543
426000000	0.9467505284808015	1.0092683660432165
426500000	0.9526312679071777	1.0170675523165473
427000000	0.9586802748612866	1.02498735495014
427500000	0.96489009191721	1.033018774453679
428000000	0.9712532008760677	1.0411528602219116
428500000	0.9777620370733149	1.0493807509710722
429000000	0.9844090027491467	1.057693713986468
429500000	0.9911864794791234	1.0660831824589532
430000000	0.9980868396719471	1.0745407902728603
430500000	1.0051024571499438	1.0830584036953521
431000000	1.012225716835274	1.0916281495042597
431500000	1.0194490235712754	1.100242439175702
432000000	1.0267648101136457	1.108893988831697
432500000	1.0341655443304325	1.1175756663787708
433000000	1.0416437356531785	1.1262781269559983
433500000	1.0491919408240702	1.134993455812038
434000000	1.0568027689856405	1.143714480884542
434500000	1.0644688861606357	1.152433973421427
435000000	1.072183019170075	1.161144667679284
435500000	1.0799379590374478	1.1698392823247634
436000000	1.0877265639264175	1.1785105429612786
436500000	1.095541761658502	1.1871512052258253
437000000	1.1033765518559486	1.1957540779253426
437500000	1.1112240077535096	1.2043120457091485
438000000	1.1190772777211326	1.2128180908037098
438500000	1.1269295865377393	1.2212653133682048
439000000	1.134774236454259	1.2296469500637017
439500000	1.1426046080820575	1.23795639046479
440000000	1.1504141611408152	1.2461871909795277
440500000	1.15819643509774	1.2543330859808426
441000000	1.1659450497279193	1.2623879958892288
441500000	1.1736537056234857	1.2703460319818698
442000000	1.1813161846771687	1.2782014977363418
442500000	1.188926350563774	1.2859481325978692
443000000	1.1964781492411254	1.2935789565335871
443500000	1.2039656094900135	1.3010886835269364
444000000	1.2113828435108203	1.3084719893431072
444500000	1.2187240475926187	1.3157234733771297
445000000	1.2259835028687238	1.3228376904880097
445500000	1.2331555761709398	1.3298091826127068
446000000	1.2402347209930364	1.3366325097003318
446500000	1.2472154785723149	1.3433022795113079
447000000	1.2540924790965275	1.3498131758354368
447500000	1.2608604430418517	1.3561599846973742
448000000	1.267514182646061	1.3623376181381623
448500000	1.274048603519585	1.368341135187093
449000000	1.2804587063956698	1.3741657596689418
449500000	1.286739589019465	1.3798068945268864
450000000	1.2928864481744613	1.3852601323803773
450500000	1.2988945818433806	1.3905212620788707
451000000	1.3047593914993345	1.3955862710555302
451500000	1.3104763845217726	1.4004513433286092
452000000	1.3160411767305664	1.4051128457302693
452500000	1.3214494950303888	1.4095668987510677
453000000	1.3266971801564258	1.4138099356265963
453500000	1.3317801895114099	1.4178386555698275
454000000	1.33669460008296	1.4216497822605532
454500000	1.341436611429261	1.4252401050277403
455000000	1.3460025487202738	1.4286065173512954
455500000	1.3503888658208711	1.4317460522145005
456000000	1.354592148401588	1.4346559138552046
456500000	1.3586091170620718	1.4373335054911653
457000000	1.3624366304518105	1.4397764526324381
457500000	1.3660716883722903	1.4419826216406586
458000000	1.3695114348444488	1.4439501332502491
458500000	1.3727531611251067	1.4456773708285147
459000000	1.375794308655976	1.4471629832183441
459500000	1.3786324719289174	1.4484058820768309
460000000	1.3812654012512942	1.4494052336933259
460500000	1.383691005395572	1.4501604453390762
461000000	1.385907354117759	1.4506711462655946
461500000	1.387912680529833	1.4509371635283084
462000000	1.3897053833119979	1.4509584773902449
462500000	1.3912840287514094	1.4507350246234032
463000000	1.3926473525949332	1.450266768168645
463500000	1.3937942617045394	1.4495538444598381
464000000	1.3947238355050582	1.448596593460475
464500000	1.3954353272152544	1.4473955818499686
465000000	1.3959281648544861	1.4459516209917023
465500000	1.396201952018591	1.444265779514226
466000000	1.3962564684200822	1.4423393903980446
466500000	1.3960916701892214	1.4401740525267193
467000000	1.3957076899340521	1.4377716267305238
467500000	1.3951048365590102	1.435134226421514
468000000	1.3942835948432661	1.432264202988388
468500000	1.3932446247814854	1.429164126185736
469000000	1.3919887606911852	1.4258367598131945
469500000	1.3905170100923427	1.422285033033812
470000000	1.3888305523663051	1.4185120077261253
470500000	1.3869307372024104	1.4145208422999533
471000000	1.3848190828419864	1.4103147524310504
471500000	1.3824972741305812	1.4058969922767082
472000000	1.3799671603903614	1.4012712885140044
472500000	1.377230753125585	1.396441253717928
473000000	1.374290223574933	1.3914105067846512
473500000	1.3711479001252196	1.3861828614437601
474000000	1.367806265601624	1.3807623311266104
474500000	1.3642679544500977	1.3751531293701131
475000000	1.3605357498279542	1.369359665879136
475500000	1.3566125806189115	1.3633865384147108
476000000	1.3525015183889522	1.3572385207195592
476500000	1.3482057742993876	1.3509205467358447
477000000	1.3437286959933625	1.3444376914113687
477500000	1.339073764471799	1.3377951484285227
478000000	1.3342445909744338	1.3309982052242637
478500000	1.3292449138811302	1.324052215698405
479000000	1.324078595648074	1.3169625710310817
479500000	1.3187496197928372	1.3097346690481126
480000000	1.3132620879415158	1.3023738825851465
480500000	1.307620216950335	1.2948855273083182
481000000	1.3018283361132226	1.2872748294512515
481500000	1.295890884465869	1.2795475532533993
482000000	1.2898124081957616	1.271710781966685
482500000	1.2835975581665973	1.263770171775463
483000000	1.2772510875643341	1.2557314604207623
483500000	1.270777849670933	1.2476005756059256
484000000	1.264182795770635	1.2393836322231366
484500000	1.2574709731923188	1.231086926190631
485000000	1.2506475234901608	1.2227169251062822
485500000	1.2437176807634907	1.2142802559571593
486000000	1.236686770115317	1.205783690160355
486500000	1.2295602062475648	1.197234126246994
487000000	1.2223434921896252	1.1886385705380662
487500000	1.2150422181552778	1.1800041161967736
488000000	1.2076620605215191	1.1713379210767445
488500000	1.2002087809212239	1.162647184818197
489000000	1.1926882254399502	1.1539391256745024
489500000	1.185106323905506	1.1452209575794137
490000000	1.17746908925715	1.1364998679904796
490500000	1.1697826169795589	1.127782997067101
491000000	1.162053084584822	1.1190774418457847
491500000	1.1542867511238515	1.1103922491902605
492000000	1.1464899567066749	1.1017355907893085
492500000	1.1386691220090759	1.0931145124077197
493000000	1.130830747741013	1.0845363711731628
493500000	1.122981414050202	1.076008819270591
494000000	1.1151277798321169	1.0675397833024416
494500000	1.1072765819155523	1.0591374395629138
495000000	1.0994346340907772	1.0508101855465681
495500000	1.0916088259451733	1.0425666080899672
496000000	1.083806121469181	1.0344154486279593
496500000	1.076033557393374	1.0263655661311266
497000000	1.0682982412155506	1.0184258983752914
497500000	1.060607348874937	1.0106054222750775
498000000	1.0529681220290272	1.0029131140886525
498500000	1.0453878648871664	0.9953579103672019
499000000	1.0378739405539117	0.9879486705779368
499500000	1.0304337668344654	0.9806941423712876
500000000	1.0230748114541284	0.973602930489498