1.0945362550047135e7	-8.318529558103923e-8	-4.235164736271502e-22	1.5944165100491388e-15	-2.100717252996378e-13
1.192347182494704e7	-8.16470574488995e-8	-2.0433161830054298e-7	1.5515603005368132e-15	-2.0746972896285474e-13
1.2901581099846946e7	-8.014793104718336e-8	-4.0534714143356225e-7	1.5153650405408656e-15	-2.0330694863556465e-13
1.3879690374746852e7	-7.867872190154212e-8	-6.015680518301305e-7	1.4912797522592147e-15	-1.9768325620129556e-13
1.4857799649646757e7	-7.722499582961861e-8	-7.916174181016902e-7	1.4845666774705295e-15	-1.907059411925184e-13
1.5835908924546663e7	-7.576726649184197e-8	-9.74225578050599e-7	1.500294477798348e-15	-1.8248656581312666e-13
1.681401819944657e7	-7.42811802495246e-8	-1.1482329641041715e-6	1.5433506503351771e-15	-1.731382792010994e-13
1.7792127474346474e7	-7.273767938312329e-8	-1.3125905501953006e-6	1.6184732957816732e-15	-1.6277364551951851e-13
1.877023674924638e7	-7.110312510297258e-8	-1.4663584343295685e-6	1.7303013245418735e-15	-1.515030040233276e-13
1.974834602414629e7	-6.933936319944271e-8	-1.6087030729884473e-6	1.8834411174426568e-15	-1.394333477690197e-13
2.0726455299046192e7	-6.740371766591264e-8	-1.738893657388364e-6	2.082546521587705e-15	-1.266676818442447e-13
2.1704564573946096e7	-6.524890130299866e-8	-1.856298073109451e-6	2.3324077416921867e-15	-1.1330480201045891e-13
2.2682673848846003e7	-6.282283744658177e-8	-1.960378819291607e-6	2.6380429826037435e-15	-9.943942019421256e-14
2.366078312374591e7	-6.006839407132526e-8	-2.0506891866526097e-6	3.004784303626791e-15	-8.51625538623538e-14
2.4638892398645815e7	-5.692304148370637e-8	-2.1268699097167893e-6	3.4383456201999715e-15	-7.05620914834161e-14
2.561700167354572e7	-5.3318459021396726e-8	-2.188646422115288e-6	3.9448555253008494e-15	-5.572344561401858e-14
2.6595110948445626e7	-4.9180136699341084e-8	-2.2358267585712696e-6	4.53082978701317e-15	-4.0730208398394587e-14
2.7573220223345533e7	-4.442704757697786e-8	-2.26830006697048e-6	5.203046962743629e-15	-2.5664731300632968e-14
2.855132949824544e7	-3.8971509888091015e-8	-2.286035622402034e-6	5.968274297060626e-15	-1.0608561628538454e-14
2.952943877314534e7	-3.271942007775662e-8	-2.2890821758092617e-6	6.8327686201105804e-15	4.357317273395497e-15
3.0507548048045248e7	-2.557112539514798e-8	-2.2775674262850162e-6	7.801447386463082e-15	1.9152477698070268e-14
3.1485657322945155e7	-1.7423324540905384e-8	-2.251697381004225e-6	8.876588699106291e-15	3.369728641295226e-14
3.2463766597845063e7	-8.172542177409929e-9	-2.211755362450286e-6	1.0055879939020306e-14	4.791338405959225e-14
3.3441875872744963e7	2.2790837945081493e-9	-2.1581004399297293e-6	1.132960336388589e-14	6.172437635581716e-14
3.441998514764487e7	1.4014752621066923e-8	-2.0911651008181635e-6	1.2676747933596841e-14	7.505668764082777e-14
3.539809442254478e7	2.708956279840222e-8	-2.011452034194395e-6	1.4059915923763447e-14	8.784050994988325e-14
3.6376203697444685e7	4.151152964651669e-8	-1.9195299713184683e-6	1.5419128104901582e-14	1.000107686196522e-13
3.7354312972344585e7	5.721622194567392e-8	-1.8160286079742427e-6	1.6665132282350577e-14	1.1150801989204822e-13
3.833242224724449e7	7.403516943305673e-8	-1.7016327160281635e-6	1.767370173098663e-14	1.2227919799278935e-13
3.93105315221444e7	9.166024888250914e-8	-1.5770756281570448e-6	1.828370041059801e-14	1.3227813881481214e-13
4.028864079704431e7	1.0960968929203995e-7	-1.4431323433914748e-6	1.8303136676785333e-14	1.414658238781212e-13
4.126675007194421e7	1.2720595646273741e-7	-1.300612545873665e-6	1.7528214242130623e-14	1.4981031010993238e-13
4.2244859346844114e7	1.435802513190559e-7	-1.1503538508420449e-6	1.577900364853388e-14	1.5728633603480198e-13
4.322296862174402e7	1.5771968668720737e-7	-9.932155884176367e-7	1.29500802956128e-14	1.6387462072465297e-13
4.420107789664393e7	1.6856724921072777e-7	-8.300734077800306e-7	9.065063226104054e-15	1.6956089591489266e-13
4.517918717154384e7	1.751687406691446e-7	-6.618149344975149e-7	4.314058863495604e-15	1.743347319884452e-13
4.6157296446443744e7	1.76838136379041e-7	-4.893366465615234e-7	-9.49545767009171e-16	1.7818823360998866e-13
4.7135405721343644e7	1.732943343266972e-7	-3.1354205558956567e-7	-6.264491724466354e-15	1.8111468992774723e-13
4.811351499624355e7	1.6472229140489944e-7	-1.3534119457922944e-7	-1.115654189687269e-14	1.831072674367081e-13
4.909162427114346e7	1.517356185023856e-7	4.4348671896693423e-8	-1.5238348631398097e-14	1.8415783139878036e-13
5.0069733546043366e7	1.3525480738214113e-7	2.2460128026794503e-7	-1.827688403600746e-14	1.8425597512500549e-13
5.1047842820943266e7	1.1634422184474162e-7	4.044787815098083e-7	-2.0209340360125327e-14	1.833883265947902e-13
5.202595209584317e7	9.605704868686362e-8	5.83028636079715e-7	-2.1113785850400823e-14	1.8153818992110143e-13
5.300406137074308e7	7.532231465280765e-8	7.592803405352176e-7	-2.115664804415085e-14	1.786855659521214e-13
5.398217064564299e7	5.488507360746398e-8	9.322423726810479e-7	-2.0539695012580017e-14	1.74807582386986e-13
5.496027992054289e7	3.5292658628060545e-8	1.1008997648011675e-6	-1.946024001284608e-14	1.698793493772442e-13
5.5938389195442796e7	1.6911571205944502e-8	1.2642127228711237e-6	-1.8088226939829208e-14	1.6387524156989922e-13
5.69164984703427e7	-4.050168250688382e-11	1.4211167028685345e-6	-1.6557463301723822e-14	1.5677059158498345e-13
5.789460774524261e7	-1.5459008538033368e-8	1.5705243322742796e-6	-1.4966058673594574e-14	1.4854376259332989e-13
5.887271702014252e7	-2.9319888054327344e-8	1.7113295240739324e-6	-1.3381540348573661e-14	1.391785486387288e-13
5.985082629504242e7	-4.1652873628617824e-8	1.8424140703100271e-6	-1.1847503013724908e-14	1.2866683056668077e-13
6.0828935569942325e7	-5.2521282600319826e-8	1.9626569209154633e-6	-1.0390018799521417e-14	1.170113932416667e-13
6.180704484484223e7	-6.200760850951543e-8	2.070946250209762e-6	-9.023021878882026e-15	1.0422878707887845e-13
6.278515411974214e7	-7.020378207183422e-8	2.166194288307055e-6	-7.752468468621282e-15	9.035209534117516e-14
6.376326339464204e7	-7.720493313065787e-8	2.247354749842094e-6	-6.57936395761393e-15	7.543345033626492e-14
6.474137266954195e7	-8.31056402537289e-8	2.313442532334116e-6	-5.5018593327660255e-15	5.954612927170556e-14
6.5719481944441855e7	-8.799786529598088e-8	2.363555188412872e-6	-4.516635055509364e-15	4.27860570179966e-14
6.669759121934176e7	-9.196997314169911e-8	2.396895510105346e-6	-3.619765195701432e-15	2.5272551204024498e-14
6.767570049424165e7	-9.510640714972501e-8	2.4127944120051936e-6	-2.8072166096227155e-15	7.14816714254832e-15
6.865380976914157e7	-9.748772364536959e-8	2.4107331776681633e-6	-2.0751006852565403e-15	-1.142246283563765e-14
6.963191904404147e7	-9.919078782920351e-8	2.3903640545867968e-6	-1.4197637532527707e-15	-3.025484944931561e-14
7.061002831894138e7	-1.0028900512401698e-7	2.3515281608016806e-6	-8.377776872419962e-16	-4.914791599919161e-14
7.158813759384128e7	-1.0085251269784981e-7	2.2942697104871263e-6	-3.258738050559239e-16	-6.788823593283448e-14
7.256624686874118e7	-1.0094829113751208e-7	2.218845681405859e-6	1.1915026696849737e-16	-8.625508390338993e-14
7.35443561436411e7	-1.0064018026420821e-7	2.1257302320364434e-6	5.005307802603542e-16	-1.0402607834663454e-13
7.4522465418541e7	-9.998879906701328e-8	2.015613421190133e-6	8.216320109700607e-16	-1.209831393572167e-13
7.550057469344091e7	-9.905138000544439e-8	1.889394071763981e-6	1.086026165025743e-15	-1.3691845127889648e-13
7.647868396834081e7	-9.788153416824117e-8	1.7481669309495177e-6	1.2975542938667283e-15	-1.5164010971595958e-13
7.745679324324071e7	-9.652896715290606e-8	1.593204586368197e-6	1.4603659240899934e-15	-1.6497714965908112e-13
7.843490251814061e7	-9.503916686959046e-8	1.4259348754227528e-6	1.578936866608563e-15	-1.767836939545206e-13
7.941301179304053e7	-9.34530843275478e-8	1.2479147504865381e-6	1.6580659762713818e-15	-1.8694202518738783e-13
8.039112106794043e7	-9.180682719491102e-8	1.0608017176938092e-6	1.7028526439566056e-15	-1.9536446244918637e-13
8.136923034284034e7	-9.013138376541492e-8	8.663240417656724e-7	1.71865762418855e-15	-2.0199400915932704e-13
8.234733961774024e7	-8.845239207466336e-8	6.662509015621554e-7	1.711050486077949e-15	-2.0680382054596496e-13
8.332544889264014e7	-8.678996540805431e-8	4.6236359697839133e-7	1.685747535986592e-15	-2.0979561187225202e-13
8.430355816754006e7	-8.515858146080945e-8	2.564287601916657e-7	1.6485444787978864e-15	-2.1099718514580543e-13
8.528166744243996e7	-8.356703810274851e-8	5.017433051035833e-8	1.6052483267982298e-15	-2.1045928938122102e-13
8.625977671733986e7	-8.201847425696841e-8	-1.547311682517822e-7	1.561613095117717e-15	-2.0825204652703357e-13
8.723788599223977e7	-8.05104500432075e-8	-3.5669573647333737e-7	1.5232836161974565e-15	-2.0446117321438377e-13
8.821599526713967e7	-7.903507629827409e-8	-5.542172995898215e-7	1.4957513594268149e-15	-1.9918421055634207e-13
8.919410454203959e7	-7.757918009376901e-8	-7.458935010024356e-7	1.4843254769246605e-15	-1.925269443901047e-13
9.017221381693949e7	-7.612449012013675e-8	-9.30428147486474e-7	1.4941214551003426e-15	-1.8460016103029242e-13
9.115032309183939e7	-7.464782394143481e-8	-1.1066346896945955e-6	1.530068789936362e-15	-1.755168429814701e-13
9.21284323667393e7	-7.312125823684228e-8	-1.2734372026242574e-6	1.5969380779772735e-15	-1.6538986868606972e-13
9.31065416416392e7	-7.151226327370428e-8	-1.4298693749535992e-6	1.6993868658851256e-15	-1.5433024293143837e-13
9.408465091653912e7	-6.978378401738564e-8	-1.5750720257279723e-6	1.842022539260379e-15	-1.4244585175421344e-13
9.506276019143902e7	-6.789425250155756e-8	-1.7082896470727115e-6	2.029479419654114e-15	-1.2984070847134132e-13
9.604086946633892e7	-6.579751944996618e-8	-1.8288664280374877e-6	2.266505978379359e-15	-1.166146360810217e-13
9.701897874123883e7	-6.344269788242256e-8	-1.9362421529664707e-6	2.5580564886504505e-15	-1.0286331551040644e-13
9.799708801613873e7	-6.077391800018074e-8	-2.029948293229916e-6	2.9093792458156345e-15	-8.867861859955067e-14
9.897519729103863e7	-5.773000180647865e-8	-2.1096045285673054e-6	3.3260902850360682e-15	-7.414913880541753e-14
9.995330656593855e7	-5.4244078924423586e-8	-2.174915848040142e-6	3.8142167532328235e-15	-5.936083095840656e-14
1.0093141584083845e8	-5.024318381888136e-8	-2.2256702946820133e-6	4.38018698645083e-15	-4.43976737146881e-14
1.0190952511573836e8	-4.5647901858367947e-8	-2.2617373361511448e-6	5.0307339151771416e-15	-2.934227446381685e-14
1.0288763439063826e8	-4.037217119464797e-8	-2.2830667697199728e-6	5.77266345532233e-15	-1.427634629353851e-14
1.0386574366553816e8	-3.4323404378355256e-8	-2.2896880073759108e-6	6.61241871222974e-15	7.189999213365518e-16
1.0484385294043808e8	-2.7403174287739742e-8	-2.281709539094961e-6	7.555343025063202e-15	1.5563188406648935e-14
1.0582196221533798e8	-1.950882030843228e-8	-2.2593183425458077e-6	8.604510049536795e-15	3.017635678465481e-14
1.0680007149023789e8	-1.0536478648981485e-8	-2.2227789979537206e-6	9.75894991711912e-15	4.4479778602746844e-14
1.0777818076513779e8	-3.862258665484722e-10	-2.172432278892049e-6	1.1011065715899642e-14	5.839650667680138e-14
1.0875629004003769e8	1.1029765815811997e-8	-2.1086930232132855e-6	1.2343024333605841e-14	7.185219260368367e-14
1.097343993149376e8	2.3774970585961326e-8	-2.0320471412841156e-6	1.3721960052010997e-14	8.477601945255608e-14
1.107125085898375e8	3.7870977016021375e-8	-1.943047687409465e-6	1.509401742294391e-14	9.710167104388627e-14
1.116906178647374e8	5.3273719954637456e-8	-1.8423099993673701e-6	1.6377684818784434e-14	1.0876825396027702e-13
1.1266872713963732e8	6.984330431571471e-8	-1.730505993561893e-6	1.745765060783976e-14	1.1972108855992428e-13
1.1364683641453722e8	8.73090074549272e-8	-1.6083577819889243e-6	1.8181612894468796e-14	1.2991229308919519e-13
1.1462494568943714e8	1.0523413269471459e-7	-1.4766308446653152e-6	1.83639297846076e-14	1.3930109996740318e-13
1.1560305496433704e8	1.2298978403766237e-7	-1.3361270410120422e-6	1.7801058701930806e-14	1.478538640690536e-13
1.1658116423923694e8	1.3975135115808226e-7	-1.1876777712089194e-6	1.6303046709855152e-14	1.5554374732136684e-13
1.1755927351413685e8	1.5453395498336665e-7	-1.0321376012571128e-6	1.3741124814501888e-14	1.6235008975117384e-13
1.1853738278903675e8	1.6627929302552564e-7	-8.703786433161308e-7	1.0102905488945804e-14	1.682575017955595e-13
1.1951549206393665e8	1.7399284631427086e-7	-7.032859380314543e-7	5.536280125059456e-15	1.7325473406388146e-13
1.2049360133883657e8	1.7690858775863696e-7	-5.317540221175292e-7	3.5792446098883023e-16	1.773333971873967e-13
1.2147171061373647e8	1.746374613536023e-7	-3.5668478773089487e-7	-4.989517036006946e-15	1.80486615005559e-13
1.2244981988863638e8	1.6725035932338283e-7	-1.7898665601332106e-7	-1.0025262667263156e-14	1.827076989343031e-13
1.2342792916353628e8	1.552648970876945e-7	4.249986863968263e-10	-1.4332794671767147e-14	1.8398893039534794e-13
1.2440603843843618e8	1.3954102626764153e-7	1.8062631996576165e-7	-1.763792756546886e-14	1.8432053256293874e-13
1.253841477133361e8	1.2112335408994503e-7	3.606825571947002e-7	-1.9837609621081495e-14	1.8368990353767512e-13
1.26362256988236e8	1.0108018069350106e-7	5.396450563534419e-7	-2.0979922340874705e-14	1.820811715198924e-13
1.2734036626313591e8	8.03783568240167e-8	7.165479932063334e-7	-2.1214921513259722e-14	1.794751195771623e-13
1.2831847553803581e8	5.981061584254034e-8	8.904052279998142e-7	-2.074005771797686e-14	1.7584951382496787e-13
1.2929658481293571e8	3.9971858943967513e-8	1.0602076870036368e-6	-1.9756475809799618e-14	1.7117985455375382e-13
1.3027469408783562e8	2.1270098524820062e-8	1.2249216881159906e-6	-1.844206759921413e-14	1.6544055499331087e-13
1.3125280336273552e8	3.9560288175302965e-9	1.3834886247519897e-6	-1.6939683088609756e-14	1.5860653671168316e-13
1.3223091263763542e8	-1.1841397857567821e-8	1.534826403299584e-6	-1.5355783444093884e-14	1.5065521368806582e-13
1.3320902191253534e8	-2.6081195887539187e-8	1.6778329931312215e-6	-1.376476307506157e-14	1.4156881851010596e-13
1.3418713118743524e8	-3.8782081451164164e-8	1.81139239281023e-6	-1.2215435715654342e-14	1.3133700377905355e-13
1.3516524046233517e8	-5.0000711966229325e-8	1.934383240070714e-6	-1.073760588502529e-14	1.199596299051559e-13
1.3614334973723507e8	-5.981595922755395e-8	2.045690195209605e-6	-9.34773854382567e-15	1.0744962781700088e-13
1.3712145901213497e8	-6.831814234008405e-8	2.144218107599587e-6	-8.05341668514422e-15	9.383580309139346e-14
1.3809956828703487e8	-7.560203659481432e-8	2.2289088346854805e-6	-6.856628300898827e-15	7.916542866834895e-14
1.3907767756193477e8	-8.17625984489008e-8	2.2987604259013386e-6	-5.756069356751148e-15	6.35064592236272e-14
1.400557868368347e8	-8.689255165119758e-8	2.352848216981027e-6	-4.748682385932606e-15	4.6949194328813045e-14
1.410338961117346e8	-9.108118773357836e-8	2.390347212529699e-6	-3.830631637715168e-15	2.960722261741508e-14
1.420120053866345e8	-9.441391332007728e-8	2.4105549785044367e-6	-2.9978791041016723e-15	1.1617497704747738e-14
1.429901146615344e8	-9.697221852924068e-8	2.4129141353648793e-6	-2.246487601723545e-15	-6.86056999441849e-15
1.439682239364343e8	-9.883384746487954e-8	2.3970334517527624e-6	-1.5727440392704692e-15	-2.5647073196342563e-14
1.449463332113342e8	-1.0007302950098351e-7	2.362706501361206e-6	-9.731697800612257e-16	-4.4544625956127355e-14
1.459244424862341e8	-1.0076068534217273e-7	2.3099268730332648e-6	-4.444651972849124e-16	-6.334237657050664e-14
1.4690255176113403e8	-1.0096456041605677e-7	2.2388990222037524e-6	1.6579025705804248e-17	-8.18208782387765e-14
1.4788066103603393e8	-1.0074926457653132e-7	2.1500440203580728e-6	4.1318179372266815e-16	-9.975761102328459e-14
1.4885877031093383e8	-1.0017621479724126e-7	2.04399969077981e-6	7.486681355468171e-16	-1.1693289052144972e-13
1.4983687958583373e8	-9.930348902675863e-8	1.921614898840724e-6	1.0265531336481943e-15	-1.3313585891577888e-13
1.5081498886073363e8	-9.818560647320665e-8	1.7839380726862454e-6	1.2506077643644669e-15	-1.481702380416106e-13
1.5179309813563356e8	-9.687325357317959e-8	1.6322003405960888e-6	1.4249038279047884e-15	-1.6185953456758742e-13
1.5277120741053346e8	-9.541297667623344e-8	1.4677939585617172e-6	1.5538370535859165e-15	-1.7405142396566493e-13
1.5374931668543336e8	-9.384686265335591e-8	1.2922469416407821e-6	1.6421288651223398e-15	-1.8462109913239563e-13
1.5472742596033326e8	-9.22122276186445e-8	1.1071949861693731e-6	1.6948083619313833e-15	-1.934734450945239e-13
1.5570553523523316e8	-9.054133199685983e-8	9.14351864717295e-7	1.7171769330587373e-15	-2.0054398519332273e-13
1.566836445101331e8	-8.886113744552979e-8	7.154794877637891e-7	1.7147586357868765e-15	-2.0579862789094053e-13
1.57661753785033e8	-8.719311777728654e-8	5.123587596648996e-7	1.6932400626023193e-15	-2.0923231887518807e-13
1.586398630599329e8	-8.555313215080912e-8	3.067622229057507e-7	1.6584038761309445e-15	-2.1086676407106202e-13
1.596179723348328e8	-8.395136455431299e-8	1.0042930036896068e-7	1.616060480282468e-15	-2.1074743139672118e-13
1.605960816097327e8	-8.239232917573549e-8	-1.049552703265113e-7	1.5719823804205135e-15	-2.0894006105302955e-13
1.615741908846326e8	-8.087493685315765e-8	-3.0777944382566433e-7	1.5318456377902914e-15	-2.0552691659223664e-13
1.6255230015953252e8	-7.939261366093618e-8	-5.065181701437489e-7	1.5011824346213101e-15	-2.0060299463305326e-13
1.6353040943443242e8	-7.793345904209665e-8	-6.997440492537464e-7	1.4853481513312443e-15	-1.9427238375272643e-13
1.6450851870933232e8	-7.648042795006502e-8	-8.861345618502586e-7	1.489505554061633e-15	-1.8664492718556228e-13
1.6548662798423222e8	-7.501151937149007e-8	-1.0644762327677578e-6	1.5186277530367638e-15	-1.7783330378452937e-13
1.6646473725913212e8	-7.349995246999616e-8	-1.2336661754832882e-6	1.5775205773254668e-15	-1.6795060098827583e-13
1.6744284653403205e8	-7.191431146951352e-8	-1.3927115192153803e-6	1.6708639657277831e-15	-1.5710841517533423e-13
1.6842095580893195e8	-7.02186413034392e-8	-1.5407272376828004e-6	1.803270915853767e-15	-1.454154807497312e-13
1.6939906508383185e8	-6.837247801126424e-8	-1.6769328854405932e-6	1.9793614402628327e-15	-1.32976800688274e-13
1.7037717435873175e8	-6.633080093708219e-8	-1.8006487094119741e-6	2.203847767547928e-15	-1.198932284785026e-13
1.7135528363363165e8	-6.404389815976341e-8	-1.9112915454449883e-6	2.4816255403125365e-15	-1.0626143427380365e-13
1.7233339290853158e8	-6.145714264588183e-8	-2.0083708378346e-6	2.8178637496656852e-15	-9.217417628768455e-14
1.7331150218343148e8	-5.8510685048819454e-8	-2.091485038705415e-6	3.21808323675291e-15	-7.772079144505768e-14
1.7428961145833138e8	-5.513908099910132e-8	-2.1603185584120304e-6	3.688209264823595e-15	-6.298781665176998e-14
1.7526772073323128e8	-5.1270887858832146e-8	-2.2146393517642097e-6	4.2345772110355274e-15	-4.805965340692587e-14
1.7624583000813118e8	-4.682829076456896e-8	-2.2542971417528165e-6	4.8638609132895294e-15	-3.301919367922209e-14
1.772239392830311e8	-4.1726853901963725e-8	-2.2792222062401313e-6	5.582879470686884e-15	-1.794833390850603e-14
1.78202048557931e8	-3.587554511213837e-8	-2.2894245874084075e-6	6.3982190162430044e-15	-2.9283165905471193e-15
1.791801578328309e8	-2.9177256166165794e-8	-2.284993532124727e-6	7.315579946413461e-15	1.1960145049564395e-14
1.801582671077308e8	-2.1530144283990597e-8	-2.2660969369561593e-6	8.33872687435569e-15	2.6636984745033167e-14
1.811363763826307e8	-1.2830259134665523e-8	-2.232980556927707e-6	9.46787997069673e-15	4.1023147446963256e-14
1.821144856575306e8	-2.976096138311695e-9	-2.1859667438464295e-6	1.0697349191125583e-14	5.504118213839633e-14
1.8309259493243054e8	8.124077126643757e-9	-2.125452508342302e-6	1.2012193917279026e-14	6.861602354313093e-14
1.8407070420733044e8	2.0541071971871397e-8	-2.0519067482443416e-6	1.338372402172714e-14	8.167590384552742e-14
1.8504881348223034e8	3.430863708409267e-8	-1.9658665512266457e-6	1.4763805621178092e-14	9.415332061764756e-14
1.8602692275713024e8	4.9401270920209666e-8	-1.86793255676158e-6	1.6078290878728685e-14	1.0598597821757188e-13
1.8700503203203014e8	6.570554982848549e-8	-1.7587634448109074e-6	1.7220575095805212e-14	1.1711761818657264e-13
1.8798314130693007e8	8.298601810117098e-8	-1.6390696990181066e-6	1.8047383671927637e-14	1.27498660137504e-13
1.8896125058182997e8	1.0084942709185542e-7	-1.5096068630003883e-6	1.838032121148348e-14	1.3708658795585717e-13
1.8993935985672987e8	1.187152301590013e-7	-1.3711685629843075e-6	1.801796971658753e-14	1.4584603564460575e-13
1.9091746913162977e8	1.35805050825997e-7	-1.2245796033196756e-6	1.6763223273978107e-14	1.5374855093772257e-13
1.9189557840652966e8	1.5116718545767964e-7	-1.0706894502775344e-6	1.4467344653142614e-14	1.607720405316566e-13
1.928736876814296e8	1.6375031468884705e-7	-9.103664033186911e-7	1.1084673578637839e-14	1.6689992595786612e-13
1.938517969563295e8	1.725296151307912e-7	-7.444927133878835e-7	6.721477063144042e-15	1.7212006147336583e-13
1.948299062312294e8	1.76668140269655e-7	-5.739608484201895e-7	1.655143948164166e-15	1.7642348310867914e-13
1.958080155061293e8	1.7567397369290738e-7	-3.9967103222379427e-7	-3.695675852829521e-15	1.79803070092885e-13
1.967861247810292e8	1.6950313030965492e-7	-2.2253010001753434e-7	-8.849947690190158e-15	1.8225220591933487e-13
1.9776423405592912e8	1.5857082645374385e-7	-4.345162795238866e-8	-1.336675388143201e-14	1.8376352663641986e-13
1.9874234333082902e8	1.4366684046368544e-7	1.3664278983595798e-7	-1.6932458313344796e-14	1.843278393614004e-13
1.9972045260572892e8	1.2580625387643703e-7	3.1682132043438213e-7	-1.9402472663468323e-14	1.839332856202582e-13
2.0069856188062882e8	1.060649570133923e-7	4.961389991472854e-7	-2.0791847801543256e-14	1.825648130652963e-13
2.0167667115552872e8	8.544332286692988e-8	6.736344918574443e-7	-2.1230942055797567e-14	1.802040064233589e-13
2.0265478043042865e8	6.478042547571802e-8	8.483268834631824e-7	-2.0910262652836123e-14	1.7682931490637687e-13
2.0363288970532855e8	4.4719463297824596e-8	1.0192128926284727e-6	-2.0033192663390367e-14	1.7241669914708452e-13
2.0461099898022845e8	2.5711779044428487e-8	1.1852649285068325e-6	-1.8784894117036375e-14	1.6694070603584736e-13
2.0558910825512835e8	8.043227309207524e-9	1.3454304058133252e-6	-1.73172023417351e-14	1.603759643846074e-13
2.0656721753002825e8	-8.13081229248817e-9	1.49863271968897e-6	-1.5745203694376376e-14	1.5269907773309564e-13
2.0754532680492815e8	-2.2750743835491293e-8	1.6437742498902229e-6	-1.4150555163203161e-14	1.438908724462981e-13
2.0852343607982808e8	-3.5822973942936304e-8	1.7797417132962312e-6	-1.2587684958834012e-14	1.3393893931404717e-13
2.0950154535472798e8	-4.7396569443404995e-8	1.9054141128542407e-6	-1.1090468658946004e-14	1.2284038528756233e-13
2.1047965462962788e8	-5.754614525091989e-8	2.0196734385417423e-6	-9.678166983773388e-15	1.1060468940955395e-13
2.1145776390452778e8	-6.63599977764314e-8	2.1214181612886776e-6	-8.360184387089099e-15	9.725653465692002e-14
2.1243587317942768e8	-7.393229732106844e-8	2.209579425178863e-6	-7.139627469508181e-15	8.283846720102863e-14
2.134139824543276e8	-8.035823756923341e-8	2.2831396898741834e-6	-6.015827796574824e-15	6.74132189578821e-14
2.143920917292275e8	-8.573123493320598e-8	2.3411534099324024e-6	-4.986047241702884e-15	5.1065521096565065e-14
2.153702010041274e8	-9.014148214852871e-8	2.3827691692229507e-6	-4.046573930203308e-15	3.390323832314564e-14
2.163483102790273e8	-9.367534822765106e-8	2.4072525284193342e-6	-3.193382597361665e-15	1.6057668829665452e-14
2.173264195539272e8	-9.641526787432003e-8	2.414008705130514e-6	-2.4224945164771965e-15	-2.3171154920625448e-15
2.1830452882882714e8	-9.843987825135928e-8	2.402604104244965e-6	-1.730137574545704e-15	-2.1045969275501586e-14
2.1928263810372704e8	-9.98242451613774e-8	2.3727856646176544e-6	-1.1127791754668976e-15	-3.9935436794611795e-14
2.2026074737862694e8	-1.0064008087706525e-7	2.32449699907836e-6	-5.670833678603476e-16	-5.87775320372864e-14
2.2123885665352684e8	-1.0095589804148476e-7	2.2578903853237857e-6	-8.982788015248613e-17	-7.73544166278618e-14
2.2221696592842674e8	-1.0083707308993014e-7	2.173333817023285e-6	3.221946332486807e-16	-9.544378533760278e-14
2.2319507520332667e8	-1.0034581220988743e-7	2.071412541773767e-6	6.722749736545361e-16	-1.1282470732818312e-13
2.2417318447822657e8	-9.954102567173104e-8	1.952924782426964e-6	9.638750311835001e-16	-1.2928362647010778e-13
2.2515129375312647e8	-9.847812439525588e-8	1.8188716413499174e-6	1.2006983849931192e-15	-1.446202018992854e-13
2.2612940302802637e8	-9.72087572669647e-8	1.6704414993193056e-6	1.3867404815304283e-15	-1.5865267387845264e-13
2.2710751230292627e8	-9.578050997285224e-8	1.50898951600903e-6	1.526317066194063e-15	-1.7122247044625637e-13
2.2808562157782617e8	-9.423658663474735e-8	1.3360130925785193e-6	1.6240710478448825e-15	-1.8219782449038286e-13
2.290637308527261e8	-9.261549478254606e-8	1.1531243480364345e-6	1.6849591137950122e-15	-1.9147624314279332e-13
2.30041840127626e8	-9.095075244855457e-8	9.620207757542616e-7	1.7142203169999517e-15	-1.9898575410066132e-13
2.310199494025259e8	-8.927063362068356e-8	7.644552786880896e-7	1.7173296045663047e-15	-2.0468493805747976e-13
2.319980586774258e8	-8.759796507301257e-8	5.622067338118494e-7	1.6999398785435371e-15	-2.0856183463119854e-13
2.329761679523257e8	-8.594998382801494e-8	3.5705211771175457e-7	1.667816671404202e-15	-2.1063187414309203e-13
2.3395427722722563e8	-8.433826033448202e-8	1.5074105168243161e-7	1.6267698515021316e-15	-2.1093503463494158e-13
2.3493238650212553e8	-8.276868804194027e-8	-5.5026585182760154e-8	1.5825869112850194e-15	-2.0953245042226959e-13
2.3591049577702543e8	-8.124153562348712e-8	-2.58619552750833e-7	1.5409723017847194e-15	-2.0650270550991082e-13
2.3688860505192533e8	-7.975155387510163e-8	-4.5849045864127027e-7	1.5074969465054634e-15	-2.0193803460192665e-13
2.3786671432682523e8	-7.8288125534014e-8	-6.531872880422386e-7	1.4875615053111823e-15	-1.9594062986571835e-13
2.3884482360172516e8	-7.68354431244834e-8	-8.413614412331538e-7	1.4863761971115862e-15	-1.886192173895316e-13
2.3982293287662506e8	-7.537269762744929e-8	-1.0217726067885818e-6	1.5089590798457824e-15	-1.8008602777027204e-13
2.4080104215152496e8	-7.387425939802413e-8	-1.193290900129578e-6	1.5601536852236772e-15	-1.704542443846218e-13
2.4177915142642486e8	-7.230983238456527e-8	-1.3548967594209141e-6	1.6446658643066095e-15	-1.5983597374465856e-13
2.4275726070132476e8	-7.064456335868515e-8	-1.5056791166283844e-6	1.7671186455200193e-15	-1.483407471143538e-13
2.437353699762247e8	-6.883908956182037e-8	-1.6448323553986942e-6	1.9321228272470693e-15	-1.3607453256645235e-13
2.447134792511246e8	-6.684951096275078e-8	-1.771652534734942e-6	2.144359856236858e-15	-1.231392124349088e-13
2.456915885260245e8	-6.462727735184794e-8	-1.885533303894242e-6	2.4086721434169567e-15	-1.0963246265477225e-13
2.466696978009244e8	-6.211898609816296e-8	-1.9859618650108164e-6	2.730154113923825e-15	-9.56479574294577e-14
2.476478070758243e8	-5.926609416532673e-8	-2.072515260707356e-6	3.1142346395263526e-15	-8.127581453540928e-14
2.4862591635072422e8	-5.6004558920311616e-8	-2.144857178974777e-6	3.566737578072428e-15	-6.660319289271993e-14
2.4960402562562412e8	-5.226443792900225e-8	-2.2027353810402222e-6	4.0939012862438304e-15	-5.171495443515973e-14
2.5058213490052402e8	-4.796950061601934e-8	-2.2459797736810043e-6	4.702329303196045e-15	-3.669430658532376e-14
2.5156024417542392e8	-4.303693764606109e-8	-2.274501069205856e-6	5.39883181437806e-15	-2.162334967360953e-14
2.5253835345032382e8	-3.737730161771993e-8	-2.288289907753418e-6	6.190099700281983e-15	-6.583465356632323e-15
2.5351646272522372e8	-3.0894880892749355e-8	-2.287416261189456e-6	7.082128674777474e-15	8.344502673349097e-15
2.5449457200012365e8	-2.3488803899636482e-8	-2.2720288989951905e-6	8.079279506250841e-15	2.3080306023364084e-14
2.5547268127502355e8	-1.5055300805136293e-8	-2.2423546768807963e-6	9.182822652015252e-15	3.754459651535629e-14
2.5645079054992345e8	-5.491716977502332e-9	-2.1986974102961608e-6	1.0388777061951771e-14	5.165946609937521e-14
2.5742889982482335e8	5.296926723793181e-9	-2.141436118135403e-6	1.168482715873189e-14	6.534918723410121e-14
2.5840700909972325e8	1.7387823297474487e-8	-2.071022465719088e-6	1.3046118231708764e-14	7.854109921459086e-14
2.5938511837462318e8	3.082556364549033e-8	-1.9879772977464774e-6	1.442984253426903e-14	9.116656978958103e-14
2.6036322764952308e8	4.560149936881063e-8	-1.8928862266898121e-6	1.5768823013083207e-14	1.0316195088357807e-13
2.6134133692442298e8	6.162663149018892e-8	-1.7863943238621392e-6	1.6964894656234915e-14	1.1446944367056276e-13
2.6231944619932288e8	7.869860666347223e-8	-1.669200041922488e-6	1.788387926719497e-14	1.2503779232988725e-13
2.6329755547422278e8	9.64658082823784e-8	-1.5420485713933438e-6	1.8355324172343517e-14	1.3482273742541118e-13
2.642756647491227e8	1.143953342077015e-7	-1.4057248929072469e-6	1.8181552886888036e-14	1.4378717800198372e-13
2.652537740240226e8	1.3175642803926715e-7	-1.2610468257694771e-6	1.7160954530311543e-14	1.5190101444674594e-13
2.662318832989225e8	1.476349270003388e-7	-1.108858388407615e-6	1.5128158101181428e-14	1.5914066964593753e-13
2.672099925738224e8	1.6099407807719182e-7	-9.500237761116526e-7	1.2007256493857935e-14	1.6548831149880447e-13
2.681881018487223e8	1.707885495188658e-7	-7.854222272774528e-7	7.864135839010107e-15	1.709308230783986e-13
2.6916621112362224e8	1.761200772996674e-7	-6.159439943863915e-7	2.9351255085267392e-15	1.7545858574012744e-13
2.7014432039852214e8	1.7640019735465856e-7	-4.424875649873374e-7	-2.389939795214224e-15	1.7906415400595356e-13
2.7112242967342204e8	1.7147073971060182e-7	-2.659581966784565e-7	-7.636070406545058e-15	1.817409085630939e-13
2.7210053894832194e8	1.616393261380647e-7	-8.726774437179482e-8	-1.2343287093722758e-14	1.8348177537358007e-13
2.7307864822322184e8	1.476164318349595e-7	9.266432662209949e-8	-1.6161013555909836e-14	1.8427809540738306e-13
2.7405675749812174e8	1.3037761077586505e-7	2.729089273971162e-7	-1.8902478901624387e-14	1.841187219380032e-13
2.750348667730217e8	1.1099812606519106e-7	4.525245881598842e-7	-2.0546943779073823e-14	1.8298941183482044e-13
2.760129760479216e8	9.050677073028125e-8	6.305542719035074e-7	-2.120169623084831e-14	1.8087256491017515e-13
2.769910853228215e8	6.978696685963011e-8	8.060221204694017e-7	-2.1047449786268583e-14	1.7774735193458535e-13
2.779691945977214e8	4.953052899735244e-8	9.779305273122747e-7	-2.028797889407465e-14	1.7359025788307722e-13
2.789473038726213e8	3.023376448529734e-8	1.1452579501953205e-6	-1.9114839101450387e-14	1.6837605242887125e-13
2.799254131475212e8	1.2219813489609769e-8	1.3069578814165303e-6	-1.7688671425688543e-14	1.6207918447015017e-13
2.809035224224211e8	-4.32743196450855e-9	1.4619593821605714e-6	-1.6133403139146436e-14	1.5467558118735266e-13
2.8188163169732106e8	-1.9327986958513225e-8	1.6091695599457817e-6	-1.453833384108839e-14	1.4614481437144433e-13
2.8285974097222096e8	-3.2774560926723375e-8	1.7474783223004129e-6	-1.2963908928423076e-14	1.364725772616195e-13
2.8383785024712086e8	-4.470761663297504e-8	1.8757656740366334e-6	-1.1448430253561787e-14	1.2565339391715828e-13
2.8481595952202076e8	-5.519681158225157e-8	1.992911738318794e-6	-1.0014237455503976e-14	1.136934607242591e-13
2.8579406879692066e8	-6.432796002921829e-8	2.0978095724444022e-6	-8.672767378774092e-15	1.0061349709291945e-13
2.8677217807182056e8	-7.219434284982657e-8	2.1893807185450258e-6	-7.428394321956115e-15	8.645146146003716e-14
2.8775028734672046e8	-7.889122750508611e-8	2.266593279935555e-6	-6.281185958562847e-15	7.126497171258727e-14
2.8872839662162036e8	-8.451263933484557e-8	2.328482150777049e-6	-5.228787913725921e-15	5.5133258855384966e-14
2.8970650589652026e8	-8.914963820930307e-8	2.374170858075344e-6	-4.267650861893018e-15	3.815848211245839e-14
2.9068461517142016e8	-9.28895500583897e-8	2.402894311616705e-6	-3.393783237549649e-15	2.046624537106694e-14
2.9166272444632006e8	-9.581576303270258e-8	2.414021612374774e-6	-2.603173962520011e-15	2.2051809241855416e-15
2.9264083372122e8	-9.800782126007167e-8	2.4070779576963557e-6	-1.891993623992726e-15	-1.6454492433737215e-14
2.936189429961199e8	-9.95416401869492e-8	2.3817646165931435e-6	-1.2566529511619813e-15	-3.5323474719115006e-14
2.945970522710198e8	-1.0048973293142987e-7	2.337975943235026e-6	-6.937746191115422e-16	-5.419692490567929e-14
2.955751615459197e8	-1.0092138315501932e-7	2.2758124599264896e-6	-2.0011745016065904e-16	-7.285893474063733e-14
2.965532708208196e8	-1.0090273181847373e-7	2.1955891754868817e-6	2.2752024451946814e-16	-9.108776273708774e-14
2.975313800957195e8	-1.0049676677734871e-7	2.097838507193798e-6	5.924002827471463e-16	-1.0866159022667979e-13
2.985094893706194e8	-9.97632184289028e-8	1.9833074330778846e-6	8.979355792917437e-16	-1.2536451184766758e-13
2.994875986455193e8	-9.875837367344462e-8	1.8529487983883172e-6	1.1477653082758094e-15	-1.4099244472171476e-13
3.004657079204192e8	-9.753482582369057e-8	1.7079070123405045e-6	1.3458102534080685e-15	-1.5535863795104128e-13
3.014438171953191e8	-9.61411808586479e-8	1.5494986730209587e-6	1.49630657841855e-15	-1.6829848815099668e-13
3.024219264702191e8	-9.462174131434777e-8	1.3791889241605264e-6	1.6038178702663146e-15	-1.7967341551650223e-13
3.03400035745119e8	-9.301618862838777e-8	1.1985645554552318e-6	1.6732265207376834e-15	-1.8937362341124782e-13
3.043781450200189e8	-9.135928323049092e-8	1.0093049923475869e-6	1.7097064641716966e-15	-1.9731964540248294e-13
3.053562542949188e8	-8.968059930412956e-8	8.131523735981503e-7	1.7186800701735255e-15	-2.034626685807058e-13
3.063343635698187e8	-8.800430807799473e-8	6.118818858585573e-7	1.705762641924919e-15	-2.0778370246354257e-13
3.073124728447186e8	-8.634901986317885e-8	4.0727342186112815e-7	1.6766984958949837e-15	-2.102917315036759e-13
3.082905821196185e8	-8.472769096619089e-8	2.0108546701294497e-7	1.6372929736343777e-15	-2.1102104092908277e-13
3.092686913945184e8	-8.314759724358328e-8	-4.968083649442506e-9	1.5933449248115948e-15	-2.1002793752916906e-13
3.102468006694183e8	-8.161037162070886e-8	-2.0923770028918553e-7	1.5505841688419911e-15	-2.0738709873849002e-13
3.112249099443182e8	-8.011209860141079e-8	-4.10154333420699e-7	1.5146181710027125e-15	-2.031877767797772e-13
3.122030192192181e8	-7.864345488224116e-8	-6.062418302371931e-7	1.4908916608634617e-15	-1.9753006308108242e-13
3.1318112849411803e8	-7.718988187402066e-8	-7.961257985977605e-7	1.4846622035287087e-15	-1.9052138590392772e-13
3.1415923776901793e8	-7.573177340808355e-8	-9.78539215773104e-7	1.5009938548315114e-15	-1.822733755212443e-13
3.1513734704391783e8	-7.424466029515465e-8	-1.1523251904978865e-6	1.5447700475264267e-15	-1.7289919041619626e-13
3.1611545631881773e8	-7.269937278678326e-8	-1.3164373586326972e-6	1.6207258203251807e-15	-1.6251135816048458e-13
3.1709356559371763e8	-7.106216239356765e-8	-1.4699384270951907e-6	1.7334984496629838e-15	-1.512201482953549e-13
3.1807167486861753e8	-6.929476595435145e-8	-1.6119973818862676e-6	1.887694474509691e-15	-1.3913246319020482e-13
3.1904978414351743e8	-6.735439736390118e-8	-1.7418858492994558e-6	2.087969965608908e-15	-1.263512072045642e-13
3.2002789341841733e8	-6.519365607294192e-8	-1.8589740504242098e-6	2.339119563809984e-15	-1.129750746334256e-13
3.2100600269331723e8	-6.27603466489769e-8	-1.962726723397533e-6	2.6461680949075393e-15	-9.909868258660526e-14
3.2198411196821713e8	-5.999721085239223e-8	-2.0526993106944803e-6	3.014456151779688e-15	-8.48129656684939e-14
3.229622212431171e8	-5.684158372843918e-8	-2.128534624768351e-6	3.4497074754518464e-15	-7.020574459656675e-14
3.23940330518017e8	-5.322499954358896e-8	-2.1899601188103015e-6	3.958060652325229e-15	-5.53623803306269e-14
3.249184397929169e8	-4.907279410401235e-8	-2.236785804227178e-6	4.546039755123564e-15	-4.0366428626635354e-14
3.258965490678168e8	-4.4303780099233146e-8	-2.268902776391801e-6	5.2204270372312245e-15	-2.5300217050977286e-14
3.268746583427167e8	-3.8830115767536163e-8	-2.2862822389590075e-6	5.987984382471607e-15	-1.0245277318854702e-14
3.278527676176166e8	-3.255754981561937e-8	-2.2889748581352543e-6	6.854947598329017e-15	4.717419777199259e-15
3.288308768925165e8	-2.538631373089693e-8	-2.2771102351012765e-6	7.826187887715957e-15	1.950746192352213e-14
3.298089861674164e8	-1.7213053334870542e-8	-2.2508962602249854e-6	8.903898404203848e-15	3.4045240107478533e-14
3.307870954423163e8	-7.934349663049439e-9	-2.2106181088833708e-6	1.008562459645712e-14	4.825243356572126e-14
3.317652047172162e8	2.5474269135762565e-9	-2.156636656574758e-6	1.1361426213280493e-14	6.205270557367132e-14
3.327433139921161e8	1.4314974778469774e-8	-2.0893861299391802e-6	1.2709960975877444e-14	7.537256014966571e-14
3.3372142326701605e8	2.7422502358058062e-8	-2.009370867928851e-6	1.4093361942897068e-14	8.814229249794393e-14
3.3469953254191595e8	4.18765989171124e-8	-1.917161139455294e-6	1.5451020831587807e-14	1.0029695397430077e-13
3.3567764181681585e8	5.761071295083377e-8	-1.8133880445335165e-6	1.6692898523475767e-14	1.1177724699973794e-13
3.3665575109171575e8	7.445342544536587e-8	-1.6987376082252218e-6	1.769387592846803e-14	1.225302675428952e-13
3.3763386036661565e8	9.209279182250307e-8	-1.5739442530535157e-6	1.829195713952916e-14	1.3251002262494307e-13
3.3861196964151555e8	1.1004249331842818e-7	-1.4397838988622918e-6	1.8294578119469405e-14	1.416776669922048e-13
3.3959007891641545e8	1.2762017654300416e-7	-1.2970669833273702e-6	1.749802914106074e-14	1.500014250781488e-13
3.4056818819131535e8	1.4395280037376476e-7	-1.1466317173468226e-6	1.5723538347924138e-14	1.5745618946902473e-13
3.4154629746621525e8	1.5802501361240557e-7	-9.89337885491582e-7	1.2868178574879666e-14	1.6402281283411314e-13
3.4252440674111515e8	1.6878040529713166e-7	-8.260614731421011e-7	8.959272933865427e-15	1.69687134269126e-13
3.435025160160151e8	1.7526932313973337e-7	-6.576903516346792e-7	4.191117553159973e-15	1.744388011852085e-13
3.44480625290915e8	1.768141418219787e-7	-4.851211851719374e-7	-1.079432087800807e-15	1.7826996281829473e-13
3.454587345658149e8	1.7314468724499434e-7	-3.0925764395123275e-7	-6.389582957640854e-15	1.8117392042198618e-13
3.464368438407148e8	1.6445712137002032e-7	-1.3100992281007932e-7	-1.1266084622691922e-14	1.8314382224472585e-13
3.474149531156147e8	1.5137417970468433e-7	4.8704520751719656e-8	-1.5324716081985034e-14	1.841714890747541e-13
3.483930623905146e8	1.3482181660219139e-7	2.2895917626059433e-7	-1.8336591482411417e-14	1.842464494537668e-13
3.493711716654145e8	1.1586583527292962e-7	4.088158775006347e-7	-2.0242799366005413e-14	1.8335525376598319e-13
3.503492809403144e8	9.555754289287133e-8	5.873216890730446e-7	-2.1124206385023147e-14	1.8148112440374956e-13
3.513273902152143e8	7.482201272204561e-8	7.635056336148754e-7	-2.114868530598703e-14	1.786039859704249e-13
3.523054994901142e8	5.4399522899534826e-8	9.363756472392674e-7	-2.0518298271044732e-14	1.7470090555552813e-13
3.532836087650141e8	3.483274504568795e-8	1.1049161731267033e-6	-1.9429901382282128e-14	1.6974695869889697e-13
3.542617180399141e8	1.6484170812967243e-8	1.2680868111806373e-6	-1.8052620849874438e-14	1.6371652162654004e-13
3.55239827314814e8	-4.316670380971327e-10	1.4248224345058455e-6	-1.6519368901936722e-14	1.5658497434988145e-13
3.562179365897139e8	-1.5812527889879767e-8	1.5740351600319665e-6	-1.4927444022841075e-14	1.4833078185501033e-13
3.571960458646138e8	-2.9635939787786515e-8	1.714618519371356e-6	-1.334371473731906e-14	1.3893790154388898e-13
3.581741551395137e8	-4.1932661352080776e-8	1.8454541152497735e-6	-1.1811279573294662e-14	1.283984442673579e-13
3.591522644144136e8	-5.276662240712558e-8	1.9654209670024337e-6	-1.0355858488266051e-14	1.167154940846471e-13
3.601303736893135e8	-6.222064325413264e-8	2.0734076447446115e-6	-8.991148545961598e-15	1.0390596923327556e-13
3.611084829642134e8	-7.038679369265419e-8	2.168327166182477e-6	-7.722954720877622e-15	9.000338526882009e-14
3.620865922391133e8	-7.736022627324555e-8	2.249134484756022e-6	-6.552191938161396e-15	7.506036312861533e-14
3.630647015140132e8	-8.323547524471573e-8	2.3148462374285535e-6	-5.476961746395924e-15	5.915071267562375e-14
3.6404281078891313e8	-8.810442367423872e-8	2.364562252261679e-6	-4.493921494664686e-15	4.2370919022038236e-14
3.6502092006381303e8	-9.205534350366587e-8	2.397488150086225e-6	-3.5991379732280006e-15	2.4840867419587927e-14
3.6599902933871293e8	-9.517258271561943e-8	2.412958223729014e-6	-2.7885793618039184e-15	6.703664932245309e-15
3.6697713861361283e8	-9.753660572274545e-8	2.4104576566580893e-6	-2.058362170223282e-15	-1.1875545447786894e-14
3.6795524788851273e8	-9.92241913787119e-8	2.389643065143792e-6	-1.404838595502222e-15	-3.071183063918655e-14
3.6893335716341263e8	-1.0030866408131514e-7	2.350360327247549e-6	-8.245853054911742e-16	-4.9603761669669825e-14
3.6991146643831253e8	-1.0086008372078192e-7	2.2926587079231654e-6	-3.143363819345854e-16	-6.833767302457082e-14
3.7088957571321243e8	-1.0094535514601052e-7	2.2168004068009413e-6	1.2911018892032262e-16	-8.66927308787949e-14
3.7186768498811233e8	-1.0062824161075704e-7	2.123264841726153e-6	5.089926878463619e-16	-1.0444658673986182e-13
3.7284579426301223e8	-9.996928248346665e-8	2.0127472274145173e-6	8.286795456110507e-16	-1.2138133919351897e-13
3.738239035379122e8	-9.902562566483771e-8	1.8861512982240156e-6	1.0917488332828074e-15	-1.3728949262685799e-13
3.748020128128121e8	-9.785079131169005e-8	1.7445763349366703e-6	1.3020486820863777e-15	-1.5197959273004694e-13
3.75780122087712e8	-9.649438678542336e-8	1.5892989621865698e-6	1.4637363856967329e-15	-1.652812362083045e-13
3.767582313626119e8	-9.500179404086386e-8	1.4217504599756291e-6	1.5812956867449602e-15	-1.7704919524823846e-13
3.777363406375118e8	-9.341385049516341e-8	1.243490556536052e-6	1.6595330458774762e-15	-1.8716646156453623e-13
3.787144499124117e8	-9.176654312509838e-8	1.0561788230822216e-6	1.7035546971649497e-15	-1.9554609350589882e-13
3.796925591873116e8	-9.00907333646116e-8	8.615448636625192e-7	1.7187271109544966e-15	-2.021318344436291e-13
3.806706684622115e8	-8.841192746725602e-8	6.613584836295538e-7	1.7106241670076504e-15	-2.068975529462429e-13
3.816487777371114e8	-8.675010348448814e-8	4.5740093446419317e-7	1.68496489823912e-15	-2.098456274019511e-13
3.826268870120113e8	-8.511960201924473e-8	2.514381837428646e-7	1.6475460800264125e-15	-2.1100445396634793e-13
3.836049962869112e8	-8.352908360075385e-8	4.519696440447052e-8	1.6041741774522674e-15	-2.1042529355556323e-13
3.8458310556181115e8	-8.19815510824122e-8	-1.5965586325141252e-7	1.560601187285674e-15	-2.0817869016388604e-13
3.8556121483671105e8	-8.047443111113341e-8	-3.615303308729606e-7	1.5224686991702695e-15	-2.043506904031922e-13
3.8653932411161095e8	-7.899970468878697e-8	-5.589266737786299e-7	1.4952640485269646e-15	-1.990390758945007e-13
3.8751743338651085e8	-7.754407337000223e-8	-7.504450392752074e-7	1.4842917636713135e-15	-1.9234979007192153e-13
3.8849554266141075e8	-7.6089144909342e-8	-9.34791855446691e-7	1.4946626647092553e-15	-1.843937035080465e-13
3.8947365193631065e8	-7.461162032899156e-8	-1.1107832454677343e-6	1.5313020078943728e-15	-1.7528382121712852e-13
3.9045176121121055e8	-7.308346351400441e-8	-1.2773459538152995e-6	1.598977042219902e-15	-1.6513299506328588e-13
3.9142987048611045e8	-7.147203459575273e-8	-1.4335162939027813e-6	1.7023432956172337e-15	-1.5405216704436956e-13
3.9240797976101035e8	-6.974016956982174e-8	-1.5784376354636962e-6	1.8460078454227886e-15	-1.4214913656382386e-13
3.9338608903591025e8	-6.784619083927058e-8	-1.711356929565205e-6	2.034606713860821e-15	-1.2952781773410592e-13
3.943641983108102e8	-6.574383677147121e-8	-1.831620725055692e-6	2.2728922635304923e-15	-1.1628793150886204e-13
3.953423075857101e8	-6.338210313609999e-8	-1.93867106816926e-6	2.565824869912726e-15	-1.0252506180558895e-13
3.9632041686061e8	-6.07049959063432e-8	-2.032041602202112e-6	2.9186609370949702e-15	-8.833099431215976e-14
3.972985261355099e8	-5.765120414204777e-8	-2.1113541014514233e-6	3.3370260918506547e-15	-7.379425087238646e-14
3.982766354104098e8	-5.4153714793380945e-8	-2.1763155873180364e-6	3.826957572111899e-15	-5.900073079307411e-14
3.992547446853097e8	-5.013941017690454e-8	-2.2267160886193045e-6	4.3948926524844025e-15	-4.403437281926721e-14
4.002328539602096e8	-4.552871635308569e-8	-2.262427026521589e-6	5.0475694262675506e-15	-2.8977757731469103e-14
4.012109632351095e8	-4.0235410531400024e-8	-2.2834001307653153e-6	5.7917911724968654e-15	-1.3912581450234524e-14
4.021890725100094e8	-3.416675306434086e-8	-2.2896667316147413e-6	6.633984548616029e-15	1.0800579162084641e-15
4.031671817849093e8	-2.7224190910045165e-8	-2.2813372246505683e-6	7.57945387333432e-15	1.5919598736955227e-14
4.041452910598092e8	-1.930499162961144e-8	-2.258600476185965e-6	8.631198782100144e-15	3.052620016344681e-14
4.0512340033470917e8	-1.0305315858639355e-8	-2.2217229280692195e-6	9.788123347490672e-15	4.4821170363035886e-14
4.0610150960960907e8	-1.2542220159182264e-10	-2.171047173201469e-6	1.1042430258811405e-14	5.872761473023211e-14
4.0707961888450897e8	1.1322091765679601e-8	-2.1069898070426624e-6	1.2375984440729152e-14	7.217125894485571e-14
4.0805772815940887e8	2.409991777936288e-8	-2.030038413764886e-6	1.3755487122352356e-14	8.508138349469479e-14
4.0903583743430877e8	3.822836366957675e-8	-1.9407476147527205e-6	1.5126493891182322e-14	9.739179281563827e-14
4.1001394670920867e8	5.366142750719066e-8	-1.8397341863565738e-6	1.640674234817245e-14	1.0904173510638355e-13
4.1099205598410857e8	7.025647651538545e-8	-1.7276713363857259e-6	1.7480045392646317e-14	1.1997668918741095e-13
4.1197016525900847e8	8.773917533046796e-8	-1.6052823073275925e-6	1.8193214662186793e-14	1.3014894278246713e-13
4.1294827453390837e8	1.0566842851282615e-7	-1.4733335413796223e-6	1.8359935392343318e-14	1.3951790173637958e-13
4.1392638380880827e8	1.2341052452102673e-7	-1.3326276917282454e-6	1.7776552130122512e-14	1.4805009055184547e-13
4.149044930837082e8	1.401363704154222e-7	-1.183996791455646e-6	1.625397389684068e-14	1.5571882918175271e-13
4.158826023586081e8	1.5485806700457742e-7	-1.028295893564086e-6	1.3665594785622552e-14	1.6250359683089873e-13
4.16860711633508e8	1.6651705958877343e-7	-8.663974728538478e-7	1.0002479828764492e-14	1.683891181451332e-13
4.178388209084079e8	1.7412237640880864e-7	-6.991868350368838e-7	5.4166897745941296e-15	1.7336422843653276e-13
4.188169301833078e8	1.769155249611402e-7	-5.275587146290763e-7	2.286672954398266e-16	1.7742059090848364e-13
4.197950394582077e8	1.7451794349484322e-7	-3.524151661843152e-7	-5.116849625383633e-15	1.8055134931117678e-13
4.207731487331076e8	1.6701189139986248e-7	-1.7466476917268905e-7	-1.0139448511576586e-14	1.8274980391216597e-13
4.217512580080075e8	1.549248038371681e-7	4.776919043009118e-9	-1.442530020570135e-14	1.8400819757570168e-13
4.227293672829074e8	1.391230699733277e-7	1.8498581010561179e-7	-1.7704235799307163e-14	1.8431669302292134e-13
4.237074765578073e8	1.2065368640606544e-7	3.650268544367252e-7	-1.987726027060121e-14	1.8366261312744627e-13
4.246855858327072e8	1.0058377919147858e-7	5.439510216535887e-7	-2.0995567228381333e-14	1.8203000451875756e-13
4.256636951076072e8	7.987662897171462e-8	7.207920320743907e-7	-2.1210982438106086e-14	1.7939957176234355e-13
4.266418043825071e8	5.932029257006912e-8	8.945632192974932e-7	-2.0721497817612598e-14	1.757490155958133e-13
4.27619913657407e8	3.950491738735989e-8	1.0642549296305275e-6	-1.9727945479205547e-14	1.7105379440262077e-13
4.285980229323069e8	2.083431731984769e-8	1.2288328756970612e-6	-1.84074565787174e-14	1.6528831324645612e-13
4.295761322072068e8	3.5558185136146167e-9	1.3872378581751604e-6	-1.6901985511955245e-14	1.58427529070061e-13
4.305542414821067e8	-1.2204134772408856e-8	1.5383872502858631e-6	-1.5317152567738413e-14	1.504489436688416e-13
4.315323507570066e8	-2.6406308227463198e-8	1.6811786029129416e-6	-1.3726653629304594e-14	1.4133493741809585e-13
4.325104600319065e8	-3.907056623634151e-8	1.8144956724043288e-6	-1.2178767602808366e-14	1.3107537632383698e-13
4.334885693068064e8	-5.0254266593718116e-8	1.9372170965270256e-6	-1.0702914204543441e-14	1.1967040303627856e-13
4.344666785817063e8	-6.003666741419585e-8	2.048227845570714e-6	-9.315296003850812e-15	1.0713329980275662e-13
4.3544478785660625e8	-6.850826514466127e-8	2.146433455145527e-6	-8.02332631197436e-15	9.349328935797649e-14
4.3642289713150615e8	-7.576388087212954e-8	2.2307769064170055e-6	-6.8288898579626764e-15	7.879812050221764e-14
4.3740100640640604e8	-8.189843952425696e-8	2.3002578622641015e-6	-5.73062469748045e-15	6.311627118807717e-14
4.3837911568130594e8	-8.700459219771608e-8	2.3539538007440083e-6	-4.725444941485835e-15	4.653859622764453e-14
4.3935722495620584e8	-9.117153957828051e-8	2.39104241976662e-6	-3.809504473484158e-15	2.9179252119912175e-14
4.4033533423110574e8	-9.448459278002414e-8	2.4108245311036294e-6	-2.9787650333769694e-15	1.1175750375269153e-14
4.4131344350600564e8	-9.70251488530345e-8	2.4127465317650598e-6	-2.2292939718220013e-15	-7.311975524188216e-15
4.4229155278090554e8	-9.887086414906013e-8	2.3964214510177805e-6	-1.5573840898235958e-15	-2.610355583704992e-14
4.4326966205580544e8	-1.000958858268839e-7	2.361647535571482e-6	-9.595619223774733e-16	-4.500122786785264e-14
4.4424777133070534e8	-1.0077105658789144e-7	2.308423364496435e-6	-4.325311549041788e-16	-6.379387152087408e-14
4.4522588060560524e8	-1.0096404596462933e-7	2.2369585852463845e-6	2.6916572073799083e-17	-8.226189840901464e-14
4.462039898805052e8	-1.0073938766052298e-7	2.147679532362204e-6	4.220016265690445e-16	-1.0018278648895291e-13
4.471820991554051e8	-1.0015841996259946e-7	2.0412292234001933e-6	7.560527073438799e-16	-1.173369944309041e-13
4.48160208430305e8	-9.927913761611672e-8	1.9184615075453594e-6	1.0325903883046113e-15	-1.3351395070520354e-13
4.491383177052049e8	-9.815597055763063e-8	1.7804294503398885e-6	1.2553924773750742e-15	-1.4851779696081676e-13
4.501164269801048e8	-9.683950882742097e-8	1.6283683481298564e-6	1.4285384230656872e-15	-1.6217257637516566e-13
4.510945362550047e8	-9.53761947137291e-8	1.4636740522228526e-6	1.5564318931131218e-15	-1.7432659483685e-13
4.520726455299046e8	-9.380800332539607e-8	1.287877521361028e-6	1.6438020391973863e-15	-1.8485574248662063e-13
4.530507548048045e8	-9.217213174506208e-8	1.1026166928451083e-6	1.6956850266327224e-15	-1.9366563901539143e-13
4.540288640797044e8	-9.050071493820878e-8	9.096068554616337e-7	1.717388264484487e-15	-2.0069255017573787e-13
4.550069733546043e8	-8.882058385246168e-8	7.106107174781821e-7	1.7144404839335216e-15	-2.0590310660320422e-13
4.5598508262950426e8	-8.715307776460481e-8	5.074092947825283e-7	1.6925314012889935e-15	-2.09292931290964e-13
4.5696319190440416e8	-8.551391904472055e-8	3.017746092271602e-7	1.6574451543627148e-15	-2.1088434257933336e-13
4.5794130117930406e8	-8.391315425565767e-8	9.544500198516332e-8	1.614991985038426e-15	-2.107233412691724e-13
4.5891941045420396e8	-8.23551610743029e-8	-1.0989634946577515e-7	1.570942720104195e-15	-2.0887611193022267e-13
4.5989751972910386e8	-8.083871612408215e-8	-3.126393496332148e-7	1.5309704490128603e-15	-2.0542527048712436e-13
4.6087562900400376e8	-7.935711467931237e-8	-5.1126119848576e-7	1.5006034026741359e-15	-2.0046607542500982e-13
4.6185373827890366e8	-7.78983295717127e-8	-7.043369599886083e-7	1.4851924173098371e-15	-1.9410279236024645e-13
4.6283184755380356e8	-7.644519370095014e-8	-8.9054671403918e-7	1.4898955602796877e-15	-1.8644536566831029e-13
4.6380995682870346e8	-7.497558848197989e-8	-1.068679650976771e-6	1.5196815545166933e-15	-1.7760651063382182e-13
4.6478806610360336e8	-7.346261945404702e-8	-1.237635558828817e-6	1.5793526220827879e-15	-1.6769929889992302e-13
4.657661753785033e8	-7.187476017976742e-8	-1.3964242056320589e-6	1.6735863211282136e-15	-1.5683527171862044e-13
4.667442846534032e8	-7.017594649532373e-8	-1.5441631359150605e-6	1.8069948925086496e-15	-1.4512308158759082e-13
4.677223939283031e8	-6.832560515408236e-8	-1.6800743866069807e-6	1.9841995375048947e-15	-1.3266763438338985e-13
4.68700503203203e8	-6.627860400739736e-8	-1.8034805888016481e-6	2.20991583264955e-15	-1.1956968144049108e-13
4.696786124781029e8	-6.398511527700532e-8	-1.9138008636123744e-6	2.4890449923910636e-15	-1.0592579405663216e-13
4.706567217530028e8	-6.139038958250095e-8	-2.010546848188201e-6	2.8267636612255234e-15	-9.182864122247349e-14
4.716348310279027e8	-5.843444688885423e-8	-2.093319106751385e-6	3.228601980361876e-15	-7.736748447947476e-14
4.726129403028026e8	-5.505170256340486e-8	-2.161804095716179e-6	3.700495304733796e-15	-6.262880125381007e-14
4.735910495777025e8	-5.117056401296457e-8	-2.2157717656338928e-6	4.248788429839506e-15	-4.7696949471780184e-14
4.745691588526024e8	-4.671305844919086e-8	-2.255073799699499e-6	4.8801615864693936e-15	-3.2654791550223016e-14
4.755472681275023e8	-4.159458877568153e-8	-2.279642412557671e-6	5.6014336065287116e-15	-1.7584204885093624e-14
4.765253774024023e8	-3.572396720465011e-8	-2.289489567773914e-6	6.419178232798387e-15	-2.5664186447585063e-15
4.775034866773022e8	-2.900395106527922e-8	-2.2847064210813967e-6	7.339063337482404e-15	1.231786719892003e-14
4.784815959522021e8	-2.1332609293406523e-8	-2.265462762541723e-6	8.364789432015971e-15	2.6988605559646586e-14
4.79459705227102e8	-1.2605987666664234e-8	-2.2320062166184163e-6	9.496465173508629e-15	4.1366772325342354e-14
4.804378145020019e8	-2.722718309521445e-9	-2.1846609664192204e-6	1.072822059778136e-14	5.5374964291597616e-14
4.814159237769018e8	8.408574584545314e-9	-2.123825797201873e-6	1.204484061101442e-14	6.893818477918426e-14
4.823940330518017e8	2.0858019045405307e-8	-2.0499713031590805e-6	1.3417236655677055e-14	8.198475763289012e-14
4.833721423267016e8	3.4658218812256324e-8	-1.963636167167158e-6	1.4796725510248442e-14	9.444729550532581e-14
4.843502516016015e8	4.9781910184079384e-8	-1.865422500493115e-6	1.6108446766062266e-14	1.0626363955909722e-13
4.853283608765014e8	6.611313803302162e-8	-1.7559903118889258e-6	1.7244943743892685e-14	1.1737768616800884e-13
4.8630647015140134e8	8.341304728983485e-8	-1.63605125569018e-6	1.8062042065599384e-14	1.2774002234822497e-13
4.8728457942630124e8	1.0128416100170736e-7	-1.5063618790540957e-6	1.838059382275422e-14	1.3730830514605934e-13
4.8826268870120114e8	1.1914116518046668e-7	-1.3677166426550903e-6	1.7998894124745402e-14	1.4604733984717227e-13
4.8924079797610104e8	1.3620102830619845e-7	-1.2209410218825114e-6	1.6720424027018262e-14	1.5392883574132922e-13
4.9021890725100094e8	1.5150855039038996e-7	-1.0668850038478573e-6	1.4398275530929834e-14	1.6093084391707494e-13
4.9119701652590084e8	1.640113695091486e-7	-9.064172786949093e-7	1.0989955375399564e-14	1.6703690669155003e-13
4.9217512580080074e8	1.7268722392452638e-7	-7.404203835464549e-7	6.605811047379814e-15	1.7223497054194524e-13
4.9315323507570064e8	1.767057750807736e-7	-5.697869976351885e-7	1.527217906643093e-15	1.7651613204002416e-13
4.9413134435060054e8	1.755850393236781e-7	-3.9541751285874027e-7	-3.824570532380051e-15	1.798732982267347e-13
4.9510945362550044e8	1.6929241211930135e-7	-2.1821892097288204e-7	-8.968262408675416e-15	1.8229984876331576e-13
4.9608756290040034e8	1.5825351257104096e-7	-3.910497268107845e-8	-1.3465128711511767e-14	1.8378838738622285e-13
4.970656721753003e8	1.4326549208776208e-7	1.4100251979382417e-7	-1.700534474664832e-14	1.843296655011026e-13
4.980437814502002e8	1.2534680282196169e-7	3.2117144220794103e-7	-1.944847936669017e-14	1.83911752278395e-13
4.990218907251001e8	1.055729388196155e-7	5.00456472892687e-7	-2.081298608670527e-14	1.8251951451108505e-13
5.e8	8.494116491564172e-8	6.778958412260593e-7	-2.123132601036915e-14	1.801344567667485e-13