0	0.5235987755982987	0.5235987755982989
50000	0.5236409049096998	0.5236682457193648
100000	0.5237672647089537	0.5238765870222919
150000	0.5239777706594461	0.5242235953562995
200000	0.5242722824271938	0.5247089255125634
250000	0.5246506040199688	0.5253321102992461
300000	0.5251124842592136	0.526092519617704
350000	0.5256576173819318	0.526989425094046
400000	0.526285643768979	0.5280219881766521
450000	0.5269961507954658	0.5291892092731488
500000	0.5277886737983202	0.5304899155897204
550000	0.528662697155434	0.5319228264011054
600000	0.5296176554702573	0.5334866975142869
650000	0.5306529348552134	0.5351801508591701
700000	0.5317678743068666	0.5370016689025258
750000	0.5329617671654197	0.5389496036861658
800000	0.534233862650813	0.5410221868894235
850000	0.5355833674674888	0.5432175407226786
900000	0.5370094474697176	0.5455336836660776
950000	0.5385112293793115	0.5479685585127532
1000000	0.5400878025475265	0.5505202321960336
1050000	0.5417382207530071	0.5531867126350386
1100000	0.5434615040277381	0.5559659157418211
1150000	0.5452566405031297	0.558855675657817
1200000	0.5471225882685855	0.5618537553422671
1250000	0.5490582772351663	0.5649578573480344
1300000	0.5510626109972709	0.5681656346318453
1350000	0.553134468685598	0.5714747012597858
1400000	0.5552727068050305	0.5748826428842405
1450000	0.5574761610514835	0.5783870268846991
1500000	0.5597436481021749	0.5819853966444216
1550000	0.562073967374216	0.5856753695902409
1600000	0.5644659027468614	0.5894546484248916
1650000	0.5669182242432078	0.593320907959453
1700000	0.5694296896675833	0.5972718009190476
1750000	0.5719990461953038	0.6013049658401715
1800000	0.5746250319119295	0.6054180346871403
1850000	0.5773063772995605	0.6096086401266612
1900000	0.5800418066681423	0.6138744224117392
1950000	0.5828300395301363	0.618213035837548
2000000	0.585669791917293	0.6226221547424091
2050000	0.588559777638629	0.6270994790365495
2100000	0.5914987094790362	0.6316427392497856
2150000	0.5944853003382775	0.6362497010966868
2200000	0.5975182643104029	0.6409181695641613
2250000	0.6005963177038998	0.6456459880542601
2300000	0.6037181800031296	0.6504310252523213
2350000	0.6068825747718245	0.6552712241465549
2400000	0.6100882304996194	0.6601645549996884
2450000	0.6133338813927707	0.6651090094078808
2500000	0.6166182681103672	0.6701026034038752
2550000	0.6199401384474709	0.6751433802850042
2600000	0.6232982479667463	0.6802294131670487
2650000	0.6266913605802267	0.6853588072679662
2700000	0.6301182490829486	0.6905297019280087
2750000	0.6335776956402415	0.6957402723747823
2800000	0.6370684922305198	0.700988731243406
2850000	0.6405894410454392	0.7062733298631612
2900000	0.6441393548493172	0.7115923593229074
2950000	0.6477170572997121	0.7169441513281531
3000000	0.6513213832310636	0.7223270788630067
3050000	0.6549511789032774	0.7277395566703707
3100000	0.6586053022171244	0.7331800415636945
3150000	0.6622826228982929	0.7386470325833953
3200000	0.6659820226518959	0.7441390667372563
3250000	0.6697023952892089	0.7496546329581583
3300000	0.6734426468283503	0.7551922872011723
3350000	0.6772016955705852	0.7607506444482441
3400000	0.6809784721538749	0.7663283475003266
3450000	0.6847719195852382	0.771924066971736
3500000	0.688580993253441	0.7775365012282858
3550000	0.6924046609234669	0.7831643762722059
3600000	0.6962419027141682	0.7888064455769365
3650000	0.7000917110604343	0.7944614898749158
3700000	0.7039530906611551	0.8001283169014706
3750000	0.7078250584142037	0.805805761097876
3800000	0.7117066433395947	0.8114926832765766
3850000	0.7155968864919251	0.817187970251477
3900000	0.7194948408631454	0.8228905344360873
3950000	0.7233995712766483	0.8285993134121961
4000000	0.7273101542736188	0.8343132694716028
4050000	0.7312256779925237	0.8400313891332999
4100000	0.7351452420425784	0.8457526826383527
4150000	0.739067957371973	0.8514761834245723
4200000	0.7429929461315935	0.8572009475829263
4250000	0.7469193415349313	0.8629260532974834
4300000	0.7508462877148223	0.8686506002705434
4350000	0.7547729395776229	0.8743737015066432
4400000	0.7586984626553858	0.8800943650831555
4450000	0.7626220329565575	0.8858117255178334
4500000	0.7665428368156904	0.8915249884502757
4550000	0.7704600707426147	0.8972333738563627
4600000	0.7743729412714969	0.9029361154688045
4650000	0.7782806648101668	0.9086324602214699
4700000	0.7821824674900738	0.9143216677152676
4750000	0.7860775850172003	0.9200030097035284
4800000	0.7899652625242344	0.9256757695949853
4850000	0.7938447544242806	0.9313392419725822
4900000	0.7977153242663589	0.9369927321264738
4950000	0.8015762445929245	0.9426355555996926
5000000	0.8054267967996189	0.9482670377450593
5050000	0.809266270997438	0.9538865132920136
5100000	0.8130939658774925	0.9594933259221248
5150000	0.8169091885785107	0.965086827852124
5200000	0.8207112545572219	0.970666379423362
5250000	0.8244994874617424	0.9762313486966742
5300000	0.8282732190080694	0.9817811110516795
5350000	0.8320317888597786	0.9873150487896011
5400000	0.8357745445110054	0.9928325507387372
5450000	0.8395008411727795	0.9983330118617585
5500000	0.8432100416627696	1.0038158328640416
5550000	0.8469015162984916	1.0092804198022836
5600000	0.8505746427940115	1.014726183692672
5650000	0.8542288061601795	1.020152540117911
5700000	0.8578633986084141	1.0255588660955877
5750000	0.8614778194580498	1.0309446064890007
5800000	0.8650714750472575	1.036309297948407
5850000	0.8686437786475361	1.0416524790828106
5900000	0.8721941503817706	1.046973690144158
5950000	0.8757220171458459	1.052272472822596
6000000	0.879226812533797	1.0575483700543733
6050000	0.8827079767664787	1.0628009258408349
6100000	0.8861649566237249	1.0680296850770477
6150000	0.8895972053799679	1.07323419338871
6200000	0.8930041827432865	1.0784139969760722
6250000	0.8963853547978425	1.0835686424636837
6300000	0.8997401939496652	1.0886976767548604
6350000	0.903068178875741	1.0938006468898274
6400000	0.9063687944763607	1.0988770999065562
6450000	0.9096415318306755	1.1039265827033828
6500000	0.9128858881554094	1.1089486419025278
6550000	0.9161013667666739	1.1139428237137103
6600000	0.9192874770448307	1.1189086737970695
6650000	0.9224437344023417	1.1238457371246695
6700000	0.9255696602545489	1.1287535578398833
6750000	0.9286647819933221	1.1336316791140018
6800000	0.9317286329635108	1.1384796429994268
6850000	0.9347607524421383	1.143296990278862
6900000	0.9377606856202694	1.148083260309911
6950000	0.9407279835874884	1.1528379908645514
7000000	0.9436622033189178	1.1575607179629404
7050000	0.9465629076647091	1.1622509757010624
7100000	0.9494296653419372	1.1669082960717228
7150000	0.9522620509288269	1.1715322249913316
7200000	0.9550596448612417	1.1761224170594708
7250000	0.9578220334313613	1.1806785148842185
7300000	0.9605488087884783	1.1852001497640372
7350000	0.9632395689418368	1.1896869499278286
7400000	0.9658939177654449	1.1941385407654805
7450000	0.9685114650047827	1.1985545450567852
7500000	0.9710918262853341	1.2029345831980274
7550000	0.9736346231228666	1.207278273425553
7600000	0.9761394829353864	1.2115852320356437
7650000	0.9786060390566897	1.2158550736000413
7700000	0.98103393075144	1.2200874111764684
7750000	0.9834228032316928	1.2242818565135165
7800000	0.9857723076747933	1.2284380202492753
7850000	0.988082101242572	1.2325555121030924
7900000	0.9903518471017624	1.236633941059859
7950000	0.9925812144455658	1.240672915546238
8000000	0.9947698785162896	1.244672043598246
8050000	0.9969175206289795	1.2486309330196308
8100000	0.9990238281959783	1.2525491915304752
8150000	1.0010884947523297	1.2564264269054901
8200000	1.0031112199819572	1.2602622471014562
8250000	1.0050917097445444	1.2640562603732872
8300000	1.007029676103041	1.2678080753782077
8350000	1.008924837351725	1.2715173012675396
8400000	1.0107769180447455	1.2751835477656097
8450000	1.012585649025078	1.2788064252352997
8500000	1.0143507674538201	1.282385544729777
8550000	1.016072016839755	1.2859205180299509
8600000	1.0177491470691173	1.2894109576672208
8650000	1.0193819144354905	1.292856476931084
8700000	1.0209700816697698	1.2962566898611974
8750000	1.0225134179701196	1.2996112112234943
8800000	1.0240116990318675	1.3029198026978106
8850000	1.0254647070772622	1.3061822618735022
8900000	1.0268722308850369	1.3093982110418587
8950000	1.0282340658197147	1.3125672720175359
9000000	1.0295500138605937	1.3156890671774337
9050000	1.0308198836303546	1.3187632200784103
9100000	1.0320434904232287	1.3217893560616758
9150000	1.0332206562326738	1.3247671028428087
9200000	1.034351209778499	1.3276960910863251
9250000	1.0354349865333867	1.3305759549637115
9300000	1.0364718287487569	1.3334063326938321
9350000	1.0374615854799272	1.3361868670646073
9400000	1.0384041126105148	1.3389172059348722
9450000	1.0392992728760364	1.3415970027153206
9500000	1.040146935886661	1.3442259168274553
9550000	1.040946978149069	1.3468036141394792
9600000	1.0416992830873777	1.3493297673780775
9650000	1.0424037410630955	1.3518040565150649
9700000	1.0430602493940635	1.3542261691279085
9750000	1.0436687123723498	1.356595800733147
9800000	1.0442290412810666	1.358912655091787
9850000	1.0447411544100726	1.3611764444857737
9900000	1.0452049770705356	1.3633868899646864
9950000	1.0456204416083277	1.3655437215618522
10000000	1.0459874874162276	1.367646678479113
10050000	1.0463060609449057	1.3696955092395349
10100000	1.0465761157126772	1.3716899718074027
10150000	1.0467976123139968	1.373629833674885
10200000	1.0469705184266882	1.3755148719148207
10250000	1.0470948088178886	1.3773448731991336
10300000	1.0471704653487004	1.3791196337824205
10350000	1.04719747697754	1.3808389594503452
10400000	1.0471758397621806	1.3825026654324954
10450000	1.04710555686048	1.384110576279441
10500000	1.0469866385297963	1.385662578988899
10550000	1.0468191021250934	1.3871585925720256
10600000	1.0466029720957333	1.3885983402624824
10650000	1.0463382799809695	1.3899815438829775
10700000	1.0460250644041444	1.3913079344236565
10750000	1.0456633710656018	1.39257725275313
10800000	1.0452532527343297	1.3937892502950606
10850000	1.0447947692383468	1.3949436896688499
10900000	1.044287987453852	1.396040345293005
10950000	1.0437329812931555	1.3970790039498104
11000000	1.0431298316914146	1.3980594653099845
11050000	1.0424786265921988	1.3989815424160683
11100000	1.0417794609319102	1.3998450621233636
11150000	1.041032436623091	1.400649865497311
11200000	1.040237662536644	1.4013958081662974
11250000	1.0393952544830065	1.4020827606289599
11300000	1.0385053351923057	1.4027106085151586
11350000	1.0375680342935383	1.4032792527998974
11400000	1.0365834882928124	1.4037886099695633
11450000	1.0355518405506927	1.4042386121399861
11500000	1.0344732412586906	1.4046292071259132
11550000	1.0333478474149482	1.404960358461623
11600000	1.0321758227991613	1.4052320453725107
11650000	1.0309573379467891	1.4054442626975963
11700000	1.0296925701226032	1.4055970207630233
11750000	1.0283817032936253	1.4056903452067244
11800000	1.0270249281015116	1.405724276754555
11850000	1.0256224418344346	1.4056988709482912
11900000	1.0241744483985225	1.4056141978260024
11950000	1.0226811582889115	1.4054703415554068
12000000	1.0211427885604745	1.405267400020923
12050000	1.019559562798282	1.4050054843652002
12100000	1.0179317110878623	1.4046847184860205
12150000	1.0162594699853207	1.4043052384895227
12200000	1.0145430824873851	1.4038671772026294
12250000	1.0127827980014397	1.403370557284968
12300000	1.0109788723156181	1.4028153646661805
12350000	1.0091315675690202	1.402201598037534
12400000	1.007241152222121	1.4015292683016143
12450000	1.0053079010274426	1.400798398932643
12500000	1.0033320950005595	1.4000090262928286
12550000	1.001314021391504	1.3991611999043925
12600000	0.9992539736566497	1.3982549826769934
12650000	0.9971522514311388	1.3972904510903636
12700000	0.9950091605019304	1.3962676953320539
12750000	0.9928250127815399	1.3951868193902732
12800000	0.9906001262825451	1.3940479411019113
12850000	0.9883348250929328	1.3928511921559112
12900000	0.9860294393523573	1.391596718052271
12950000	0.9836843052293918	1.3902846780170357
13000000	0.9812997648998387	1.388915244873739
13050000	0.9788761665261837	1.3874886048718518
13100000	0.9764138642382596	1.3860049574728777
13150000	0.9739132181152029	1.3844645150948343
13200000	0.9713745941687728	1.3828675028159338
13250000	0.9687983643281112	1.3812141580383686
13300000	0.9661849064260177	1.3795047301131815
13350000	0.9635346041868164	1.3777394799272709
13400000	0.9608478472158855	1.3759186794536546
13450000	0.95812503099093	1.3740426112661752
13500000	0.9553665568550676	1.3721115680198837
13550000	0.952572832011804	1.3701258518983965
13600000	0.9497442695219727	1.3680857740295564
13650000	0.9468812883027078	1.3659916538707622
13700000	0.94398431312853	1.3638438185653707
13750000	0.9410537746346129	1.3616426022715873
13800000	0.9380901093223011	1.3593883454652764
13850000	0.935093759566957	1.3570813942181332
13900000	0.9320651736281994	1.3547220994526454
13950000	0.9290048056626088	1.3523108125722745
14000000	0.925913115738966	1.3498476462514422
14050000	0.9227905698560918	1.3473327628698437
14100000	0.9196376399633546	1.3447664583324923
14150000	0.9164548039839129	1.3421490332680461
14200000	0.9132425458407534	1.3394807930990438
14250000	0.9100013554855931	1.3367620480868672
14300000	0.9067317289307011	1.3339931133518061
14350000	0.9034341682837035	1.3311743088686265
14400000	0.9001091817854293	1.3283059594380848
14450000	0.8967572838508528	1.3253883946348357
14500000	0.8933789951131859	1.322421948732234
14550000	0.8899748424711732	1.3194069606045367
14600000	0.8865453591396423	1.31634377360705
14650000	0.8830910847033498	1.3132327354347841
14700000	0.8796125651741734	1.3100741979602062
14750000	0.8761103530516885	1.306868517050701
14800000	0.8725850073871675	1.3036160523663758
14850000	0.8690370938510363	1.3003171671388616
14900000	0.8654671848038188	1.296972227931779
14950000	0.8618758593705966	1.2935816043835655
15000000	0.8582637035190027	1.290145668933361
15050000	0.8546313101407707	1.2866647965306746
15100000	0.8509792791368481	1.2831393643295625
15150000	0.8473082175060833	1.2795697513680573
15200000	0.8436187394374802	1.2759563382335957
15250000	0.8399114664060235	1.2722995067152063
15300000	0.8361870272720527	1.2685996394432095
15350000	0.8324460583841697	1.264857119517201
15400000	0.8286892036856471	1.2610723301230748
15450000	0.8249171148243024	1.2572456541398558
15500000	0.8211304512657905	1.2533774737370975
15550000	0.8173298804102537	1.2494681699636019
15600000	0.8135160777122659	1.2455181223282112
15650000	0.8096897268039897	1.2415277083734129
15700000	0.8058515196214509	1.2374973032424896
15750000	0.8020021565338297	1.2334272792409375
15800000	0.7981423464756459	1.22931800539286
15850000	0.7942728070817036	1.2251698229303725
15900000	0.7903942648246434	1.2209828034692978
15950000	0.786507455154934	1.216757305383893
16000000	0.7826131226431167	1.2124937930212765
16050000	0.7787120211240918	1.2081927278110671
16100000	0.7748049138432244	1.203854568444801
16150000	0.7708925736040142	1.199479771044951
16200000	0.7669757829170576	1.1950687893238947
16250000	0.7630553341500009	1.1906220747331835
16300000	0.7591320296781608	1.1861400766034786
16350000	0.7552066820354556	1.1816232422755344
16400000	0.7512801140652645	1.1770720172226146
16450000	0.7473531590707982	1.172486845164755
16500000	0.7434266609645322	1.1678681681752832
16550000	0.7395014744162207	1.1632164267800351
16600000	0.7355784649989677	1.1585320600497202
16650000	0.7316585093328	1.1538155056859003
16700000	0.7277424952251389	1.1490672001010724
16750000	0.7238313218075341	1.1442875784933664
16800000	0.7199258996679693	1.1394770749163805
16850000	0.7160271509780125	1.1346361223447154
16900000	0.7121360096140326	1.1297651527357808
16950000	0.7082534212716485	1.1248645970884839
17000000	0.7043803435725412	1.1199348854994333
17050000	0.7005177461626892	1.114976447217329
17100000	0.6966666108010476	1.109989710696237
17150000	0.6928279314376241	1.1049751036484965
17200000	0.6890027142798619	1.0999330530980305
17250000	0.6851919778461676	1.0948639854348976
17300000	0.6813967530053731	1.089768326471947
17350000	0.6776180830008618	1.084646501504516
17400000	0.6738570234580212	1.0794989353741418
17450000	0.6701146423736396	1.0743260525373441
17500000	0.666392020085788	1.0691282771405872
17550000	0.6626902492226897	1.063906033102613
17600000	0.6590104346290091	1.0586597442054129
17650000	0.6553536932679436	1.0533898341952017
17700000	0.6517211540974507	1.0480967268948425
17750000	0.6481139579188929	1.042780846329292
17800000	0.6445332571963387	1.0374426168657394
17850000	0.6409802158447158	1.032082463370246
17900000	0.6374560089849829	1.026700823528678
17950000	0.6339618226644562	1.0212983513624003
18000000	0.6304988535404035	1.0158756780290437
18050000	0.6270683085250076	1.010433388641262
18100000	0.6236714043898036	1.0049720727461713
18150000	0.6203093673276909	0.9994923247919526
18200000	0.6169834324706488	0.9939947445895264
18250000	0.6136948433613107	0.9884799377698011
18300000	0.6104448513766033	0.9829485162370082
18350000	0.6072347151017072	0.9774010986186301
18400000	0.604065699652686	0.9718383107124204
18450000	0.6009390759462092	0.9662607859310244
18500000	0.5978561199149254	0.9606691657447028
18550000	0.5948181116671535	0.9550641001226715
18600000	0.5918263345897302	0.9494462479735698
18650000	0.5888820743930172	0.9438162775855868
18700000	0.5859866180972692	0.938174867066776
18750000	0.5831412529597834	0.9325227047861128
18800000	0.5803472653424936	0.9268604898158569
18850000	0.5776059395199408	0.9211889323758107
18900000	0.5749185564278317	0.9155087542800784
18950000	0.572286392352724	0.9098206893869698
19000000	0.5697107175636953	0.9041254840527148
19050000	0.5671927948872231	0.8984238975896967
19100000	0.5647338782268687	0.8927167027299556
19150000	0.5623352110297621	0.8870046860947578
19200000	0.559998024702287	0.8812886486710828
19250000	0.5577235369778029	0.8755694062959422
19300000	0.5555129502396622	0.8698477901495152
19350000	0.5533674498032419	0.8641246472581586
19400000	0.5512882021611479	0.8584008410084422
19450000	0.5492763531962	0.8526772516734527
19500000	0.5473330263672571	0.8469547769527271
19550000	0.5454593208733706	0.8412343325272874
19600000	0.5436563098021835	0.8355168526313909
19650000	0.541925038268887	0.8298032906427625
19700000	0.5402665215524365	0.8240946196932375
19750000	0.5386817432360604	0.8183918333019327
19800000	0.5371716533594256	0.8126959460332662
19850000	0.5357371665900788	0.8070079941823797
19900000	0.5343791604220138	0.8013290364907533
19950000	0.5330984734093901	0.795660154895099
20000000	0.5318959034435353	0.79000276284807
20050000	0.5307722060814274	0.7843586942173411
20100000	0.5297280929338414	0.7787290358616811
20150000	0.5287642301212696	0.7731148778900361
20200000	0.5278812368055781	0.7675173515542447
20250000	0.5270796838051512	0.7619376302253301
20300000	0.5263600923009876	0.7563769303235712
20350000	0.5257229326408517	0.7508365121941648
20400000	0.5251686232481679	0.7453176809195048
20450000	0.5246975296418483	0.7398217870582822
20500000	0.5243099635726891	0.7343502273007755
20550000	0.5240061822813656	0.7289044450288464
20600000	0.5237863878823915	0.7234859307682966
20650000	0.5236507268776895	0.7180962225204037
20700000	0.5235992898026831	0.7127369059586112
20750000	0.5236321110070318	0.7074096144755707
20800000	0.5237491685713277	0.7021160290649971
20850000	0.5239503843602613	0.6968578780221463
20900000	0.5242356242119307	0.6916369364461812
20950000	0.5246046982621541	0.6864550255272841
21000000	0.5250573614018426	0.6813140116011385
21050000	0.5255933138646928	0.6762158049533714
21100000	0.5262122019417103	0.6711623583567786
21150000	0.5269136188183557	0.6661556653246634
21200000	0.5276971055294281	0.6611977580645032
21250000	0.5285621520261715	0.6562907051174028
21300000	0.5295081983495427	0.6514366086705323
21350000	0.530534635903045	0.6466376015319618
21400000	0.5316408088181199	0.641895843760107
21450000	0.5328260154047036	0.6372135189434173
21500000	0.5340895096792487	0.6325928301300263
21550000	0.5354305029623002	0.6280359954118966
21600000	0.5368481655375309	0.6235452431735504
21650000	0.5383416283640712	0.6191228070218339
21700000	0.5399099848339304	0.6147709204202924
21750000	0.541552292566358	0.6104918110596463
21800000	0.5432675752310909	0.6062876950045343
21850000	0.5450548243925949	0.6021607706660063
21900000	0.5469130013676216	0.5981132126592036
21950000	0.5488410390886633	0.5941471656160175
22000000	0.5508378439661905	0.5902647380331673
22050000	0.5529022977428961	0.5864679962468495
22100000	0.5550332593335455	0.5827589495537855
22150000	0.5572295666444298	0.5791394930017006
22200000	0.5594900383668294	0.5756117953735791
22250000	0.5618134757393434	0.5721781579577797
22300000	0.5641986642743677	0.5688409376873564
22350000	0.5666443754444687	0.5656025402130511
22400000	0.5691493683248361	0.5624654119736888
22450000	0.571712391188453	0.559432031247284
22500000	0.5743321830510578	0.5565048981824587
22550000	0.5770074751634	0.5536865238286092
22600000	0.5797369924487066	0.5509794182044442
22650000	0.5825194548836782	0.5483860774677772
22700000	0.585353578821711	0.5459089702743866
22750000	0.588238078257401	0.5435505234397668
22800000	0.5911716660317308	0.5413131070440467
22850000	0.5941530549776535	0.5391990191463433
22900000	0.5971809590060811	0.5372104702995109
22950000	0.6002540941325593	0.5353495680785209
23000000	0.6033711794451552	0.5336183018546005
23050000	0.6065309380143112	0.5320185280616491
23100000	0.6097320977456174	0.5305519562103704
23150000	0.6129733921766337	0.5292201359081592
23200000	0.6162535612190537	0.5280244451383022
23250000	0.6195713518476351	0.5269660800401368
23300000	0.6229255187374398	0.5260460464121923
23350000	0.6263148248510247	0.525265153133258
23400000	0.6297380419773064	0.524624007662222
23450000	0.6331939512238824	0.5241230137372862
23500000	0.6366813434646457	0.5237623713499399
23550000	0.6401990197445604	0.5235420790202903
23600000	0.6437457916434878	0.5234619383497159
23650000	0.6473204816009642	0.5235215607760368
23700000	0.6509219232038277	0.5237203764073924
23750000	0.6545489614385855	0.5240576447655158
23800000	0.6582004529103871	0.5245324672287188
23850000	0.6618752660304488	0.5251438009310896
23900000	0.6655722811737411	0.5258904738481573
23950000	0.6692903908087056	0.5267712007814666
24000000	0.6730284996007315	0.5277845999452891
24050000	0.6767855244910731	0.5289292098582663
24100000	0.6805603947528333	0.5302035093394165
24150000	0.6843520520255922	0.5316065075122834
24200000	0.6881594503301949	0.5331377337979133
24250000	0.6919815560651671	0.5347964776883595
24300000	0.695817347986157	0.5365818828256687
24350000	0.6996658171697494	0.5384929438853822
24400000	0.7035259669629383	0.5405285054501425
24450000	0.7073968129194852	0.542687262812889
24500000	0.7112773827243286	0.5449677646121903
24550000	0.7151667161071557	0.5473684171705293
24600000	0.7190638647461925	0.5498874903803654
24650000	0.7229678921632059	0.5525231249628286
24700000	0.7268778736106619	0.555273340910012
24750000	0.7307928959519332	0.5581360469138342
24800000	0.7347120575353906	0.5611090505819396
24850000	0.7386344680631715	0.5641900692435855
24900000	0.7425592484553658	0.5673767411553104
24950000	0.7464855307103099	0.5706666369266298
25000000	0.7504124577616496	0.5740572709993967
25050000	0.7543391833327691	0.577546113029991
25100000	0.7582648717891607	0.5811305990405238
25150000	0.7621886979892634	0.5848081422230641
25200000	0.7661098471342579	0.5885761432989769
25250000	0.7700275146172795	0.5924320003532592
25300000	0.7739409058724679	0.5963731180809155
25350000	0.7778492362242473	0.6003969163985532
25400000	0.7817517307371967	0.604500838389273
25450000	0.785647624066841	0.6086823575624204
25500000	0.7895361603116718	0.6129389844217379
25550000	0.7934165928666752	0.6172682723458737
25600000	0.7972881842786207	0.621667822794084
25650000	0.8011502061033475	0.6261352898573391
25700000	0.80500193876526	0.6306683841810199
25750000	0.8088426714192196	0.6352648762900319
25800000	0.8126717018150104	0.6399225993506377
25850000	0.8164883361645329	0.6446394514056891
25900000	0.8202918890118626	0.6494133971214003
25950000	0.8240816831062989	0.6542424690844467
26000000	0.82785704927851	0.6591247686881233
26050000	0.8316173263198738	0.6640584666456963
26100000	0.8353618608650916	0.6690417561777712
26150000	0.8390900072781492	0.6740724612640164
26200000	0.8428011275416832	0.6791486594806331
26250000	0.8464945911498039	0.6842685389450833
26300000	0.85016977500441	0.6894303080922354
26350000	0.8538260633150324	0.6946321972888081
26400000	0.8574628475022245	0.6998724603232208
26450000	0.8610795261045162	0.7051493757671787
26500000	0.8646755046889391	0.7104612482072867
26550000	0.8682501957651245	0.7158064093466604
26600000	0.8718030187029673	0.7211832189779062
26650000	0.8753333996538462	0.7265900658300201
26700000	0.8788407714753885	0.7320253682927037
26750000	0.8823245736597479	0.73748757502236
26800000	0.8857842522653805	0.7429751654346236
26850000	0.8892192598522863	0.7484866500887192
26900000	0.8926290554206764	0.7540205709692611
26950000	0.8960131043530403	0.7595755016712948
27000000	0.8993708783595599	0.7651500474944954
27050000	0.9027018554268382	0.7707428454524514
27100000	0.9060055197698893	0.7763525642029178
27150000	0.9092813617873403	0.7819779039048207
27200000	0.912528878019799	0.7876175960076404
27250000	0.9157475711113298	0.7932704029786185
27300000	0.9189369497739797	0.7989351179730163
27350000	0.9220965287553028	0.8046105644524136
27400000	0.9252258288088208	0.8102955957557839
27450000	0.9283243766673537	0.8159890946278231
27500000	0.9313917050191675	0.8216899727087267
27550000	0.9344273524868684	0.8273971699893521
27600000	0.9374308636089768	0.8331096542354204
27650000	0.9404017888241227	0.8388264203841418
27700000	0.9433396844577844	0.8445464899163942
27750000	0.9462441127115111	0.8502689102073147
27800000	0.9491146416545557	0.8559927538579202
27850000	0.9519508452178458	0.8617171180101302
27900000	0.9547523031902261	0.8674411236473327
27950000	0.9575186012169	0.873163914882409
28000000	0.9602493307999923	0.8788846582349255
28050000	0.9629440893011677	0.884602541898995
28100000	0.9656024799462302	0.8903167750031131
28150000	0.9682241118316218	0.8960265777171748
28200000	0.9708085999327597	0.9017306352726142
28250000	0.9733555651141255	0.9074279056075489
28300000	0.9758646341410375	0.9131177035891113
28350000	0.9783354396930326	0.918799356084141
28400000	0.9807676203787756	0.9244722012728415
28450000	0.9831608207524287	0.9301355880085924
28500000	0.9855146913314026	0.9357888752198833
28550000	0.9878288886154099	0.9414314313506343
28600000	0.9901030751067535	0.9470626338354713
28650000	0.9923369193317683	0.9526818686067763
28700000	0.9945300958633424	0.9582885296305821
28750000	0.9966822853444461	0.9638820184685979
28800000	0.9987931745125902	0.9694617438638597
28850000	1.00086245622514	0.9750271213476824
28900000	1.0028898294854145	0.9805775728657622
28950000	1.0048749994694886	0.9861125264214363
29000000	1.0068176775536377	0.9916314157342471
29050000	1.00871758134234	0.9971336799120886
29100000	1.0105744346967693	1.0026187631353412
29150000	1.0123879677637102	1.0080861143514976
29200000	1.0141579170048178	1.013535186978894
29250000	1.0158840252261554	1.0189654386182507
29300000	1.0175660416079415	1.0243763307708071
29350000	1.0192037217344374	1.0297673285619149
29400000	1.0207968276239032	1.0351379004690275
29450000	1.0223451277585622	1.0404875180530808
29500000	1.0238483971145027	1.0458156556923281
29550000	1.0253064171914557	1.0511217903177341
29600000	1.026718976042382	1.0564054011490949
29650000	1.0280858683028096	1.0616659694310857
29700000	1.0294068952198563	1.0669029781684811
29750000	1.0306818646808835	1.072115911859832
29800000	1.0319105912417137	1.07730425622891
29850000	1.0330928961543648	1.0824674979532722
29900000	1.0342286073942384	1.0876051243893112
29950000	1.0353175596867104	1.0927166232931909
30000000	1.0363595945330704	1.097801482537088
30050000	1.0373545602357626	1.1028591898201767
30100000	1.0383023119228736	1.1078892323738119
30150000	1.0392027115718239	1.1128910966603858
30200000	1.0400556280322144	1.1178642680653446
30250000	1.040860937047788	1.1228082305818585
30300000	1.041618521277461	1.127722466487664
30350000	1.0423282703153842	1.1326064560135884
30400000	1.0429900807099992	1.137459801186613
30450000	1.0436038559820513	1.1422822359527227
30500000	1.0441695066415255	1.1470734088811265
30550000	1.0446869502034732	1.151832964129105
30600000	1.0451561112027048	1.15656054181746
30650000	1.045576921207312	1.1612557782369675
30700000	1.045949318831005	1.1659183060579719
30750000	1.0462732497442322	1.1705477545422642
30800000	1.0465486666840709	1.1751437497564283
30850000	1.0467755294628611	1.1797059147858495
30900000	1.0469538049755764	1.1842338699486301
30950000	1.0470834672059104	1.188727233008655
31000000	1.0471644972310714	1.193185619387094
31050000	1.0471968832252772	1.1976086423716246
31100000	1.0471806204619396	1.201995913322702
31150000	1.0471157113145397	1.2063470418761941
31200000	1.0470021652561887	1.2106616361417335
31250000	1.046839998857876	1.214939302896147
31300000	1.0466292357854088	1.2191796477713324
31350000	1.0463699067950467	1.2233822754359722
31400000	1.0460620497278428	1.2275467897704855
31450000	1.0457057095026974	1.2316727940346242
31500000	1.0453009381081395	1.2357598910271457
31550000	1.0448477945928534	1.2398076832369922
31600000	1.0443463450549615	1.2438157729854278
31650000	1.0437966626300905	1.24778376255859
31700000	1.0431988274782367	1.2517112543299318
31750000	1.0425529267694609	1.2555978508720351
31800000	1.041859054668433	1.2594431550572893
31850000	1.04111731231786	1.2632467701469468
31900000	1.0403278078208271	1.2670082998680716
31950000	1.0394906562220836	1.2707273484779156
32000000	1.0386059794883098	1.274403520815265
32050000	1.037673906487403	1.2780364223383178
32100000	1.03669457296682	1.281625659148659
32150000	1.0356681215310193	1.285170838000917
32200000	1.0345947016180448	1.2886715662977044
32250000	1.033474469475295	1.2921274520694437
32300000	1.0323075881345292	1.2955381039387084
32350000	1.0310942273861519	1.2989031310687145
32400000	1.0298345637528328	1.302222143095613
32450000	1.0285287804625107	1.3054947500442522
32500000	1.0271770674208351	1.3087205622270848
32550000	1.0257796211831005	1.3118991901259143
32600000	1.0243366449257327	1.3150305763041807
32650000	1.022848348417381	1.3181147313418553
32700000	1.021314947989678	1.3211512756692714
32750000	1.0197366665077299	1.3241398273869562
32800000	1.018113733340393	1.3270800037255244
32850000	1.0164463843304072	1.329971421812308
32900000	1.014734861764446	1.3328136994264295
32950000	1.0129794143431476	1.335606455741175
33000000	1.0111802971511992	1.3383493120524879
33050000	1.009337771627536	1.3410418924923588
33100000	1.0074521055357257	1.3436838247258653
33150000	1.0055235729346088	1.3462747406305844
33200000	1.0035524541492618	1.3488142769570897
33250000	1.0015390357423566	1.3513020759692211
33300000	0.9994836104859871	1.3537377860628308
33350000	0.9973864773340324	1.3561210623616797
33400000	0.9952479413951336	1.3584515672891988
33450000	0.9930683139063531	1.3607289711148163
33500000	0.9908479122075915	1.3629529524735862
33550000	0.988587059716839	1.365123198857871
33600000	0.9862860859063295	1.3672394070798726
33650000	0.9839453262796765	1.3693012837038265
33700000	0.9815651223500654	1.3713085454467342
33750000	0.9791458216195764	1.37326091954654
33800000	0.9766877775597105	1.375158144096725
33850000	0.9741913495932004	1.3769999683463365
33900000	0.9716569030771746	1.3787861529645358
33950000	0.9690848092877551	1.380516470268813
34000000	0.9664754454061617	1.382190704416087
34050000	0.9638291945063971	1.3838086515559687
34100000	0.9611464455445923	1.385370119945555
34150000	0.9584275933500804	1.3868749300251821
34200000	0.9556730386182797	1.388322914454649
34250000	0.952883187905457	1.389713918109499
34300000	0.950058453625446	1.3910477980370277
34350000	0.9471992540483914	1.392324423371751
34400000	0.9443060133016001	1.3935436752101653
34450000	0.9413791613725604	1.394705446444685
34500000	0.9384191341142093	1.3958096415567365
34550000	0.9354263732525192	1.396856176369043
34600000	0.9324013263964661	1.3978449777572226
34650000	0.9293444470504628	1.3987759833208702
34700000	0.9262561946293114	1.3996491410143728
34750000	0.9231370344757528	1.4004644087377611
34800000	0.9199874378806777	1.4012217593608651
34850000	0.9168078821060628	1.4019211814809205
34900000	0.913598850410696	1.4025625061822353
34950000	0.9103608320787611	1.403145539638392
35000000	0.9070943224513328	1.4036700981567656
35050000	0.9037998229608489	1.4041360088846095
35100000	0.9004778411686188	1.4045431104759096
35150000	0.8971288908054196	1.4048912537177398
35200000	0.8937534918152378	1.4051803021149247
35250000	0.890352170402211	1.4054101324318498
35300000	0.8869254590808112	1.405580635190342
35350000	0.883473896729329	1.405691715122608
35400000	0.8799980286466922	1.4057432915783035
35450000	0.8764984066126654	1.4057352988848895
35500000	0.8729755889514715	1.4056676866605378
35550000	0.8694301405988643	1.4055404200789352
35600000	0.8658626331726845	1.4053534800854501
35650000	0.8622736450469318	1.405106863564237
35700000	0.8586637614293671	1.4048005834559596
35750000	0.8550335744426664	1.4044346688259401
35800000	0.8513836832091435	1.4040091648826545
35850000	0.8477146939390371	1.4035241329466166
35900000	0.8440272200223761	1.402979650369814
35950000	0.8403218821244091	1.402375810405975
36000000	0.8365993082845858	1.4017127220320758
36050000	0.8328601340190781	1.4009905097215933
36100000	0.8291050024268023	1.4002093131701487
36150000	0.8253345642989112	1.399369286974272
36200000	0.8215494782317136	1.3984706002641394
36250000	0.8177504107429561	1.3975134362912311
36300000	0.8139380363914056	1.3964979919719462
36350000	0.8101130378996573	1.395424477388306
36400000	0.8062761062800702	1.3942931152469553
36450000	0.8024279409637279	1.3931041402977433
36500000	0.7985692499323143	1.3918577987132286
36550000	0.7947007498527565	1.390554347430514
36600000	0.7908231662145004	1.389194053456859
36650000	0.7869372334692403	1.3877771931405585
36700000	0.7830436951729225	1.3863040514086036
36750000	0.7791433041298208	1.3847749209726592
36800000	0.7752368225384507	1.3831901015049
36850000	0.7713250221390783	1.3815497431627581
36900000	0.7674086843625567	1.3798538086518533
36950000	0.7634886004801842	1.3781024733769907
37000000	0.7595655717542664	1.376295924680363
37050000	0.7556404095890344	1.3744343578010823
37100000	0.7517139356815283	1.3725179760676751
37150000	0.7477869821720463	1.370546991057013
37200000	0.7438603917937039	1.3685216227198538
37250000	0.7399350180206272	1.3664420994732294
37300000	0.7360117252142693	1.3643086582599495
37350000	0.732091388767285	1.3621215445755488
37400000	0.7281748952443763	1.3598810124630494
37450000	0.7242631425194731	1.3575873244759613
37500000	0.720357039908563	1.3552407516099905
37550000	0.7164575082974469	1.3528415732039702
37600000	0.7125654802636523	1.3503900768105868
37650000	0.7086819001916733	1.3478865580375041
37700000	0.7048077243806677	1.3453313203595478
37750000	0.700943921143692	1.342724674902646
37800000	0.6970914708974809	1.3400669402002683
37850000	0.6932513662417533	1.337358441923139
37900000	0.6894246120269394	1.3345995125830452
37950000	0.6856122254091856	1.331790491211585
38000000	0.6818152358914373	1.3289317230147402
38050000	0.6780346853493184	1.3260235590041791
38100000	0.6742716280404958	1.3230663556062292
38150000	0.6705271305961396	1.3200604742494697
38200000	0.6668022719930363	1.3170062809319194
38250000	0.6630981435048519	1.3139041457688152
38300000	0.6594158486309974	1.3107544425219702
38350000	0.6557565030014717	1.307557548111725
38400000	0.6521212342560326	1.3043138421125051
38450000	0.6485111818959737	1.3010237062329872
38500000	0.6449274971067523	1.2976875237818846
38550000	0.6413713425496775	1.29430567912035
38600000	0.6378438921208148	1.2908785571019803
38650000	0.6343463306752536	1.2874065425013939
38700000	0.6308798537148533	1.283890019432332
38750000	0.6274456670375694	1.2803293707562147
38800000	0.6240449863464577	1.2767249774820475
38850000	0.6206790368164681	1.273077218158561
38900000	0.6173490526171459	1.2693864682594136
38950000	0.6140562763893898	1.2656529869351412
39000000	0.6108019586744765	1.261876723377546
39050000	0.6075873572935898	1.2580580706902909
39100000	0.6044137366762015	1.254197469034096
39150000	0.6012823671357127	1.250295356471148
39200000	0.5981945240908965	1.2463521691093038
39250000	0.5951514872318034	1.2423683412335964
39300000	0.5921545396289413	1.2383443054253596
39350000	0.5892049667847119	1.2342804926692756
39400000	0.586304055626294	1.2301773324486858
39450000	0.5834530934393534	1.2260352528294949
39500000	0.5806533667422263	1.2218546805330288
39550000	0.5779061601004704	1.2176360409981997
39600000	0.5752127548819679	1.2133797584333612
39650000	0.5725744279530779	1.2090862558582347
39700000	0.5699924503166623	1.2047559551363074
39750000	0.5674680856931658	1.2003892769981186
39800000	0.5650025890463097	1.1959866410558526
39850000	0.562597205055342	1.191548465809689
39900000	0.5602531665362034	1.1870751686463548
39950000	0.5579716928143954	1.182567165830357
40000000	0.5557539880527632	1.1780248724883806
40050000	0.5536012395378572	1.173448702587357
40100000	0.5515146159289895	1.1688390689067232
40150000	0.5494952654745355	1.164196383005423
40200000	0.5475443142004992	1.159521055184201
40250000	0.5456628640767783	1.1548134944437898
40300000	0.5438519911669986	1.1500741084395882
40350000	0.5421127437681931	1.1453033034334743
40400000	0.54044614054698	1.140501484243411
40450000	0.5388531686792413	1.1356690541915402
40500000	0.5373347820006305	1.1308064150514894
40550000	0.5358918991755024	1.1259139669956506
40600000	0.5345254018920925	1.1209921085432295
40650000	0.5332361330919527	1.116041236509901
40700000	0.5320248952417719	1.1110617459599592
40750000	0.5308924486557662	1.1060540301618897
40800000	0.5298395098768349	1.101018480548351
40850000	0.5288667501245992	1.0959554866816097
40900000	0.5279747938183046	1.0908654362255334
40950000	0.5271642171823723	1.0857487149253247
41000000	0.5264355469420873	1.0806057065962424
41050000	0.5257892591165851	1.075436793122657
41100000	0.5252257779158576	1.070242354468863
41150000	0.5247454747480382	1.0650228210632573
41200000	0.524348667342662	1.0597787451518095
41250000	0.5240356189950017	1.0545106813461629
41300000	0.5238065379359153	1.049219185330272
41350000	0.5236615768309442	1.043904814352627
41400000	0.5236008324116445	1.038568127651805
41450000	0.5236243452413666	1.033209686875453
41500000	0.5237320996168956	1.0278300564932428
41550000	0.5239240236065373	1.0224298042043387
41600000	0.5241999892244302	1.0170095013399187
41650000	0.5245598127400254	1.0115697232613012
41700000	0.5250032551208778	1.0061110497542283
41750000	0.5255300226061016	1.0006340654198742
41800000	0.5261397674070751	0.9951393600631501
41850000	0.526832088531269	0.9896275290788958
41900000	0.527606532724381	0.9840991738365612
41950000	0.5284625955253359	0.9785549020639993
42000000	0.5293997224281372	0.9729953282310154
42050000	0.5304173101440403	0.9674210739333389
42100000	0.5315147079570759	0.9618327682777144
42150000	0.5326912191655698	0.9562310482688413
42200000	0.5339461026019933	0.9506165591989175
42250000	0.5352785742232503	0.9449899550406012
42300000	0.536687808763323	0.9393518988442275
42350000	0.5381729414401162	0.9337030631401828
42400000	0.5397330697083015	0.928044130347389
42450000	0.5413672550499925	0.9223757931889084
42500000	0.5430745247951949	0.9166987551157562
42550000	0.5448538739641081	0.9110137307400723
42600000	0.5467042671235824	0.9053214462788972
42650000	0.5486246402502761	0.8996226400098819
42700000	0.5506139025933688	0.8939180627403657
42750000	0.5526709385300074	0.8882084782913651
42800000	0.5547946094070525	0.8824946639981408
42850000	0.5569837553630641	0.8767774112291442
42900000	0.5592371971248992	0.8710575259252883
42950000	0.5615537377737201	0.8653358291616554
43000000	0.5639321644756494	0.8596131577339257
43050000	0.5663712501727721	0.8538903647720074
43100000	0.5688697552306115	0.8481683203835594
43150000	0.5714264290386755	0.8424479123303302
43200000	0.5740400115610962	0.8367300467404885
43250000	0.576709234834817	0.8310156488603982
43300000	0.579432824413203	0.8253056638495897
43350000	0.5822095007533451	0.8196010576230036
43400000	0.5850379805457179	0.8139028192758373
43450000	0.5879169779852056	0.8082126854348559
43500000	0.5908452059828639	0.8025322268386165
43550000	0.5938213773180899	0.7968624127891747
43600000	0.5968442057311871	0.7912042489918266
43650000	0.5999124069565712	0.785558778583461
43700000	0.6030246996971194	0.7799270831361457
43750000	0.6061798065403903	0.774310283630427
43800000	0.6093764548176535	0.768709541392212
43850000	0.612613377406828	0.7631260589864293
43900000	0.6158893134806191	0.7575610810599872
43950000	0.6192030092012567	0.7520158951258292
44000000	0.6225532183633636	0.7464918322791402
44050000	0.6259387029865964	0.7409902678360091
44100000	0.6293582338597579	0.7355126218840662
44150000	0.6328105910381742	0.7300603597338527
44200000	0.6362945642961568	0.7246349922588914
44250000	0.6398089535364153	0.7192380761116887
44300000	0.6433525691583168	0.7138712138021666
44350000	0.6469242323868847	0.7085360536243512
44400000	0.6505227755644339	0.7032342894165443
44450000	0.6541470424067427	0.6979676601396863
44500000	0.6577958882256251	0.6927379492582326
44550000	0.6614681801197496	0.6875469839076161
44600000	0.6651627971355238	0.6823966338322996
44650000	0.6688786303998172	0.6772888100785919
44700000	0.6726145832262513	0.6722254634268023
44750000	0.6763695711967517	0.6672085825480317
44800000	0.6801425222199843	0.6622401918719737
44850000	0.6839323765682678	0.6573223491535581
44900000	0.6877380868944831	0.6524571427282022
44950000	0.6915586182304453	0.6476466884478537
45000000	0.6953929479681547	0.6428931262929983
45050000	0.6992400658252745	0.6381986166593893
45100000	0.7030989737961253	0.6335653363224959
45150000	0.7069686860894321	0.6289954740876067
45200000	0.7108482290540019	0.6244912261391622
45250000	0.7147366410934368	0.6200547911092934
45300000	0.7186329725709572	0.6156883648926551
45350000	0.7225362857053242	0.6113941352425126
45400000	0.7264456544588227	0.607174276191536
45450000	0.730360164418194	0.6030309423499172
45500000	0.7342789126693617	0.5989662631430362
45550000	0.7382010076667527	0.5949823370608988
45600000	0.7421255690979538	0.5910812260017564
45650000	0.7460517277444029	0.5872649446941259
45700000	0.749978625338777	0.5835353625585759
45750000	0.7539054144196866	0.579894567894522
45800000	0.7578312581842435	0.5763448065391806
45850000	0.7617553303390435	0.5728883891188328
45900000	0.7656768149500566	0.5695276852912621
45950000	0.769594906291879	0.5662651169998645
46000000	0.7735088086967853	0.5631031507037351
46050000	0.777417736403961	0.5600442885613733
46100000	0.781320913409292	0.5570910585616707
46150000	0.7852175733160411	0.5542460036144831
46200000	0.7891069591867155	0.5515116696342719
46250000	0.792988323396415	0.5488905926737089
46300000	0.7968609274879176	0.5463852851894263
46350000	0.8007240420287319	0.5439982215487354
46400000	0.8045769464703385	0.5417318229133974
46450000	0.8084189290098102	0.5395884416636679
46500000	0.8122492864539836	0.5375703455518592
46550000	0.816067324086346	0.5356797017985556
46600000	0.8198723555367692	0.5339185613653205
46650000	0.8236637026542231	0.5322888436540837
46700000	0.8274406953825759	0.5307923218944128
46750000	0.8312026716395738	0.5294306094845608
46800000	0.8349489771990918	0.5282051475497839
46850000	0.8386789655767226	0.527117193971391
46900000	0.8423919979187624	0.5261678141220794
46950000	0.8460874428946491	0.5253578735173285
47000000	0.8497646765928932	0.5246880325595064
47050000	0.8534230824205267	0.5241587435115213
47100000	0.8570620510061019	0.5237702497915698
47150000	0.8606809801062529	0.5235225876311272
47200000	0.8642792745158232	0.5234155900864836
47250000	0.8678563459815716	0.5234488933417025
47300000	0.8714116131194405	0.5236219451896703
47350000	0.8749445013353861	0.5239340155298915
47400000	0.8784544427497516	0.5243842086784655
47450000	0.8819408761251563	0.5249714772488979
47500000	0.8854032467978897	0.5256946373331376
47550000	0.8888410066127699	0.5265523846914488
47600000	0.8922536138614341	0.5275433116478182
47650000	0.8956405332240317	0.5286659243846931
47700000	0.8990012357142734	0.5299186603365525
47750000	0.9023351986277924	0.5312999053955578
47800000	0.9056419054937783	0.5328082286524771
47850000	0.9089208460298271	0.5344432119221226
47900000	0.9121715160999606	0.5362041490901902
47950000	0.9153934176757623	0.5380901410988191
48000000	0.9185860588005684	0.5401001449366534
48050000	0.9217489535566656	0.5422329723302117
48100000	0.9248816220354286	0.5444872903473654
48150000	0.9279835903103373	0.5468616238128984
48200000	0.9310543904128166	0.5493543594055457
48250000	0.9340935603108306	0.5519637512811245
48300000	0.9371006438901632	0.5546879280475325
48350000	0.9400751909383267	0.5575249009045917
48400000	0.9430167571310251	0.5604725727545545
48450000	0.945924904021103	0.5635287480873613
48500000	0.9487991990299175	0.5666911434476867
48550000	0.9516392154410532	0.5699573982979762
48600000	0.9544445323963179	0.5733250861022301
48650000	0.9572147348939443	0.5767917254685876
48700000	0.9599494137889222	0.58035479120407
48750000	0.9626481657953936	0.5840117251514817
48800000	0.9653105934910363	0.5877599466958253
48850000	0.9679363053233577	0.5915968628451249
48900000	0.9705249156178304	0.5955198778077923
48950000	0.9730760445877941	0.5995264020052178
49000000	0.9755893183460435	0.603613860473841
49050000	0.9780643689180364	0.6077797006253124
49100000	0.98050083425664	0.6120213993463345
49150000	0.9828983582583402	0.6163364694313106
49200000	0.9852565907808448	0.6207224653509569
49250000	0.987575187661997	0.6251769883685945
49300000	0.9898538107399308	0.6296976910229716
49350000	0.9920921278743888	0.6342822810022283
49400000	0.9942898129691283	0.6389285244381515
49450000	0.9964465459953418	0.6436342486532433
49500000	0.9985620130160175	0.6483973443954852
49550000	1.0006359062111618	0.6532157675971503
49600000	1.0026679239038137	0.6580875406946965
49650000	1.0046577705867774	0.6630107535468055
49700000	1.0066051569499943	0.6679835639871126
49750000	1.0085097999084909	0.6730041980472002
49800000	1.0103714226308194	0.6780709498841141
49850000	1.0121897545679295	0.6831820438467996
49900000	1.0139645314823946	0.6883352611549097
49950000	1.0156954954779214	0.6935288017082161
50000000	1.017382395029078	0.698760941172392
50050000	1.0190249850111677	0.704029978823003
50100000	1.0206230267301821	0.7093342385817858
50150000	1.022176287952768	0.714672069956297
50200000	1.0236845429361388	0.7200418488812853
50250000	1.025147572457868	0.725441978461465
50300000	1.0265651638455027	0.7308708896164796
50350000	1.0279371110059292	0.7363270416297749
50400000	1.029263214454436	0.7418089226038532
50450000	1.0305432813434088	0.7473150498249913
50500000	1.0317771254906003	0.7528439700409787
50550000	1.03296456740692	0.7583942596557879
50600000	1.034105434323687	0.7639645248453515
50650000	1.0351995602192865	0.7695534015987799
50700000	1.0362467858451865	0.7751595556894578
50750000	1.037246958751257	0.7807816825804778
50800000	1.038199933310343	0.7864185072688535
50850000	1.0391055707420465	0.7920687840728831
50900000	1.03996373913567	0.7977312963669262
50950000	1.0407743134722753	0.8034048562677324
51000000	1.0415371756458218	0.8090883042762921
51050000	1.0422522144833357	0.8147805088790119
51100000	1.0429193257640794	0.8204803661118292
51150000	1.0435384122376816	0.826186799090678
51200000	1.044109383641193	0.8318987575115225
51250000	1.0446321567150383	0.8376152171229627
51300000	1.0451066552178343	0.8433351791742126
51350000	1.0455328099400436	0.849057669841051
51400000	1.045910558716443	0.8547817396321323
51450000	1.0462398464373805	0.8605064627778589
51500000	1.0465206250588	0.8662309366038152
51550000	1.0467528536110176	0.8719542808905834
51600000	1.0469364982062304	0.877675637221575
51650000	1.0470715320447472	0.883394168320347
51700000	1.0471579354199252	0.8891090573786957
51750000	1.0471956957218094	0.8948195073766718
51800000	1.0471848074394616	0.9005247403955038
51850000	1.0471252721619808	0.9062239969242735
51900000	1.0470170985782097	0.9119165351610489
51950000	1.0468603024751262	0.9176016303090521
52000000	1.0466549067349287	0.9232782207310151
52050000	1.0464009413308142	0.9289451154811604
52100000	1.046098443321462	0.934601689142742
52150000	1.0457474568442282	0.9402473315862719
52200000	1.045348033107068	0.9458814417424886
52250000	1.044900230379199	0.9515034270274318
52300000	1.0444041139805225	0.9571127028079011
52350000	1.0438597562698206	0.9627086919036857
52400000	1.0432672366317552	0.9682908241232304
52450000	1.0426266414626888	0.9738585358296606
52500000	1.0419380641553566	0.9794112695343206
52550000	1.041201605082416	0.9849484735151977
52600000	1.040417371578905	0.9904696014578022
52650000	1.0395854779236446	0.9959741121162476
52700000	1.038706045319615	1.0014614689924481
52750000	1.03777920187335	1.0069311400314955
52800000	1.0368050825733797	1.0123825973314184
52850000	1.0357838292677708	1.017815316865657
52900000	1.0347155906408034	1.0232287782166927
52950000	1.033600522188828	1.0286224643193906
53000000	1.0324387861953528	1.0339958612127031
53050000	1.0312305517054052	1.0393484577984717
53100000	1.029975994499225	1.044679745606148
53150000	1.0286752970653312	1.0499892185623325
53200000	1.0273286485730229	1.0552763727640913
53250000	1.0259362448443696	1.060540706255078
53300000	1.0244982883257416	1.065781718803549
53350000	1.0230149880589434	1.0709989116814018
53400000	1.021486559652009	1.0761917874434266
53450000	1.0199132252497158	1.0813598497059949
53500000	1.0182952135038843	1.0865026029244578
53550000	1.016632759543524	1.0916195521685534
53600000	1.014926104944887	1.0967102028951663
53650000	1.0131754977015006	1.101774060717801
53700000	1.0113811921942424	1.1068106311721715
53750000	1.0095434491615205	1.111819419477321
53800000	1.007662535669638	1.1167999302917204
53850000	1.0057387250833976	1.1217516674638035
53900000	1.0037722970370297	1.1266741337764272
53950000	1.0017635374055018	1.1315668306847484
54000000	0.9997127382762898	1.136429258047039
54050000	0.9976201979216812	1.141260913847961
54100000	0.9954862207716766	1.146061293913846
54150000	0.9933111173875723	1.1508298916195252
54200000	0.9910952044362917	1.1555661975862794
54250000	0.9888388046655363	1.160269747198618
54300000	0.9865422468798389	1.1649403715853746
54350000	0.9842058659175894	1.1695777641157383
54400000	0.9818300026291031	1.1741815744834452
54450000	0.9794150038558157	1.1787514476418839
54500000	0.976961222410676	1.1832870240956503
54550000	0.9744690170598065	1.187787940193544
54600000	0.9719387525055168	1.1922538284222632
54650000	0.9693707993707403	1.1966843177000563
54700000	0.9667655341849654	1.2010790336696178
54750000	0.964123339371744	1.2054375989895043
54800000	0.9614446032378507	1.2097596336233853
54850000	0.95872971996416	1.2140447551264262
54900000	0.9559790895983262	1.2182925789281278
54950000	0.953193118049338	1.222502718610945
55000000	0.950372217084013	1.2266747861840168
55050000	0.9475168043255179	1.2308083923513489
55100000	0.9446273032539807	1.2349031467737928
55150000	0.9417041432092704	1.2389586583241794
55200000	0.9387477593960087	1.2429745353349622
55250000	0.9357585928908977	1.246950385837743
55300000	0.9327370906524254	1.2508858177940545
55350000	0.9296837055330174	1.2547804393167796
55400000	0.9265988962937103	1.25863385888161
55450000	0.9234831276214144	1.262445685527934
55500000	0.9203368701488208	1.2662155290485713
55550000	0.9171606004770374	1.2699430001677778
55600000	0.9139548012010046	1.2736277107069474
55650000	0.9107199609377561	1.2772692737374551
55700000	0.9074565743575916	1.2808673037201044
55750000	0.9041651422182208	1.2844214166306347
55800000	0.9008461714019271	1.2879312300707821
55850000	0.8975001749558237	1.2913963633643792
55900000	0.8941276721352474	1.2948164376380071
55950000	0.8907291884503379	1.2981910758857271
56000000	0.887305255715866	1.3015199030174198
56050000	0.8838564121043506	1.3048025458902999
56100000	0.8803832022025023	1.3080386333231664
56150000	0.8768861770710521	1.311227796092983
56200000	0.8733658943079933	1.3143696669133833
56250000	0.8698229181152667	1.3174638803947334
56300000	0.8662578193689342	1.3205100729853763
56350000	0.8626711756928621	1.3235078828937246
56400000	0.859063571535928	1.326456949990868
56450000	0.855435598252786	1.3293569156933855
56500000	0.8517878541881905	1.332207535137432
56550000	0.8481209447648956	1.3350089933486111
56600000	0.8444354825751186	1.3377609876287502
56650000	0.8407320874755777	1.3404631404780334
56700000	0.8370113866860878	1.3431150746144103
56750000	0.8332740148916831	1.345716413795192
56800000	0.829520614348258	1.3482667836245747
56850000	0.8257518349916824	1.3507658123458162
56900000	0.8219683345503367	1.3532131316167513
56950000	0.8181707786610295	1.355608377267294
57000000	0.8143598409882227	1.357951190037549
57050000	0.8105362033464806	1.3602412162951254
57100000	0.8067005558260663	1.3624781087302464
57150000	0.8028535969215808	1.364661527027223
57200000	0.7989960336635125	1.3667911385108804
57250000	0.795128581752588	1.3688666187665144
57300000	0.7912519656967654	1.37088765223199
57350000	0.7873669189506954	1.372853932760598
57400000	0.7834741840574899	1.374765164153332
57450000	0.7795745127925773	1.376621060659269
57500000	0.775668666309422	1.3784213474427938
57550000	0.7717574152868748	1.3801657610164482
57600000	0.767841540077876	1.3818540496382428
57650000	0.7639218308592114	1.3834859736723324
57700000	0.7599990877820197	1.385061305912022
57750000	0.7560741211226841	1.386579831864137
57800000	0.7521477514337458	1.3880413499938753
57850000	0.7482208096944148	1.3894456719293313
57900000	0.7442941374602534	1.390792622624964
57950000	0.7403685870115503	1.3920820404833745
58000000	0.7364450214998616	1.3933137774348376
58050000	0.7325243150921886	1.3944876989741273
58100000	0.7286073531121919	1.3956036841542605
58150000	0.7246950321778024	1.396661625536882
58200000	0.7207882603345692	1.3976614290990974
58250000	0.7168879571840183	1.3986030140966534
58300000	0.7129950540062422	1.3994863128834554
58350000	0.7091104938759231	1.4003112706874936
58400000	0.7052352317709114	1.4010778453433383
58450000	0.7013702346724352	1.4017860069814438
58500000	0.6975164816559799	1.4024357376745775
58550000	0.6936749639718035	1.4030270310417623
58600000	0.6898466851139936	1.4035598918101946
58650000	0.6860326608769413	1.4040343353356586
58700000	0.6822339193980216	1.404450387082015
58750000	0.6784515011852147	1.4048080650333414
58800000	0.6746864591283634	1.4051072700373992
58850000	0.670939858492683	1.4053478565043185
58900000	0.6672127768930797	1.405529689046232
58950000	0.6635063042477976	1.4056526433666021
59000000	0.659821542709832	1.4057166068776779
59050000	0.6561596065745139	1.4057214792760941
59100000	0.6525216221615924	1.4056671730755976
59150000	0.6489087276701269	1.4055536140959524
59200000	0.6453220730044271	1.4053807419071473
59250000	0.6417628195692411	1.4051485102280976
59300000	0.6382321400323762	1.4048568872791298
59350000	0.6347312180528885	1.4045058560876158
59400000	0.6312612479729509	1.4040954147462275
59450000	0.6278234344715186	1.4036255766233792
59500000	0.6244189921778858	1.403096370525534
59550000	0.6210491452432292	1.4025078408111447
59600000	0.6177151268682736	1.4018600474561376
59650000	0.6144181787852191	1.4011530660709286
59700000	0.6111595506921194	1.4003869878690975
59750000	0.6079404996379668	1.399561919587954
59800000	0.6047622893568031	1.398677983361337
59850000	0.6016261895492588	1.3977353165451118
59900000	0.5985334751100531	1.3967340714959309
59950000	0.5954854253000985	1.3956744153039384
60000000	0.5924833228619952	1.3945565294801994
60050000	0.589528453077896	1.393380609599735
60100000	0.5866221027688902	1.3921468649011448
60150000	0.5837655592352716	1.3908555178438768
60200000	0.5809601091373106	1.3895068036243035
60250000	0.5782070373163868	1.3881009696518236
60300000	0.5755076255566459	1.386638274986293
60350000	0.5728631512876238	1.3851189897381404
60400000	0.5702748862286457	1.3835433944325788
60450000	0.5677440949761312	1.3819117793393754
60500000	0.5652720335353119	1.3802244437696705
60550000	0.5628599477982811	1.3784816953413692
60600000	0.5605090719706761	1.3766838492146458
60650000	0.5582206269497273	1.3748312272991103
60700000	0.5559958186568531	1.3729241574341873
60750000	0.553835836328405	1.370962972544247
60800000	0.5517418507686246	1.3689477824636125
60850000	0.54971501256933	1.3668785727694601
60900000	0.5477564503012855	1.364755580609231
60950000	0.5458672686826467	1.3625790500432589
61000000	0.5440485467303108	1.3603492313196308
61050000	0.5423013359003991	1.3580663810180655
61100000	0.5406266582244799	1.3557307621644314
61150000	0.5390255044485084	1.3533426443161756
61200000	0.5374988321817699	1.3509023036189851
61250000	0.5360475640633917	1.348410022835021
61300000	0.5346725859542323	1.345866091343117
61350000	0.533374745162138	1.3432708051113613
61400000	0.5321548487086745	1.3406244666425184
61450000	0.5310136616455309	1.3379273848927988
61500000	0.5299519054287818	1.3351798751644888
61550000	0.5289702563591407	1.3323822589730199
61600000	0.5280693440962078	1.3295348638890707
61650000	0.527249750254513	1.3266380233563326
61700000	0.526512007088893	1.3236920764856013
61750000	0.5258565962763834	1.3206973678258853
61800000	0.5252839478014226	1.3176542471132515
61850000	0.5247944389506605	1.3145630689981473
61900000	0.5243883934231441	1.3114241927519736
61950000	0.5240660805610478	1.3082379819536918
62000000	0.5238277147054591	1.3050048041572744
62050000	0.5236734546810352	1.3017250305408283
62100000	0.5236034034126046	1.298399035538223
62150000	0.5236176076760091	1.2950271964540772
62200000	0.5237160579846901	1.2916098930629654
62250000	0.5238986886126981	1.288147507193706
62300000	0.5241653777539911	1.2846404222996024
62350000	0.5245159478170592	1.281089023015507
62400000	0.5249501658531044	1.2774936947025763
62450000	0.5254677441152136	1.273854822981578
62500000	0.5260683407451974	1.2701727932556113
62550000	0.5267515605840406	1.2664479902230807
62600000	0.5275169561012221	1.2626807973817624
62650000	0.5283640284375334	1.2588715965247785
62700000	0.5292922285554366	1.2550207672292824
62750000	0.5303009584904907	1.2511286863386364
62800000	0.5313895726969156	1.2471957274388437
62850000	0.5325573794799845	1.243222260329969
62900000	0.5338036425076054	1.2392086504631887
62950000	0.5351275823932178	1.2351549703512212
63000000	0.5365283783419537	1.2310613755753552
63050000	0.5380051698518945	1.2269283322760438
63100000	0.539557058462235	1.2227563034772095
63150000	0.5411831095401808	1.2185457492790692
63200000	0.5428823540984977	1.21429712703964
63250000	0.544653790635784	1.2100108915452406
63300000	0.5464963869917351	1.2056874951703054
63350000	0.548409082209917	1.2013273880268576
63400000	0.5503907884008677	1.196931018103969
63450000	0.5524403925986746	1.1924988313975804
63500000	0.5545567586045355	1.1880312720310384
63550000	0.5567387288112101	1.1835287823667335
63600000	0.5589851260026919	1.178991803109236
63650000	0.5612947551238322	1.1744207734003318
63700000	0.5636664050151228	1.1698161309063875
63750000	0.5660988501082768	1.165178311898474
63800000	0.5685908520786893	1.1605077513257138
63850000	0.57114116145132	1.1558048828823146
63900000	0.573748519156982	1.151070139068788
63950000	0.5764116580364336	1.1463039512478617
64000000	0.5791293042901106	1.1415067496956206
64050000	0.5819001788717227	1.1366789636484325
64100000	0.5847229988243365	1.1318210213462456
64150000	0.5875964785579157	1.1269333500728638
64200000	0.5905193310676479	1.122016376193843
64250000	0.5934902690927099	1.117070525192679
64300000	0.596508006215407	1.1120962217059962
64350000	0.5995712579009143	1.1070938895584808
64400000	0.6026787424781	1.1020639517983422
64450000	0.6058291820621254	1.0970068307341372
64500000	0.6090213034197334	1.0919229479738317
64550000	0.612253838778334	1.0868127244670316
64600000	0.6155255265801228	1.0816765805513728
64650000	0.6188351121826434	1.0765149360041186
64700000	0.6221813485073128	1.0713282101000838
64750000	0.6255629966375253	1.0661168216770796
64800000	0.6289788263680389	1.0608811892101517
64850000	0.632427616707429	1.0556217308959748
64900000	0.6359081563354194	1.0503388647488645
64950000	0.639419244016958	1.0450330087099726
65000000	0.6429596889749323	1.0397045807713468
65050000	0.6465283112234093	1.0343539991166681
65100000	0.6501239418633042	1.0289816822806173
65150000	0.6537454233423832	1.023588098548023
65200000	0.6573916096814503	1.0181740013528642
65250000	0.6610613666685892	1.0127400085037237
65300000	0.6647535720232614	1.0072867065272084
65350000	0.6684671155320602	1.0018146867517723
65400000	0.672200899157835	0.9963245458063411
65450000	0.6759538371238908	0.9908168861134359
65500000	0.6797248559749071	0.9852923163772899
65550000	0.6835128946161483	0.9797514520674184
65600000	0.6873169043325059	0.9741949158981039
65650000	0.6911358487888563	0.9686233383042377
65700000	0.6949687040131308	0.9630373579139544
65750000	0.698814458363469	0.9574376220184868
65800000	0.7026721124807568	0.951824787039655
65850000	0.7065406792277783	0.9461995189954042
65900000	0.7104191836161627	0.9405624939637963
65950000	0.7143066627222672	0.9349143985458578
66000000	0.718202165593034	0.9292559303276837
66050000	0.7221047531428504	0.9235877983422016
66100000	0.726013498042367	0.9179107235309966
66150000	0.7299274846001637	0.912225439206606
66200000	0.7338458086381203	0.9065326915157013
66250000	0.737767577361302	0.9008332399035796
66300000	0.7416919092230916	0.8951278575804094
66350000	0.7456179337862855	0.889417331989685
66400000	0.7495447915808207	0.8837024652793665
66450000	0.7534716339587316	0.8779840747762155
66500000	0.7573976229469317	0.8722629934638576
66550000	0.7613219310983409	0.8665400704651466
66600000	0.7652437413418771	0.8608161715294486
66650000	0.7691622468317578	0.8550921795255105
66700000	0.773076650796548	0.8493689949406407
66750000	0.7769861663883626	0.8436475363869939
66800000	0.7808900165325741	0.8379287411158344
66850000	0.784787433778371	0.8322135655407344
66900000	0.7886776601504871	0.826502985770771
66950000	0.7925599470023696	0.8207979981548978
67000000	0.796433554871057	0.8150996198387992
67050000	0.8002977533340101	0.8094088893356809
67100000	0.8041518208680984	0.8037268671126176
67150000	0.8079950447109457	0.7980546361942655
67200000	0.811826720724818	0.7923933027859591
67250000	0.8156461532631988	0.7867439969184398
67300000	0.8194526550402018	0.7811078731167385
67350000	0.8232455470029532	0.7754861110960092
67400000	0.8270241582070428	0.769879916487451
67450000	0.8307878256951476	0.7642908380520853
67500000	0.8345358943789217	0.7587210170983333
67550000	0.838267716924209	0.7531716481646206
67600000	0.8419826536396505	0.7476439032895124
67650000	0.8456800723687447	0.7421390027606335
67700000	0.8493593483853842	0.7366582162015539
67750000	0.8530198642929201	0.7312028635939646
67800000	0.8566610099267621	0.7257743162234025
67850000	0.8602821822605512	0.7203739975356637
67900000	0.8638827853158912	0.7150033838898958
67950000	0.8674622300756567	0.7096640051931946
68000000	0.8710199344008726	0.70435744540035
68050000	0.874555322951151	0.6990853428612331
68100000	0.878067827108667	0.693849390497176
68150000	0.8815568849056715	0.6886513357866152
68200000	0.8850219409554926	0.6834929805392954
68250000	0.8884624463870107	0.6783761804374341
68300000	0.8918778587825789	0.6733028443215519
68350000	0.8952676421193377	0.6682749331981476
68400000	0.8986312667138934	0.6632944589461425
68450000	0.9019682091703207	0.658363482699055
68500000	0.9052779523314346	0.6534841128802894
68550000	0.9085599852332857	0.6486585028697508
68600000	0.9118138030628367	0.6438888482813576
68650000	0.915038907118753	0.6391773838329334
68700000	0.9182348047752594	0.6345263797925179
68750000	0.9214010094490113	0.6299381379884434
68800000	0.924537040568907	0.6254149873745759
68850000	0.9276424235487909	0.620959279147072
68900000	0.9307166897629867	0.6165733814148431
68950000	0.9337593765245876	0.612259673432727
69000000	0.9367700270664437	0.6080205394141439
69050000	0.939748190524786	0.6038583619488035
69100000	0.9426934219254083	0.5997755150607358
69150000	0.9456052821723467	0.5957743569525706
69200000	0.9484833380389839	0.5918572224934102
69250000	0.9513271621615137	0.5880264155197229
69300000	0.9541363330346859	0.584284201031253
69350000	0.9569104350097651	0.5806327973766796
69400000	0.9596490582946361	0.5770743685364564
69450000	0.9623517989559728	0.5736110166224597
69500000	0.9650182589234021	0.5702447747254432
69550000	0.9676480459955963	0.5669776002512935
69600000	0.9702407738482062	0.5638113688952623
69650000	0.9727960620435683	0.5607478694091167
69700000	0.9753135360421165	0.5577887482959445
69750000	0.9777928272154109	0.554935660173285
69800000	0.9802335728607163	0.5521907782428254
69850000	0.9826354162170587	0.5495563528685625
69900000	0.984998006482674	0.5470346621356297
69950000	0.9873209988337815	0.544628000456318
70000000	0.9896040544446066	0.5423386660566889
70050000	0.991846840508574	0.5401689474127802
70100000	0.9940490302605947	0.5381211087348574
70150000	0.9962103030003818	0.536197374628599
70200000	0.998330344116709	0.5343999140927123
70250000	1.00040884511254	0.5327308240421162
70300000	1.0024455036309619	0.5311921125734398
70350000	1.004440023481841	0.5297856822138728
70400000	1.006392114669127	0.5285133134142124
70450000	1.0083014934187404	0.5273766485610805
70500000	1.010167882206965	0.5263771767907063
70550000	1.0119910097892733	0.5255162198865784
70600000	1.013770611229516	0.5247949195349974
70650000	1.0155064279294064	0.524214226195983
70700000	1.0171982076582273	0.5237748898220457
70750000	1.0188457045826889	0.5234774526246173
70800000	1.0204486792968808	0.5233222440482515
70850000	1.0220068988522386	0.5233093780672122
70900000	1.023520136787463	0.52343875286937
70950000	1.0249881731583328	0.5237100529400254
71000000	1.0264107945673395	0.5241227535053654
71050000	1.0277877941930829	0.5246761272435755
71100000	1.0291189718193718	0.5253692531230447
71150000	1.0304041338639616	0.5262010271833605
71200000	1.031643093406874	0.5271701750372769
71250000	1.032835670218244	0.5282752658417629
71300000	1.033981690785632	0.5295147274643323
71350000	1.035080988340751	0.5308868625575349
71400000	1.0361334028855567	0.5323898652497467
71450000	1.037138781217644	0.5340218381638925
71500000	1.0380969769549069	0.5357808094867836
71550000	1.0390078505594098	0.5376647498294067
71600000	1.0398712693604246	0.5396715886416864
71650000	1.0406871075765913	0.5417992299726465
71700000	1.0414552463371578	0.5440455673972988
71750000	1.04217557370226	0.5464084979636638
71800000	1.0428479846822027	0.5488861288496856
71850000	1.0434723812557054	0.5514773776311361
71900000	1.04404867238708	0.5541808123563088
71950000	1.044576774042305	0.5569948404358495
72000000	1.0450566092039704	0.5599177582719618
72050000	1.0454881078850617	0.562947755759041
72100000	1.0458712071415603	0.5660829219435128
72150000	1.0462058510838352	0.5693212516725467
72200000	1.046491990886805	0.5726606530593433
72250000	1.0467295847988527	0.5760989555948054
72300000	1.0469185981494757	0.5796339187410425
72350000	1.0470590033556577	0.5832632408507055
72400000	1.0471507799269495	0.5869845682670002
72450000	1.0471939144692517	0.5907955044717759
72500000	1.0471884006872885	0.5946936191627994
72550000	1.0471342393857734	0.5986764571556763
72600000	1.0470314384692603	0.6027415470204515
72650000	1.0468800129406808	0.6068864093773044
72700000	1.0466799848985728	0.6111085647896531
72750000	1.0464313835330037	0.6154055412061642
72800000	1.046134245120195	0.6197748809153952
72850000	1.0457886130158602	0.6242141469880088
72900000	1.045394537647267	0.6287209291915495
72950000	1.044952076504038	0.6332928493716828
73000000	1.0444612941277083	0.6379275663015075
73050000	1.0439222621000568	0.642622780007158
73100000	1.0433350590302375	0.6473762355833899
73150000	1.0426997705407286	0.6521857265173303
73200000	1.042016489252129	0.6570490975421016
73250000	1.0412853147668326	0.6619642470447152
73300000	1.0405063536516035	0.6669291290545398
73350000	1.039679719419094	0.6719417548399107
73400000	1.0388055325083343	0.677000194141099
73450000	1.0378839202642296	0.6821025760680426
73500000	1.0369150169161099	0.6872470896909845
73550000	1.0358989635553657	0.6924319843515817
73600000	1.0348359081122191	0.6976555697211821
73650000	1.033726005331667	0.7029162156318864
73700000	1.0325694167486545	0.7082123517047677
73750000	1.0313663106625117	0.7135424667982707
73800000	1.0301168621107177	0.7189051082983627
73850000	1.0288212528420364	0.7242988605700463
73900000	1.0274796712890764	0.7297216755465423
73950000	1.0260923125403327	0.7351717608215745
74000000	1.0246593783117688	0.7406476476612585
74050000	1.0231810769179883	0.7461478947608178
74100000	1.0216576232430652	0.7516710881505614
74150000	1.0200892387110865	0.7572158410766008
74200000	1.018476151256473	0.7627807938554011
74250000	1.0168185952941364	0.7683646137017248
74300000	1.0151168116895428	0.7739659945299212
74350000	1.013371047728744	0.7795836567288315
74400000	1.0115815570884428	0.7852163469108491
74450000	1.0097485998061588	0.7908628376358849
74500000	1.0078724422505716	0.7965219271111503
74550000	1.0059533570920924	0.8021924388678
74600000	1.0039916232737536	0.8078732214155694
74650000	1.0019875259824742	0.8135631478765959
74700000	0.999941356620775	0.8192611155996583
74750000	0.9978534127790186	0.8249660457560777
74800000	0.9957239982082451	0.8306768829185178
74850000	0.9935534227936716	0.8363925946239134
74900000	0.9913420025289379	0.8421121709217073
74950000	0.989090059491167	0.8478346239085548
75000000	0.9867979218169108	0.8535589872505864
75050000	0.984465923679065	0.8592843156942759
75100000	0.9820944052648227	0.8650096845668915
75150000	0.9796837127547368	0.87073418926745
75200000	0.9772341983029766	0.8764569447490174
75250000	0.97474622001885	0.8821770849931401
75300000	0.9722201419496574	0.8878937624771137
75350000	0.9696563340649704	0.8936061476347286
75400000	0.9670551722423936	0.8993134283110613
75450000	0.9644170382548977	0.9050148092118121
75500000	0.9617423197597872	0.910709511347618
75550000	0.9590314102893887	0.9163967714737108
75600000	0.9562847092435286	0.9220758415252105
75650000	0.9535026218838717	0.9277459880482977
75700000	0.9506855593302016	0.9334064916274308
75750000	0.947833938558716	0.9390566463087247
75800000	0.9449481824023983	0.9446957590195394
75850000	0.9420287195535563	0.9503231489842792
75900000	0.939075984568588	0.9559381471363393
75950000	0.9360904178750449	0.9615400955260878
76000000	0.933072465781071	0.9671283433714144
76050000	0.9300225804872869	0.9727018684400812
76100000	0.9269412201011755	0.9782598603901485
76150000	0.9238288486540548	0.9838018121441143
76200000	0.9206859361206964	0.9893272214926863
76250000	0.9175129584416496	0.99483559068643
76300000	0.9143103975483486	1.0003264260602556
76350000	0.9110787413910603	1.0057992376876927
76400000	0.9078184839697272	1.0112535390621484
76450000	0.90453012536778	1.016688846802547
76500000	0.9012141717889713	1.022104680380956
76550000	0.8978711355972802	1.0275005618699713
76600000	0.8945015353599587	1.0328760157078054
76650000	0.8911058958937587	1.0382305684791686
76700000	0.8876847483143999	1.0435637487101697
76750000	0.8842386300893145	1.048875086675589
76800000	0.8807680850937278	1.0541641142169862
76850000	0.8772736636701114	1.0594303645702212
76900000	0.873755922691039	1.0646733722010469
76950000	0.8702154256254959	1.069892672647533
77000000	0.8666527426086673	1.075087802368157
77050000	0.8630684505152246	1.0802582985944655
77100000	0.8594631330361489	1.0854036991872924
77150000	0.855837380759102	1.0905235424955628
77200000	0.852191791252354	1.0956173672167828
77250000	0.8485269691522856	1.1006847122583672
77300000	0.8448435262544655	1.1057251165989939
77350000	0.8411420816082871	1.1107381191492292
77400000	0.8374232616151712	1.1157232586107053
77450000	0.8336877001303076	1.1206800733331657
77500000	0.829936038567902	1.12560810116873
77550000	0.8261689260099095	1.1305068793227644
77600000	0.8223870193182009	1.1353759442007645
77650000	0.8185909832501035	1.1402148312506946
77700000	0.8147814905772633	1.1450230748002408
77750000	0.8109592222077501	1.149800207888465
77800000	0.807124867311304	1.1545457620913673
77850000	0.8032791234476431	1.1592592673408721
77900000	0.7994226966977027	1.1639402517367936
77950000	0.795556301797684	1.1685882413513227
78000000	0.7916806622757543	1.1732027600256187
78050000	0.7877965105912541	1.1777833291580868
78100000	0.7839045882762181	1.1823294674839389
78150000	0.7800056460790047	1.1868406908456517
78200000	0.7761004441098276	1.1913165119539393
78250000	0.7721897519879394	1.195756440138877
78300000	0.7682743489901913	1.2001600198891798
78350000	0.7643550242006963	1.204527198827885
78400000	0.7604325766612686	1.208857722289364
78450000	0.7565078155222873	1.2131512360797156
78500000	0.752581560193627	1.2174073809482369
78550000	0.7486546404952404	1.221625793009138
78600000	0.7447278968069503	1.2258061041618382
78650000	0.7408021802169904	1.2299479425091795
78700000	0.7368783526687849	1.2340509327728912
78750000	0.7329572871054069	1.2381146967056211
78800000	0.7290398676111505	1.2421388534988425
78850000	0.7251269895495792	1.2461230201859463
78900000	0.7212195596973732	1.250066812039806
78950000	0.7173184963732748	1.2539698429641046
79000000	0.7134247295613625	1.2578317258777088
79050000	0.7095392010278336	1.2616520730913612
79100000	0.7056628644304513	1.2654304966759686
79150000	0.7017966854197273	1.2691666088217546
79200000	0.6979416417308835	1.2728600221875472
79250000	0.6940987232655571	1.2765103502394695
79300000	0.6902689321621852	1.2801172075783074
79350000	0.686453282853928	1.283680210254832
79400000	0.6826528021129257	1.2871989760723486
79450000	0.6788685290796532	1.2906731248757728
79500000	0.6751015152760552	1.2941022788265146
79550000	0.671352824601076	1.2974860626624858
79600000	0.6676235333071787	1.300824103942543
79650000	0.6639147299563507	1.304116033274695
79700000	0.6602275153540477	1.307361484527417
79750000	0.6565630024594894	1.3105600950234342
79800000	0.6529223162706513	1.3137115057153448
79850000	0.6493065936822374	1.3168153613424802
79900000	0.6457169833149068	1.3198713105684146
79950000	0.6421546453139547	1.3228790060985571
80000000	0.6386207511156162	1.3258381047772816
80050000	0.6351164831791508	1.3287482676640714
80100000	0.6316430346828228	1.3316091600881805
80150000	0.6282016091818744	1.3344204516813356
80200000	0.6247934202266064	1.337181816388026
80250000	0.6214196909386623	1.339892932452957
80300000	0.6180816535436264	1.3425534823852658
80350000	0.6147805488580957	1.3451631528991255
80400000	0.6115176257293984	1.3477216348303847
80450000	0.6082941404262125	1.3502286230289202
80500000	0.6051113559783796	1.3526838162264105
80550000	0.6019705414643332	1.3550869353009598
80600000	0.5988729712446386	1.3574381130117819
80650000	0.5958199241402723	1.3597371839020862
80700000	0.592812682554431	1.361983787635907
80750000	0.5898525315368081	1.3641775664179034
80800000	0.5869407577894677	1.3663181658561137
80850000	0.5840786486136729	1.3684052358053345
80900000	0.5812674907972406	1.370438431189677
80950000	0.5785085694422603	1.372417412802811
81000000	0.5758031667333013	1.3743418480843945
81050000	0.5731525606465341	1.3762114118711601
81100000	0.5705580236005053	1.378025787121138
81150000	0.5680208210496832	1.379784665609484
81200000	0.5655422100222358	1.3814877485944022
81250000	0.5631234376038969	1.3831347474516675
81300000	0.5607657393701994	1.3847253842762863
81350000	0.5584703377697511	1.3862593924498614
81400000	0.5562384404616787	1.3877365171722833
81450000	0.5540712386108052	1.3891565159564139
81500000	0.5519699051445714	1.3905191590844925
81550000	0.549935592976159	1.3918242300250636
81600000	0.5479694331987307	1.3930715258092867
81650000	0.5460725332561331	1.3942608573655917
81700000	0.5442459750958344	1.3953920498116983
81750000	0.542490813310288	1.3964649427031381
81800000	0.5408080732732918	1.3974793902374867
81850000	0.5391987492782766	1.3984352614136322
81900000	0.5376638026857726	1.3993324401454905
81950000	0.5362041600876043	1.4001708253296963
82000000	0.534820711495587	1.4009503308668925
82050000	0.533514308562696	1.4016708856363516
82100000	0.5322857628448194	1.402332433423774
82150000	0.5311358441112698	1.4029349328022018
82200000	0.5300652787122517	1.4034783569661058
82250000	0.5290747480114312	1.4039626935187957
82300000	0.5281648868916189	1.404387944213405
82350000	0.5273362823414042	1.4047541246478104
82400000	0.5265894721302983	1.4050612639139153
82450000	0.5259249435796285	1.4053094042018413
82500000	0.5253431324360042	1.4054986003596397
82550000	0.5248444218537263	1.405628919409207
82600000	0.5244291414919611	1.4057004400191817
82650000	0.5240975667319184	1.4057132519356372
82700000	0.5238499180186219	1.4056674553714654
82750000	0.5236863603311637	1.4055631357623948
82800000	0.5236070027846018	1.4054002179341183
82850000	0.523611898365885	1.4051786204745627
82900000	0.5237010438053915	1.4048982798630036
82950000	0.5238743795848619	1.4045591438092837
83000000	0.5241317900816713	1.4041611717757088
83050000	0.5244731038485773	1.4037043354562906
83100000	0.5248980940272561	1.4031886192126357
83150000	0.5254064788931551	1.4026140204658466
83200000	0.5259979225284129	1.4019805500438762
83250000	0.5266720356188758	1.4012882324838556
83300000	0.5274283763705375	1.400537106289002
83350000	0.5282664515401021	1.3997272241397969
83400000	0.5291857175737711	1.3988586530592255
83450000	0.5301855818478353	1.397931474531956
83500000	0.5312654040041953	1.3969457845774396
83550000	0.5324244973735269	1.3959016937770135
83600000	0.533662130478501	1.394799327255189
83650000	0.5349775286091943	1.3936388246154086
83700000	0.5363698754626578	1.392420339830655
83750000	0.5378383148384943	1.391144041089404
83800000	0.5393819523822397	1.3898101105975027
83850000	0.5409998573683797	1.3884187443366596
83900000	0.5426910645149099	1.386970151780319
83950000	0.5444545758214786	1.3854645555677916
84000000	0.546289362423366	1.3839021911375937
84050000	0.5481943664537915	1.382283306321028
84100000	0.5501685029073199	1.3806081608971237
84150000	0.5522106614974824	1.3788770261101115
84200000	0.5543197085020863	1.3770901841506844
84250000	0.5564944885900639	1.3752479276023486
84300000	0.5587338266241456	1.3733505588542165
84350000	0.5610365294340477	1.3713983894816428
84400000	0.5634013875553311	1.3693917395961352
84450000	0.5658271769295082	1.367330937166
84500000	0.5683126605614461	1.3652163173092073
84550000	0.5708565901305557	1.3630482215599593
84600000	0.5734577075526895	1.3608269971104643
84650000	0.576114746490115	1.3585529960294025
84700000	0.5788264338073482	1.3562265744585558
84750000	0.5815914909710278	1.3538480917890592
84800000	0.5844086353924028	1.3514178433671324
84850000	0.5872765817113851	1.3489357370039499
84900000	0.5901940430214404	1.3464019975193176
84950000	0.5931597320349365	1.3438169281013208
85000000	0.5961723621888696	1.3411808358875343
85050000	0.5992306486911472	1.3384940320817091
85100000	0.6023333095078859	1.3357568320459834
85150000	0.605479066292406	1.3329695553689378
85200000	0.6086666452568034	1.3301325259098382
85250000	0.6118947779871771	1.3272460718194359
85300000	0.6151622022037613	1.3243105255377166
85350000	0.61846766246733	1.3213262237690235
85400000	0.6218099108333903	1.318293507434996
85450000	0.6251877074557763	1.315212721605793
85500000	0.6285998211413343	1.3120842154100982
85550000	0.632045029857468	1.3089083419244223
85600000	0.6355221211943632	1.305685458042242
85650000	0.639029892783756	1.3024159243235371
85700000	0.6425671526761189	1.2991001048253095
85750000	0.6461327196781658	1.2957383669136833
85800000	0.6497254236525885	1.2923310810582107
85850000	0.6533441057818977	1.288878620609014
85900000	0.6569876187982556	1.2853813615574272
85950000	0.6606548271811603	1.2818396822807965
86000000	0.6643446073247875	1.2782539632721241
86050000	0.6680558476767805	1.2746245868552517
86100000	0.6717874488502416	1.270951936886279
86150000	0.6755383237106021	1.2672363984419373
86200000	0.6793073974390279	1.2634783574956279
86250000	0.6830936075739592	1.259678200581857
86300000	0.6868959040323063	1.2558363144497895
86350000	0.6907132491117942	1.2519530857066519
86400000	0.6945446174758825	1.2480289004517184
86450000	0.6983889961226111	1.2440641439016062
86500000	0.702245384338685	1.2400592000076096
86550000	0.7061127936400514	1.2360144510657953
86600000	0.7099902477001412	1.2319302773205814
86650000	0.7138767822669105	1.2278070565625117
86700000	0.7177714450697649	1.2236451637209318
86750000	0.7216732957173625	1.2194449704522663
86800000	0.7255814055872736	1.215206844724589
86850000	0.7294948577083915	1.210931150399166
86900000	0.7334127466369684	1.206618246809644
86950000	0.7373341783270587	1.2022684637783407
87000000	0.7412582699961433	1.197881824075945
87050000	0.7451841499866437	1.1934586843327324
87100000	0.7491109576239845	1.1889995327096001
87150000	0.7530378430718268	1.1845048539255334
87200000	0.7569639671850663	1.1799751294998302
87250000	0.7608885013611199	1.175410837984275
87300000	0.7648106273900112	1.1708124551856187
87350000	0.768729537303734	1.1661804543787309
87400000	0.7726444332253085	1.1615153065108041
87450000	0.7765545272179407	1.1568174803970046
87500000	0.7804590411346638	1.1520874429079693
87550000	0.7843572064687876	1.1473256591495673
87600000	0.7882482642054762	1.1425325926353562
87650000	0.7921314646747515	1.1377087054521828
87700000	0.7960060674061701	1.132854458419387
87750000	0.7998713409854196	1.1279703112420933
87800000	0.8037265629130653	1.123056722659091
87850000	0.8075710194656253	1.1181141505858232
87900000	0.8114040055591621	1.1131430522530334
87950000	0.8152248246155622	1.1081438843416374
88000000	0.8190327884316256	1.1031171031144194
88050000	0.8228272170511141	1.0980631645451817
88100000	0.8266074386398549	1.092982524446005
88150000	0.830372789364018	1.0878756385933173
88200000	0.834122613271634	1.0827429628535037
88250000	0.8378562621774359	1.0775849533088304
88300000	0.8415730955510967	1.0724020663845095
88350000	0.8452724804088984	1.067194758977767
88400000	0.8489537912088834	1.061963488589842
88450000	0.8526164097495315	1.0567087134619002
88500000	0.8562597250719689	1.051430892715906
88550000	0.8598831333657386	1.0461304865015688
88600000	0.8634860378781464	1.0408079561505588
88650000	0.8670678488271714	1.0354637643392617
88700000	0.8706279833179477	1.030098375261445
88750000	0.8741658652628128	1.0247122548122913
88800000	0.8776809253048958	1.0193058707853786
88850000	0.8811726007452318	1.0138796930842904
88900000	0.8846403354733874	1.0084341939506807
88950000	0.8880835799015523	1.0029698482107468
89000000	0.8915017909020758	0.9974871335422277
89050000	0.8948944317484137	0.9919865307642085
89100000	0.8982609720594368	0.9864685241521961
89150000	0.9016008877470638	0.9809336017811356
89200000	0.9049136609671793	0.9753822558992579
89250000	0.9081987800737745	0.9698153334872078
89300000	0.9114557395762738	0.9642337736455573
89350000	0.9146840400999814	0.9586382095224364
89400000	0.9178831883496092	0.9530292839505844
89450000	0.9210526970758118	0.9474076500481899
89500000	0.9241920850446766	0.9417739718106132
89550000	0.9273008770101165	0.9361289246980332
89600000	0.9303786036890881	0.9304731962191967
89650000	0.93342480173958	0.9248074865114123
89700000	0.9364390137413112	0.9191325089168655
89750000	0.9394207881790627	0.9134489905552894
89800000	0.9423696794285781	0.9077576728929662
89850000	0.9452852477449762	0.9020593123079765
89900000	0.9481670592535892	0.8963546806515624
89950000	0.9510146859431653	0.8906445658054027
90000000	0.9538277056613707	0.8849297722345462
90050000	0.9566057021125066	0.879211121535679
90100000	0.9593482648573771	0.8734894529803445
90150000	0.9620549893152374	0.8677656240526656
90200000	0.964725476767742	0.8620405109810519
90250000	0.9673593343648222	0.856315009263318
90300000	0.9699561751324243	0.8505900341845536
90350000	0.9725156179820253	0.8448665213270413
90400000	0.9750372877218538	0.8391454270714354
90450000	0.9775208150697502	0.833427729088357
90500000	0.9799658366675753	0.8277144268195041
90550000	0.9823719950971069	0.8220065419473028
90600000	0.9847389388973373	0.8163051188520889
90650000	0.9870663225831079	0.8106112250557465
90700000	0.9893538066649942	0.8049259516506992
90750000	0.9916010576703728	0.7992504137131142
90800000	0.9938077481655958	0.7935857506991593
90850000	0.9959735567791925	0.7879331268231541
90900000	0.9980981682260269	0.7822937314164564
90950000	1.0001812733323387	0.7766687792659724
91000000	1.002222569061589	0.7710595109312172
91050000	1.004221758541037	0.7654671930389506
91100000	1.0061785510889818	0.7598931185545185
91150000	1.008092662242587	0.7543386070291869
91200000	1.0099638137862172	0.7488050048229512
91250000	1.011791733780224	0.743293685302544
91300000	1.0135761565900974	0.7378060490146685
91350000	1.0153168229159184	0.7323435238348444
91400000	1.017013479822048	0.7269075650926812
91450000	1.0186658807669717	0.7214996556749154
91500000	1.0202737856332413	0.7161215107316214
91550000	1.0218369607574451	0.7107754326096462
91600000	1.0233551789601378	0.7054628790883355
91650000	1.024828219575664	0.7001852654324249
91700000	1.0262558684818173	0.6949440680038634
91750000	1.0276379181292679	0.6897408252089485
91800000	1.0289741675706952	0.6845771382976961
91850000	1.0302644224895692	0.6794546719929201
91900000	1.0315084952285216	0.6743751549247536
91950000	1.0327062048172457	0.6693403798446803
92000000	1.0338573769998693	0.6643522035915376
92050000	1.0349618442617525	0.6594125467804941
92100000	1.036019445855648	0.6545233931847156
92150000	1.0370300278271765	0.6496867887783997
92200000	1.037993443039573	0.6449048404091372
92250000	1.0389095511976452	0.6401797140672294
92300000	1.0397782188709046	0.6355136327197418
92350000	1.0405993195158287	0.6309088736778057
92400000	1.0413727334972025	0.6263677654670732
92450000	1.0420983481085055	0.6218926841734101
92500000	1.0427760575913083	0.61748604923897
92550000	1.0434057631536313	0.6131503186878327
92600000	1.043987372987243	0.6088879837655262
92650000	1.0445208022838586	0.6047015629830416
92700000	1.0450059732502093	0.600593595563513
92750000	1.0454428151219577	0.5965666342985676
92800000	1.0458312641764285	0.5926232378315267
92850000	1.0461712637441356	0.5887659623961045
92900000	1.0464627642190816	0.5849973530519755
92950000	1.0467057230678092	0.5813199344724288
93000000	1.0469001048371944	0.5777362013541535
93050000	1.047045881160958	0.5742486085347382
93100000	1.0471430307648901	0.5708595609194362
93150000	1.047191539470777	0.5675714033347431
93200000	1.0471914001990197	0.5643864104419208
93250000	1.0471426129699448	0.5613067768582412
93300000	1.0470451849037992	0.5583346076468274
93350000	1.046899130219434	0.5554719093469523
93400000	1.0467044702316772	0.5527205817247602
93450000	1.0464612333474008	0.5500824104290771
93500000	1.0461694550602876	0.5475590607374902
93550000	1.0458291779443116	0.5451520725737224
93600000	1.0454404516459403	0.5428628569679751
93650000	1.0450033328750736	0.5406926941169795
93700000	1.0445178853947383	0.5386427331798165
93750000	1.0439841800095535	0.5367139979945199
93800000	1.0434022945529935	0.5349078145133503
93850000	1.0427723138734661	0.5332260325184278
93900000	1.0420943298192358	0.5316705181151422
93950000	1.0413684412222182	0.5302431046965328
94000000	1.0405947538806797	0.5289455767141727
94050000	1.0397733805408658	0.5277796529183673
94100000	1.0389044408776047	0.5267469693063268
94150000	1.0379880614739134	0.5258490620409731
94200000	1.0370243757996476	0.5250873506213176
94250000	1.0360135241892383	0.5244631215967543
94300000	1.034955653818555	0.523977513121225
94350000	1.0338509186809401	0.5236315006384464
94400000	1.0326994795624613	0.5234258839759087
94450000	1.0315015040164317	0.5233612761032409
94500000	1.030257166337243	0.5234380937802898
94550000	1.0289666475335686	0.5236565502826916
94600000	1.0276301353009836	0.5240166503490339
94650000	1.0262478239940642	0.5245181874454494
94700000	1.0248199145980135	0.5251607433922937
94750000	1.023346614699878	0.5259436903453727
94800000	1.021828138459413	0.5268661950728342
94850000	1.0202647065796533	0.5279272254201286
94900000	1.0186565462772537	0.5291255588110884
94950000	1.0170038912526647	0.5304597925945261
95000000	1.0153069816602003	0.5319283560139594
95050000	1.0135660640780697	0.5335295235538661
95100000	1.011781391478438	0.5352614293997051
95150000	1.0099532231975754	0.5371220827407611
95200000	1.008081824906176	0.5391093836444908
95250000	1.006167468579906	0.5412211392377835
95300000	1.0042104324702494	0.5434550799436445
95350000	1.0022110010757297	0.545808875540222
95400000	1.000169465113575	0.5482801508317482
95450000	0.9980861214918925	0.5508665007467144
95500000	0.9959612732824352	0.5535655047062591
95550000	0.9937952296940286	0.5563747401343481
95600000	0.9915883060467253	0.559291795009791
95650000	0.9893408237467743	0.5623142793877074
95700000	0.9870531102624642	0.5654398358440336
95750000	0.9847254991009312	0.56866614882048
95800000	0.9823583297859866	0.5719909657015849
95850000	0.9799519478370597	0.575412500491576
95900000	0.9775067047493186	0.5789289770074794
95950000	0.9750229579750428	0.5825384299982702
96000000	0.972501070906333	0.5862388291178031
96050000	0.9699414128592259	0.5900280850665305
96100000	0.9673443590592883	0.5939040561474316
96150000	0.9647102906287718	0.5978645551087376
96200000	0.9620395945754004	0.6019073561561653
96250000	0.959332663782861	0.6060302020284329
96300000	0.9565898970030791	0.6102308110414494
96350000	0.9538116988503534	0.6145068840183728
96400000	0.9509984797974138	0.6188561110344546
96450000	0.948150656173489	0.6232761779169311
96500000	0.9452686501644516	0.6277647724510755
96550000	0.9423528898151079	0.6323195902536538
96600000	0.9394038090337142	0.6369383402843913
96650000	0.9364218475987887	0.6416187499745597
96700000	0.9334074511682785	0.6463585699594095
96750000	0.9303610712911705	0.6511555784078938
96800000	0.9272831654216028	0.6560075849489659
96850000	0.9241741969355431	0.6609124341987347
96900000	0.9210346351501117	0.6658680088969408
96950000	0.9178649553456064	0.6708722326646698
97000000	0.9146656387903	0.6759230723979739
97050000	0.911437172768065	0.6810185403142152
97100000	0.9081800506088992	0.6861566956695245
97150000	0.9048947717224083	0.6913356461668684
97200000	0.9015818416342959	0.6965535490748868
97250000	0.8982417720259329	0.7018086120779622
97300000	0.8948750807770539	0.7070990938779866
97350000	0.8914822920116262	0.7124233045680097
97400000	0.8880639361469578	0.7177796057974924
97450000	0.8846205499460832	0.7231664107482347
97500000	0.881152676573468	0.7285821839392708
97550000	0.8776608656540865	0.7340254408781465
97600000	0.874145673335907	0.7394947475750474
97650000	0.8706076623558111	0.7449887199352534
97700000	0.8670474021089969	0.750506023044369
97750000	0.863465468721883	0.7560453703597593
97800000	0.859862445128535	0.7616055228205915
97850000	0.8562389211506435	0.7671852878878844
97900000	0.8525954935810633	0.7727834682711892
97950000	0.8489327662709168	0.7783980986221831
98000000	0.8452513502202736	0.7840276827686955
98050000	0.8415518636724035	0.7896710266314688
98100000	0.8378349322115776	0.7953269615839407
98150000	0.8341011888644214	0.8009943437693656
98200000	0.8303512742047792	0.806672053443223
98250000	0.8265858364620653	0.8123589943381847
98300000	0.8228055316330464	0.8180540930492203
98350000	0.8190110235970183	0.8237562984366749
98400000	0.8152029842343075	0.8294645810453893
98450000	0.8113820935480126	0.8351779325381399
98500000	0.807549039788916	0.8408953651418651
98550000	0.8037045195834597	0.8466159111053005
98600000	0.7998492380646612	0.8523386221668003
98650000	0.7959839090058592	0.8580625690312397
98700000	0.7921092549571358	0.8637868408550144
98750000	0.7882260073842475	0.8695105447382439
98800000	0.7843349068099006	0.8752328052233724
98850000	0.7804367029571646	0.8809527637994434
98900000	0.7765321548947994	0.8866695784113718
98950000	0.7726220311842674	0.8923824229736108
99000000	0.7687071100281635	0.8980904868876436
99050000	0.7647881794197634	0.9037929745627801
99100000	0.7608660372933943	0.9094891049397652
99150000	0.7569414916752766	0.9151781110167371
99200000	0.7530153608344586	0.9208592393770978
99250000	0.7490884734334603	0.926531749718873
99300000	0.7451616686781795	0.9321949143851551
99350000	0.7412357964665908	0.9378480178952343
99400000	0.7373117175357449	0.9434903564760303
99450000	0.7333903036065154	0.9491212375934395
99500000	0.7294724375255206	0.9547399794832193
99550000	0.7255590134035864	0.9603459106810277
99600000	0.7216509367500976	0.965938369551234
99650000	0.7177491246025237	0.9715167038141167
99700000	0.7138545056503501	0.9770802700710544
99750000	0.7099680203526262	0.9826284333273096
99800000	0.7060906210482671	0.9881605665120026
99850000	0.7022232720581915	0.9936760499948486
99900000	0.698366949778351	0.9991742710992426
99950000	0.6945226427626272	1.0046546236112395
100000000	0.6906913517945151	1.0101165072839846