0	0.5235987755982987	0.5235987755982989
50000	0.5246506039636797	0.5246724298077926
100000	0.5277886735750213	0.527875389242926
150000	0.5329617666697987	0.5331547451431445
200000	0.5400878016827715	0.540425743426347
250000	0.5490582759153864	0.5495765416152154
300000	0.559743646254047	0.5604736856061784
350000	0.5719990437589545	0.5729683723801972
400000	0.5856697888465084	0.5869018542443685
450000	0.6005963139658057	0.6021106524649497
500000	0.6166182636847393	0.6184311879834413
550000	0.6335776905185925	0.6357022400343079
600000	0.6513213774156299	0.6537677156679889
650000	0.6697023887919272	0.6724786036133138
700000	0.6885809860949724	0.6916937109717312
750000	0.7078250506230442	0.7112786367937614
800000	0.7273101458853066	0.731107568412572
850000	0.7469193325913561	0.7510628861498915
900000	0.7665428273644962	0.7710346936618119
950000	0.7860775751112706	0.7909187783107313
1000000	0.8054267864966309	0.8106168359140511
1050000	0.8244994768237732	0.8300381191930829
1100000	0.8432100307559446	0.8490967177389177
1150000	0.8614778083522164	0.8677127269320151
1200000	0.879226801302215	0.8858090863736557
1250000	0.8963853435168798	0.9033126381579105
1300000	0.9128858769042333	0.9201560120170834
1350000	0.9286647708535827	0.9362754318754231
1400000	0.9436621923744132	0.9516116220345081
1450000	0.9578220227676847	0.966108195669912
1500000	0.9710918159894956	0.9797110052640076
1550000	0.9834227933917186	0.9923700939874905
1600000	0.9947698692207938	1.0040407487948555
1650000	1.0050917010822775	1.0146807958980169
1700000	1.0143507595131942	1.024253077491863
1750000	1.0225134108387122	1.0327230153815448
1800000	1.0295500076246376	1.040059293937505
1850000	1.0354349812772454	1.0462352225428158
1900000	1.0401469316923	1.0512292130309993
1950000	1.0436687093188035	1.0550233504453697
2000000	1.0459874855790723	1.0576042050517738
2050000	1.047094808268725	1.0589622667308678
2100000	1.0469866393357454	1.059092267441237
2150000	1.0456633732888212	1.057993866707984
2200000	1.0431298353886371	1.055671393018201
2250000	1.0393952597051048	1.052133108521441
2300000	1.0344732480502676	1.047391939275083
2350000	1.0283817116926328	1.0414641405885732
2400000	1.0211427985978558	1.0343708254649182
2450000	1.0127828097007954	1.026138234985703
2500000	1.003332108377831	1.0167969547760078
2550000	0.9928250278447052	1.0063802823241488
2600000	0.9812997816486102	0.9949247982423132
2650000	0.9687983827536322	0.9824719487055037
2700000	0.9553665769395912	0.9690646226395518
2750000	0.9410537963511559	0.9547516803954882
2800000	0.9259131390509238	0.9395871328536172
2850000	0.9100013803463016	0.9236284602271979
2900000	0.8933790214654188	0.9069343445257404
2950000	0.8761103808270738	0.8895662748980346
3000000	0.8582637326373422	0.8715923130124223
3050000	0.8399114967745074	0.853080154555032
3100000	0.8211304827780886	0.8341054695025442
3150000	0.802002189069055	0.814750762056773
3200000	0.7826131560646552	0.7951033907451568
3250000	0.7630553683042122	0.775253325415882
3300000	0.7434266956793368	0.7552936649547505
3350000	0.7238313568909197	0.7353288849892948
3400000	0.7043803788110463	0.7154636069488561
3450000	0.685192013003428	0.6958138045829074
3500000	0.6663920549012783	0.6765062230285145
3550000	0.6481139921070439	0.6576758551529935
3600000	0.6304988867903322	0.6394633273984611
3650000	0.6136948753374678	0.6220128850046265
3700000	0.597856150259007	0.6054802215918784
3750000	0.5831412812942893	0.5900228486318515
3800000	0.5697107434974928	0.5758032635446225
3850000	0.5577235601139517	0.562987568702936
3900000	0.547333046313165	0.5517383839503722
3950000	0.5386817596157274	0.542207745523427
4000000	0.531895915911269	0.5345307595037792
4050000	0.5270796920597322	0.5288219574564788
4100000	0.5243099673706538	0.5251728829826953
4150000	0.5236321101736271	0.5236440575757056
4200000	0.5250573558383659	0.5242628581733021
4250000	0.5285621417128583	0.5270196230789176
4300000	0.5340894946735001	0.531867483356135
4350000	0.5415522729967674	0.5387261897390269
4400000	0.5508378200233544	0.5474892110743524
4450000	0.5618134476647308	0.5580265948211177
4500000	0.57433215112523	0.5701942630687407
4550000	0.588238042788667	0.5838378431448122
4600000	0.6033711407594429	0.598794045727039
4650000	0.6195713102800109	0.6148960230599626
4700000	0.6366812993526234	0.6319790890243587
4750000	0.6545489151171563	0.6498862513400108
4800000	0.6730284513989062	0.6684710429474211
4850000	0.6919815063037715	0.6875876535279783
4900000	0.7112773317147733	0.7071047435587337
4950000	0.7307928439957079	0.7268958603481452
5000000	0.750412405150321	0.7468388023091314
5050000	0.7700274616328168	0.7668178744298508
5100000	0.7895361072269602	0.7867261916447523
5150000	0.8088426184986589	0.8064677066982793
5200000	0.8278569967786208	0.8259534200478597
5250000	0.8464945393197878	0.8450934857895271
5300000	0.8646754537711578	0.8638100030581188
5350000	0.8823245238900961	0.8820253131840303
5400000	0.8993708299677209	0.8996637006733027
5450000	0.915747524320903	0.916653697787788
5500000	0.9313916600476727	0.9329299835043261
5550000	0.9462440697702672	0.9484346550499262
5600000	0.9602492900938798	0.9631108391447771
5650000	0.9733555268412424	0.9769046817495762
5700000	0.9855146556826196	0.9897685945520894
5750000	0.9966822525028797	1.0016551091819428
5800000	1.006817647694051	1.012519344658742
5850000	1.0158839985143024	1.0223208751719786
5900000	1.0238483737064348	1.0310248207097714
5950000	1.0306818447222272	1.0386019995344002
6000000	1.0363595781583017	1.0450247315111496
6050000	1.0408609243795117	1.0502705354026514
6100000	1.044169497789778	1.0543208384799745
6150000	1.0462732448058207	1.0571601244566255
6200000	1.047164496288961	1.058777479478458
6250000	1.0468400019806345	1.0591672375773995
6300000	1.045300945349447	1.058328673833079
6350000	1.0425529381676863	1.0562648539330681
6400000	1.0386059950661595	1.0529834725710967
6450000	1.0334744892395245	1.0484958160865019
6500000	1.0271770913620253	1.0428170421966225
6550000	1.019736694600113	1.035967553245509
6600000	1.0111803293525266	1.0279730702508838
6650000	1.001539071993789	1.0188637748699243
6700000	0.9908479524335992	1.008672599771208
6750000	0.9791458657278259	0.997433837119635
6800000	0.9664754932873687	0.9851897162725786
6850000	0.9528832394331821	0.9719817441366897
6900000	0.9384191891445703	0.9578561672927417
6950000	0.923137092847032	0.9428654966995378
7000000	0.9070943839834493	0.9270673736521838
7050000	0.8903522348960329	0.9105227152248516
7100000	0.8729756561879445	0.8932933289835747
7150000	0.8550336441817321	0.8754415489330283
7200000	0.836599380263873	0.8570409569773072
7250000	0.8177504846762249	0.838161475650896
7300000	0.7985693255076504	0.8188803781100781
7350000	0.7791433810075817	0.799283512574695
7400000	0.7595656495648037	0.7794635137774706
7450000	0.7399350963618374	0.75951764133491
7500000	0.7203571183433516	0.7395455385716274
7550000	0.700943999197489	0.7196509450077188
7600000	0.6818153130499687	0.6999519573525036
7650000	0.6630982192124524	0.6805654338485974
7700000	0.6449275707656071	0.6616208191473798
7750000	0.6274457380083797	0.6432592864324175
7800000	0.6108020262791433	0.6256305814226015
7850000	0.5951515507588128	0.6088896509021151
7900000	0.5806534254554179	0.5931934153072569
7950000	0.5674681388444855	0.5787013723198353
8000000	0.5557540348993237	0.5655793038620472
8050000	0.5456629039021174	0.5539855088237083
8100000	0.5373348141394036	0.5440749301779082
8150000	0.5308924725203598	0.535990976525681
8200000	0.5264355620489181	0.5298569275722332
8250000	0.5240356249877863	0.5257688841087813
8300000	0.5237320962841577	0.5237912966930187
8350000	0.5255300098907117	0.5239556353902756
8400000	0.5293997004277271	0.526259573623086
8450000	0.5352785431816536	0.5306668316046588
8500000	0.5430744850863135	0.5371075613216713
8550000	0.5526708906363997	0.5454805391581902
8600000	0.563932108964488	0.5556585502882498
8650000	0.5767091723337088	0.5674961324479256
8700000	0.5908451371574991	0.5808385733300794
8750000	0.6061797320752945	0.5955257521966415
8800000	0.6225531389463517	0.6113926461424107
8850000	0.6398088698468049	0.6282811060977598
8900000	0.6577958009258934	0.6460330897021418
8950000	0.6763694809271192	0.6644935143263888
9000000	0.6953928553435083	0.683513744314704
9050000	0.7147365467020209	0.7029550506125704
9100000	0.7342788170727295	0.722691698283089
9150000	0.7539053181534946	0.74260549418415
9200000	0.7735087122720935	0.762580513006221
9250000	0.7929882273012484	0.7825146452760987
9300000	0.8122491911549659	0.8023073442914203
9350000	0.8312025775835068	0.8218614386717973
9400000	0.8497645842081967	0.8410853788840456
9450000	0.867856255679523	0.8598952928609648
9500000	0.8854031589736383	0.8782165757427167
9550000	0.9023351136611277	0.8959771512825888
9600000	0.9185859770564457	0.9131058969869417
9650000	0.9340934821396536	0.929540865829788
9700000	0.9487991247675963	0.9452194530951358
9750000	0.9626480957631908	0.9600808694370698
9800000	0.9755892528502338	0.9740683645861817
9850000	0.9875751269933593	0.9871308532351663
9900000	0.9985619574491877	0.9992237711680383
9950000	1.008509749701203	1.0103040656539957
10000000	1.017382350421319	1.0203316463593626
10050000	1.0251475336709783	1.0292724139303602
10100000	1.0317770927263443	1.0370933694005624
10150000	1.0372469321908957	1.043764842225205
10200000	1.0415371554492097	1.0492619824761467
10250000	1.0446321430197707	1.0535653734825496
10300000	1.0465206179794326	1.0566607011401694
10350000	1.0471956953491646	1.0585369298157086
10400000	1.046654913135503	1.0591872459302916
10450000	1.0449002435946835	1.058609051769531
10500000	1.0419380842022679	1.056803756276919
10550000	1.0377792287427754	1.0537778548349215
10600000	1.0324388198527996	1.0495430653211333
10650000	1.0259362852297078	1.0441155155633939
10700000	1.0182952605313644	1.037514046486471
10750000	1.009543502719845	1.0297623814618144
10800000	0.9997127982287148	1.0208882032070525
10850000	0.9888388708499698	1.0109213557534154
10900000	0.976961294639745	0.9998974919276716
10950000	0.964123417432792	0.9878577902090754
11000000	0.950372300738993	0.9748477889986515
11050000	0.9357586818761255	0.9609154562909805
11100000	0.920336964174543	0.9461086830387903
11150000	0.904165240967968	0.9304821580630335
11200000	0.887305358845546	0.9140932280279209
11250000	0.8698230252519634	0.8970000103500876
11300000	0.8517879649286432	0.8792682572777781
11350000	0.8332741288004081	0.860970128925356
11400000	0.8143599575952689	0.8421823272754622
11450000	0.7951287005509166	0.8229838108450189
11500000	0.7756687867519316	0.8034534059139509
11550000	0.7560742426189319	0.7836802060259743
11600000	0.7364451434125596	0.7637563406603156
11650000	0.7168880788254705	0.7437771955569912
11700000	0.6975166022846735	0.7238498303748477
11750000	0.6784516200029096	0.7040910185974295
11800000	0.6598216588596062	0.6846249282284446
11850000	0.641762932135094	0.6655807544023672
11900000	0.6244191001866758	0.6470907841538204
11950000	0.6079406020645843	0.6293007054940862
12000000	0.5924834186387824	0.6123601112635196
12050000	0.5782071253477867	0.5964242850228464
12100000	0.5652721127185255	0.581657569870331
12150000	0.5538359055804002	0.5682274511852108
12200000	0.544048605020766	0.5562982153326077
12250000	0.5360476104521712	0.5460247700676116
12300000	0.5299519391054052	0.5375473441971713
12350000	0.5258566165979381	0.5309917652934385
12400000	0.5238277212288597	0.526460579414522
12450000	0.5238986811173381	0.5240284069345045
12500000	0.5260683192430602	0.523737744176109
12550000	0.5303009232224679	0.5255941118605799
12600000	0.5365283297611128	0.5295651429681277
12650000	0.5446537293801065	0.5355837616498241
12700000	0.5545566854627959	0.5435547949657533
12750000	0.566098765983073	0.5533570309181987
12800000	0.5791292101616377	0.5648529618090182
12850000	0.5934901659860021	0.5778924817633252
12900000	0.6090211923770062	0.5923144122934514
12950000	0.6255628786962892	0.6079519746970343
13000000	0.642959565151766	0.6246387643772197
13050000	0.6610612379479803	0.6422146315462265
13100000	0.6797247233023228	0.6605305280754721
13150000	0.6988143226417353	0.6794381823261576
13200000	0.7182020276811834	0.6988015134893606
13250000	0.7377674380751362	0.7184924361084396
13300000	0.7573974830606971	0.7383863151378912
13350000	0.7769860266370767	0.7583641303929571
13400000	0.7964334159531187	0.7783148235494031
13450000	0.8156460158430496	0.798137486548254
13500000	0.8345357590895707	0.817742600293163
13550000	0.8530197317382182	0.8370383871789011
13600000	0.8710198051574792	0.8559431124754867
13650000	0.8884623210059976	0.8743797540674558
13700000	0.9052778313395311	0.8922717353662064
13750000	0.9214008933494795	0.909545361900078
13800000	0.9367699163396047	0.9261319986624951
13850000	0.9513270572649487	0.9419697369785691
13900000	0.9650181602918512	0.9570037906549249
13950000	0.9777927352604109	0.9711766783843934
14000000	0.9896039695538975	0.9844392063299815
14050000	1.0004087676492799	0.9967446440270704
14100000	1.0101678125088005	1.0080470918662423
14150000	1.0188456429607098	1.0183038175734769
14200000	1.0264107413049723	1.027476925696266
14250000	1.0328356255701152	1.03553420715969
14300000	1.0380969411457175	1.0424488396806113
14350000	1.042175546925709	1.0481950444772927
14400000	1.0450565916217585	1.0527530998510903
14450000	1.0467295765397922	1.0561065468124688
14500000	1.0471884018465458	1.0582423478749057
14550000	1.0464313941714876	1.059152277487475
14600000	1.0444613142716128	1.058833394540322
14650000	1.0412853444073418	1.0572875587950463
14700000	1.0369150560092524	1.0545201797219033
14750000	1.0313663591291606	1.0505416155902263
14800000	1.0246594360377608	1.0453654837436874
14850000	1.0168186621304867	1.0390093237890483
14900000	1.0078725180137569	1.0314960277957343
14950000	0.9978534972512842	1.022853825337572
15000000	0.9867980147465653	1.0131153433941362
15050000	0.9747463211205019	1.002315829515
15100000	0.9617424287144729	0.9904915115290649
15150000	0.9478340550138744	0.9776868901825123
15200000	0.9330725893503081	0.9639456380931355
15250000	0.917513088704245	0.9493157721159541
15300000	0.9012143082890777	0.9338517758558926
15350000	0.884238772334794	0.9176134694915662
15400000	0.8666528900695282	0.900664166611686
15450000	0.8485271212586717	0.8830683110321089
15500000	0.8299361947076038	0.8648901090677454
15550000	0.8109593817232277	0.8462055332602421
15600000	0.7916808244606618	0.827087578650347
15650000	0.7721899160831982	0.8076155103392104
15700000	0.7525817253831114	0.7878777885228635
15750000	0.7329574525113872	0.7679703119799955
15800000	0.7134248942399289	0.7479942761469338
15850000	0.6940988862023469	0.7280539398366517
15900000	0.6751016753827718	0.7082563562438478
15950000	0.6565631585718504	0.68872418522967
16000000	0.6386209019935877	0.6695793906666733
16050000	0.6214198352700327	0.6509550430147676
16100000	0.605111492386904	0.632996429747985
16150000	0.5898526585962588	0.6158576073668712
16200000	0.5758032829886756	0.5996976389767725
16250000	0.5631235416007155	0.5846768836403068
16300000	0.5519699954665189	0.5709549712834615
16350000	0.5424908886243791	0.5586966412282824
16400000	0.5348207706026732	0.5480569165773724
16450000	0.5290747898983583	0.5391833110785812
16500000	0.5253431563244981	0.5322088752316881
16550000	0.5236863657179509	0.5272434037777434
16600000	0.5241317767647914	0.5243665360933653
16650000	0.5266720037067024	0.5236238058510854
16700000	0.5312653539060748	0.5250261012664179
16750000	0.5378382472385509	0.5285496926573414
16800000	0.5462892782412635	0.534138695332445
16850000	0.5564943889338255	0.5417061689701526
16900000	0.5683125466776462	0.551136717553659
16950000	0.5815913641969631	0.5622920831615186
17000000	0.5961722239100298	0.5750187493336263
17050000	0.6118946296019062	0.589156519688919
17100000	0.6285996640333137	0.6045449767879841
17150000	0.6461325551963807	0.6210182798147121
17200000	0.6643444367700855	0.6384204132668051
17250000	0.6830934321910122	0.6565979126695083
17300000	0.7022452053121341	0.6754004043252352
17350000	0.7216731141710292	0.694683616667908
17400000	0.7412580869943344	0.7143124960330701
17450000	0.7608883179112694	0.7341640788584323
17500000	0.7804588581907086	0.7541270697352838
17550000	0.7998711594514676	0.7740882082580789
17600000	0.8190326091656237	0.793949159546444
17650000	0.8378560859946028	0.813614448416089
17700000	0.8562595527478766	0.8329908292291757
17750000	0.8741656975360254	0.8519895608308332
17800000	0.8915016284763075	0.8705285447378589
17850000	0.9081986236195622	0.888534044353284
17900000	0.924191935200566	0.9059390821872952
17950000	0.9394206455523428	0.9226730234547225
18000000	0.9538275708283813	0.9386763668875194
18050000	0.9673592078708774	0.953889896470374
18100000	0.9799657190265537	0.9682553734652514
18150000	0.9916009493640153	0.9817178960326377
18200000	1.0022224705385652	0.994227691344093
18250000	1.0117916454550144	1.0057411598365031
18300000	1.020273707884891	1.0162193401039505
18350000	1.0276378513000668	1.0256228376051257
18400000	1.0338573213940099	1.0339201483347085
18450000	1.038909507079907	1.0410812427059832
18500000	1.0427760251858158	1.047078964138518
18550000	1.0454427946110496	1.0518906935440444
18600000	1.0469000963604425	1.0554991473834718
18650000	1.0471426166233433	1.0578922359347023
18700000	1.0461694708956395	1.0590618897212523
18750000	1.0439842080340553	1.0590036909137837
18800000	1.0405947940567106	1.0577176905077579
18850000	1.0360135764343426	1.055207798320913
18900000	1.0302572305242883	1.0514828920139152
18950000	1.0233466906573625	1.0465571421318383
19000000	1.0153070691726724	1.0404493855146169
19050000	1.0061675673884574	1.0331816009226014
19100000	0.9959613830852138	1.024778497540313
19150000	0.9847256195536256	1.0152715592857935
19200000	0.9725012016225683	1.0046924868921288
19250000	0.9593328043344421	0.9930783717060884
19300000	0.9452688000813976	0.9804721302369005
19350000	0.9303612300614688	0.9669215415207052
19400000	0.9146658058593201	0.9524774966447842
19450000	0.8982419467954396	0.9371916261249266
19500000	0.8811528584001651	0.921117271321396
19550000	0.8634656569154426	0.9043172594326323
19600000	0.8452515440407979	0.8868509207296448
19650000	0.8265860351169418	0.8687848616621224
19700000	0.8075492424290631	0.8501929714479107
19750000	0.7882262130997455	0.831154724220255
19800000	0.7687073178433381	0.8117530125634164
19850000	0.7490886823015183	0.7920717771219239
19900000	0.7294726463229348	0.7721986991744693
19950000	0.7099682278735747	0.7522339542206697
20000000	0.6906915567458138	0.7322751690648048
20050000	0.6717662284581299	0.7124317454769951
20100000	0.6533235106068133	0.6928240927153834
20150000	0.6355023130010695	0.6735812567827004
20200000	0.6184488108697659	0.6548383856746612
20250000	0.6023155906758096	0.6367343745906403
20300000	0.5872601762933493	0.6194147690116896
20350000	0.5734427976704467	0.6030371705269977
20400000	0.5610232946569108	0.5877580702532796
20450000	0.550157115213626	0.5737419480716885
20500000	0.5409904752468789	0.5611554408963331
20550000	0.5336548925024579	0.550160223453288
20600000	0.5282614699296148	0.5409060345136666
20650000	0.5248954488522046	0.5335246265230427
20700000	0.5236116330799666	0.5281267468179439
20750000	0.5244312603905665	0.5247997213277343
20800000	0.5273407503031013	0.5235989997540749
20850000	0.5322925073941013	0.5245467413923701
20900000	0.5392076646754881	0.5276280335313188
20950000	0.547980386004955	0.5327908361602236
21000000	0.5584831732052619	0.5399499055731934
21050000	0.570572572025656	0.548994029590202
21100000	0.5840947315806094	0.5597918907078381
21150000	0.5988904067454751	0.572194805698298
21200000	0.6147991555792574	0.5860486002571326
21250000	0.6316626352302223	0.6011909471744944
21300000	0.6493270168512475	0.6174556964955819
21350000	0.6676446155341139	0.6346780249713975
21400000	0.6864748690103909	0.6526996038893462
21450000	0.7056848081202056	0.6713733316524786
21500000	0.7251491530505254	0.6905603354545424
21550000	0.7447501507768877	0.7101242173849577
21600000	0.7643772472404916	0.7299434794279502
21650000	0.7839266664209293	0.749899439783803
21700000	0.8033009496366443	0.7698777694573251
21750000	0.8224084928796371	0.789770749868858
21800000	0.8411631077811181	0.8094794749638023
21850000	0.8594836225440282	0.828915691773783
21900000	0.8772935323547677	0.8479960223254108
21950000	0.8945207038771045	0.8666366777675355
22000000	0.9110971349685806	0.8847653006386924
22050000	0.9269587683570999	0.9023091287132189
22100000	0.9420453563698091	0.9191971396663892
22150000	0.9563003726903943	0.9353623667427908
22200000	0.9696709663705473	0.9507437521452873
22250000	0.9821079528232669	0.9652873300333413
22300000	0.9935658362057619	0.9789413406260749
22350000	1.0040028574131663	0.991655104270236
22400000	1.0133810618273877	1.0033855705143684
22450000	1.0216663809889184	1.0140898228372879
22500000	1.0288287224831283	1.0237274392763598
22550000	1.034842062560708	1.0322623632125687
22600000	1.0396845363498586	1.0396639774640306
22650000	1.043338520968955	1.0459072758924586
22700000	1.0457907074122683	1.0509704252734342
22750000	1.0470321577520965	1.0548348086163397
22800000	1.047058344966699	1.0574870694531042
22850000	1.045869173547175	1.058916874593454
22900000	1.043468979935366	1.0591184516792174
22950000	1.0398665127726932	1.058091278944388
23000000	1.0350748938682854	1.0558398205080968
23050000	1.0291115616954947	1.0523723235572633
23100000	1.0219982000725347	1.0477009961405286
23150000	1.0137606554527407	1.0418429154635511
23200000	1.0044288469251264	1.0348176098978918
23250000	0.9940366735945243	1.0266498784423388
23300000	0.9826219244666332	1.0173700244870159
23350000	0.9702261963060372	1.007013137001082
23400000	0.9568948251680539	0.9956175156623156
23450000	0.9426768374333316	0.9832223766590852
23500000	0.9276249262019097	0.9698718180161456
23550000	0.9117954588309926	0.9556146472468054
23600000	0.8952485212192197	0.9404994543534408
23650000	0.8780480041268062	0.9245817522093432
23700000	0.860261736331799	0.9079230952129601
23750000	0.8419616686852023	0.890589433209267
23800000	0.8232241120304655	0.8726489019030368
23850000	0.8041300303342408	0.8541692839870141
23900000	0.7847653880109627	0.8352250846494262
23950000	0.7652215470141519	0.8158966176966369
24000000	0.7455957044293914	0.7962637403126571
24050000	0.7259913545733233	0.7764166016380991
24100000	0.7065187504581819	0.756454063600884
24150000	0.6872953274078206	0.7364816345073367
24200000	0.6684460362319622	0.7166092285228287
24250000	0.650103514670736	0.6969490834904958
24300000	0.6324080045290205	0.6776247701258165
24350000	0.6155068999766639	0.6587672006847243
24400000	0.5995537936691269	0.6405116313225602
24450000	0.5847068777686154	0.6230064731370862
24500000	0.5711265652073823	0.6064095012767639
24550000	0.5589722328358607	0.5908835712495176
24600000	0.5483980618177443	0.5765922164670748
24650000	0.5395480659640842	0.5636955555961138
24700000	0.5325505489591608	0.5523530521421129
24750000	0.5275123942433614	0.5427166465964862
24800000	0.5245137283112874	0.5349237584815912
24850000	0.5236035627976968	0.5290948545731903
24900000	0.5247969744655696	0.52532449329107
24950000	0.528074213841353	0.5236745751097178
25000000	0.5333818705483039	0.5241708649504778
25050000	0.5406359283625064	0.5268033866206099
25100000	0.5497262900161936	0.531527744007055
25150000	0.560522199143958	0.538268610706941
25200000	0.5728779568931346	0.5469238437439673
25250000	0.5866384077197493	0.5573661803296914
25300000	0.6016438120362605	0.5694486374523168
25350000	0.6177338864219807	0.5830116363987143
25400000	0.6347509385851188	0.5978909283538035
25450000	0.6525421340745052	0.6139253804571826
25500000	0.6709609999987344	0.6309525480618118
25550000	0.6898683029290893	0.648816484478177
25600000	0.7091324434429253	0.6673695159439901
25650000	0.7286294984931281	0.6864668261175189
25700000	0.748243023245367	0.7059689737863504
25750000	0.7678637019956682	0.7257446756277633
25800000	0.7873889167580599	0.7456734987905188
25850000	0.8067222838431606	0.7656480779524918
25900000	0.8257731938268212	0.7855622016151976
25950000	0.8444563786561379	0.8053177380306455
26000000	0.8626915208519887	0.8248248606130821
26050000	0.880402913321443	0.8439946403372846
26100000	0.8975191736734226	0.8627413498027652
26150000	0.9139730136827483	0.8809846999430284
26200000	0.9297010622995994	0.8986517195180224
26250000	0.9446437390646923	0.9156778987777541
26300000	0.9587451737499255	0.9319967966257147
26350000	0.971953167345756	0.9475486084766066
26400000	0.9842191890546597	0.9622780347976576
26450000	0.9954984036564101	0.9761297569800399
26500000	1.0057497234451123	0.989050952664732
26550000	1.014935878879248	1.0009932843488747
26600000	1.0230235021271565	1.0119141711906554
26650000	1.0299832178322588	1.0217771002196454
26700000	1.0357897356696504	1.0305457753147451
26750000	1.0404219396235888	1.0381897420216852
26800000	1.0438629693867698	1.0446822623726244
26850000	1.046100289865733	1.0499988931954956
26900000	1.0471257454655065	1.0541193537752696
26950000	1.0469355966078857	1.0570285461396105
27000000	1.0455305367930927	1.05871664293492
27050000	1.0429156894206448	1.059178224746741
27100000	1.0391005845152903	1.0584115834817251
27150000	1.034099116429438	1.056419393326923
27200000	1.02792948448646	1.0532080439104186
27250000	1.020614119363745	1.0487887088687189
27300000	1.012179598768464	1.0431778950085866
27350000	1.002656556615913	1.0363970382955323
27400000	0.9920795904691742	1.0284711886295272
27450000	0.980487172434621	1.019427123775005
27500000	0.9679215690306493	1.0092983516037526
27550000	0.9544287757607768	0.9981198155857439
27600000	0.9400584722322267	0.9859297393958123
27650000	0.9248640036712579	0.9727724639466144
27700000	0.9089023945956174	0.9586977211895937
27750000	0.8922344002017363	0.943759094751931
27800000	0.8749246006835278	0.9280118219563245
27850000	0.8570415431726277	0.9115105852376353
27900000	0.8386579351978423	0.8943198077210034
27950000	0.8198508923850222	0.8765029242910883
28000000	0.8007022413857281	0.8581269829515843
28050000	0.7812988764969752	0.8392672361289232
28100000	0.7617331648010488	0.820005634910205
28150000	0.7421033895158085	0.8004287996828813
28200000	0.7225142141248752	0.7806257224792991
28250000	0.7030771402270896	0.7606861947032467
28300000	0.6839109194036731	0.7407138407622328
28350000	0.6651418634178403	0.7208120669746692
28400000	0.6469039778243271	0.701092223165968
28450000	0.6293388224711977	0.6816780033264307
28500000	0.6125949806505055	0.6627030119010926
28550000	0.596827000956949	0.6443080329391666
28600000	0.5821936688193008	0.6266383329730628
28650000	0.5688554771541602	0.6098421051525806
28700000	0.5569712079446368	0.5940802431045189
28750000	0.5466936175967729	0.5795123709712053
28800000	0.5381643413614943	0.5663016211694671
28850000	0.5315082867338372	0.5546120798797609
28900000	0.5268279471567804	0.5446009009946822
28950000	0.5241981948987825	0.5364105904032312
29000000	0.5236621591360658	0.5301623604920719
29050000	0.5252287270670583	0.5259515994478893
29100000	0.5288720175492719	0.523847035257085
29150000	0.534532903052046	0.5238844474334374
29200000	0.5421223628290837	0.5260652079405598
29250000	0.5515262116647432	0.530354328577401
29300000	0.5626106172974155	0.5366811863854317
29350000	0.575227810877265	0.5449440244068068
29400000	0.5892214869717647	0.5550174698324506
29450000	0.6044315395734389	0.5667611300235751
29500000	0.6206979428925117	0.5800188492790401
29550000	0.6378637266558809	0.5946324358034115
29600000	0.6557770980407982	0.6104401599898155
29650000	0.6742928235884659	0.6272779470098371
29700000	0.6932730108592464	0.644983698468081
29750000	0.712587431222849	0.6634017719128358
29800000	0.7321135118979107	0.6823871997698178
29850000	0.7517361050177969	0.7018078637741717
29900000	0.7713471194520648	0.7215311697558264
29950000	0.7908450804928798	0.7414392668781858
30000000	0.8101346648236394	0.7614197737459234
30050000	0.8291262438657939	0.7813633558365425
30100000	0.8477354574926886	0.8011659024763612
30150000	0.8658828317669196	0.8207307472040466
30200000	0.883493448273172	0.8399706133664115
30250000	0.9004966682735257	0.8588074919106015
30300000	0.9168259118666191	0.8771594121467389
30350000	0.9324184902293613	0.8949559305128838
30400000	0.9472154875852518	0.9121284451807806
30450000	0.961161688573369	0.9286089360857387
30500000	0.9742055460422131	0.9443324126501307
30550000	0.9862991838646799	0.9592389491480159
30600000	0.9973984291018804	0.9732750894809349
30650000	1.0074628676978143	0.9863932093095057
30700000	1.0164559178462336	0.9985435174266902
30750000	1.0243449152298905	1.0096849889365422
30800000	1.0311012044926073	1.0197779912101015
30850000	1.0367002315712461	1.0287846778269691
30900000	1.0411216318926544	1.0366710567257085
30950000	1.0443493099321794	1.0434082873780857
31000000	1.0463715062332333	1.0489730891964417
31050000	1.0471808486936898	1.0533468587708443
31100000	1.046774385720883	1.056513125032379
31150000	1.045153599723167	1.0584610738875102
31200000	1.0423244003183756	1.0591831649077026
31250000	1.038297097570855	1.058676121310413
31300000	1.0330863564905146	1.0569418389338137
31350000	1.026711134911706	1.0539873448900678
31400000	1.0191946076913934	1.0498238103750754
31450000	1.010564080903939	1.0444653783203648
31500000	1.0008509003481372	1.0379322102173425
31550000	0.9900903592110877	1.0302462849418783
31600000	0.9783216101490586	1.0214341391677708
31650000	0.9655875873485841	1.0115279461320428
31700000	0.9519349443259344	1.000565029286165
31750000	0.9374140133151303	0.9885865019405924
31800000	0.9220787920871348	0.9756351587922004
31850000	0.9059869639332274	0.9617548405058287
31900000	0.8891999563206991	0.9469985452473941
31950000	0.8717830433594036	0.931416706293843
32000000	0.853805496650307	0.9150655355319581
32050000	0.8353407882367834	0.8980079864444177
32100000	0.8164668481181538	0.8803123195896676
32150000	0.7972663769303925	0.8620500604850636
32200000	0.7778272117011925	0.8432935759070825
32250000	0.7582427387170463	0.8241164256200356
32300000	0.73861234208562	0.8046048223153448
32350000	0.7190418690484219	0.7848411923680237
32400000	0.6996440829673265	0.7649170672638228
32450000	0.6805390616890397	0.7449339862386669
32500000	0.6618544824052829	0.7250015094266105
32550000	0.6437257143735812	0.705234967163791
32600000	0.6262956190347513	0.6857532683530323
32650000	0.6097139356853452	0.6666804483548127
32700000	0.5941361144978698	0.6481557916467376
32750000	0.5797214543540112	0.6303180988740122
32800000	0.5666304199966065	0.6133182197011339
32850000	0.5550210617029046	0.5973168054544781
32900000	0.5450445491631496	0.5824794578605876
32950000	0.5368399605099315	0.5689715900931789
33000000	0.5305286256260645	0.5569534725054489
33050000	0.5262084815663035	0.5465776837564874
33100000	0.523949014500215	0.5379903774814788
33150000	0.5237873911339465	0.5313176669152511
33200000	0.5257262922417937	0.526665303518569
33250000	0.5297337537552793	0.5241108123041033
33300000	0.5357450383179374	0.5236970948254956
33350000	0.5436662718655375	0.5254295821484286
33400000	0.5533793574142701	0.529277432956233
33450000	0.5647475688443815	0.5351773395173578
33500000	0.5776212391222275	0.5430352607488348
33550000	0.5918430632987174	0.5527353919462774
33600000	0.6072526918857937	0.5641407688793294
33650000	0.6236904507434952	0.5770978591431247
33700000	0.6410001584739282	0.5914430481066182
33750000	0.6590311072542139	0.6070098114244069
33800000	0.6776393274310536	0.6236358086632401
33850000	0.6966882774405632	0.6411649902069494
33900000	0.7160490989171476	0.6594409047174649
33950000	0.7356005618178854	0.6783213613195618
34000000	0.7552288034259637	0.6976676775861155
34050000	0.7748269431288762	0.7173456981102497
34100000	0.7942946346955331	0.73722827754828
34150000	0.8135376006740922	0.757197817986112
34200000	0.8324671798057801	0.7771485308015109
34250000	0.8509999077730518	0.7969832918082576
34300000	0.869057143706995	0.8166030516174474
34350000	0.8865647491394413	0.8359226862631408
34400000	0.9034528220012772	0.8548578785244023
34450000	0.9196554854142328	0.8733262134379142
34500000	0.9351107290574694	0.8912495073097931
34550000	0.949760299551322	0.9085558409913954
34600000	0.9635496353965977	0.9251810495461038
34650000	0.9764278414034584	0.9410652518309626
34700000	0.98834769714808	0.9561468525172642
34750000	0.9992656937506103	0.9703740911972935
34800000	1.0091420931418071	0.9836948997299455
34850000	1.0179410039629038	0.9960588467334053
34900000	1.0256304683198627	1.0074193148777066
34950000	1.0321825537919536	1.017734994506249
35000000	1.0375734453807268	1.0269705466731924
35050000	1.041783532483595	1.03509432508971
35100000	1.0447974864878755	1.0420760779636487
35150000	1.0466043252031854	1.0478922442953573
35200000	1.0471974610735093	1.0525212776505821
35250000	1.0465747309203086	1.0559453789023272
35300000	1.0447384058443212	1.058151735374382
35350000	1.0416951808315036	1.0591328375456448
35400000	1.0374561445402912	1.0588858406076582
35450000	1.0320367306644616	1.0574116117808705
35500000	1.0254566531408376	1.0547156403602118
35550000	1.0177398282792152	1.0508067970568096
35600000	1.0089142876130393	1.045698481505283
35650000	0.9990120858887461	1.0394094237961125
35700000	0.9880692091206192	1.0319635075604843
35750000	0.9761254880333622	1.0233886705479351
35800000	0.9632245224980623	1.0137149765579794
35850000	0.949413622743442	1.002975833913534
35900000	0.9347437731984738	0.9912110167161338
35950000	0.9192696247971721	0.9784598464147528
36000000	0.9030495214475779	0.9647678133823109
36050000	0.8861455661190794	0.9501863006793924
36100000	0.8686237316020988	0.9347712651164947
36150000	0.8505540203837416	0.9185812242242152
36200000	0.8320106771702744	0.9016747467537388
36250000	0.8130724562356004	0.8841139906414356
36300000	0.7938229437907336	0.8659694161693821
36350000	0.7743509326895025	0.8473085866333698
36400000	0.7547508426668413	0.8282078045839263
36450000	0.7351231735202993	0.8087511842189159
36500000	0.7155749706928864	0.7890287677874082
36550000	0.6962202720667758	0.7691343074118283
36600000	0.6771804909698662	0.7491630100203822
36650000	0.6585846732135683	0.7292172495166711
36700000	0.6405695457447688	0.7094100055738629
36750000	0.6232792525108454	0.6898545709793127
36800000	0.606864652249813	0.670677587536225
36850000	0.591482038106821	0.6520168256179905
36900000	0.5772911377158823	0.6340182302426749
36950000	0.5644522743155135	0.6168328434737302
37000000	0.5531226247777752	0.600613961860777
37050000	0.5434516063900758	0.5855210164870217
37100000	0.5355755599524573	0.571718669615515
37150000	0.5296120575904046	0.5593672500318824
37200000	0.5256543183039619	0.5486264325105638
37250000	0.5237663183745519	0.5396467726979346
37300000	0.523979192663572	0.5325613603782166
37350000	0.5262894104311464	0.5274787463545885
37400000	0.5306589846180997	0.5244781391525914
37450000	0.537017684424105	0.5236078434382422
37500000	0.545266939553648	0.524883192584466
37550000	0.5552849198229943	0.528284772944231
37600000	0.5669321865246901	0.5337582742162363
37650000	0.5800573431075008	0.5412159057458856
37700000	0.594502230892273	0.5505412960638306
37750000	0.6101063747024009	0.5615970827160626
37800000	0.6267105410340649	0.5742340649397336
37850000	0.6441593997381287	0.5882936995270952
37900000	0.6623033676459976	0.6036126311592724
37950000	0.6809997603838399	0.6200312198512816
38000000	0.7001133950169036	0.6373887103320457
38050000	0.7195167814420206	0.6555267275486533
38100000	0.7390900238858547	0.6742931107100435
38150000	0.7587205324328208	0.6935456628504594
38200000	0.7783026227053902	0.7131554661922189
38250000	0.7977370621353571	0.7329991229038212
38300000	0.8169306047605746	0.7529584123953397
38350000	0.8357955433419664	0.7729274813317139
38400000	0.8542492975337596	0.7928022573962636
38450000	0.8722140493683268	0.8124825203743068
38500000	0.8896164319067917	0.8318741409508771
38550000	0.9063872730701078	0.8508911266041059
38600000	0.9224613939916748	0.8694571984674329
38650000	0.93777745939511	0.8874970359487072
38700000	0.9522778762514585	0.904938527067017
38750000	0.9659087361279448	0.9217175184256183
38800000	0.9786197960786538	0.9377693072321512
38850000	0.9903644925619728	0.9530312042800011
38900000	1.001099982647828	0.9674447391712854
38950000	1.0107872066707144	0.980957275478329
39000000	1.0193909664794059	0.9935228592854491
39050000	1.0268800135287015	1.005095986412336
39100000	1.03322714125604	1.0156353794433706
39150000	1.0384092764916109	1.025104946560251
39200000	1.042407565068889	1.0334696646628816
39250000	1.0452074473342512	1.0406978332768095
39300000	1.0467987198951676	1.0467625838619077
39350000	1.0471755806866045	1.0516425160855754
39400000	1.0463366552587023	1.055321393207429
39450000	1.0442850030743938	1.0577859432024144
39500000	1.041028103527967	1.0590273342913803
39550000	1.0365778223267919	1.0590408845083457
39600000	1.0309503597899878	1.0578258449437596
39650000	1.0241661834825708	1.0553865209602025
39700000	1.016249948397624	1.0517324494305154
39750000	1.0072304086029706	1.0468776249131635
39800000	0.9971403248690496	1.0408388494616756
39850000	0.9860163732834839	1.0336380440407438
39900000	0.9738990602330544	1.0253006862931664
39950000	0.9608326493977835	1.0158548870343544
40000000	0.9468651065595591	1.0053344877107433
40050000	0.9320480680841562	0.9937788087704259
40100000	0.9164368388923876	0.9812315086229214
40150000	0.9000904255877028	0.9677386672609787
40200000	0.8830716101356167	0.9533463333098754
40250000	0.8654470690579262	0.9381079300042127
40300000	0.8472875424483106	0.922078519184866
40350000	0.8286680561365523	0.9053147145334042
40400000	0.8096681988803816	0.8878805502410104
40450000	0.7903724543418817	0.8698462655141963
40500000	0.7708705845327304	0.8512864391735494
40550000	0.7512580570307792	0.8322776900343509
40600000	0.7316365021374597	0.8128963288740915
40650000	0.7121141777517929	0.7932294103951257
40700000	0.6928064085559082	0.7733657877912341
40750000	0.673835951703808	0.7533981141211429
40800000	0.6553332234332884	0.7334303373874466
40850000	0.6374363003427774	0.7135757924511582
40900000	0.6202905870239466	0.6939549352409337
40950000	0.6040480215017192	0.674693028871597
41000000	0.5888656769141067	0.6559183639665074
41050000	0.5749036199763806	0.6377733505855514
41100000	0.5623219139244713	0.6204036841265534
41150000	0.551276715801148	0.6039618987522825
41200000	0.5419155213741529	0.5886105540420856
41250000	0.5343717527060494	0.5745167768796788
41300000	0.5287590458877829	0.5618463597148897
41350000	0.5251657455466956	0.5507579445349056
41400000	0.5236502029039061	0.5413979970641452
41450000	0.5242374625572644	0.5339019087000235
41500000	0.5269177889561796	0.5283840337980111
41550000	0.5316472429010934	0.524933432187224
41600000	0.5383502250754993	0.5236090592603313
41650000	0.5469236313026132	0.5244339156321802
41700000	0.557242078553269	0.5273929578173548
41750000	0.5691635955467551	0.5324351280262843
41800000	0.5825352214079395	0.5394790136879976
41850000	0.5971980847691302	0.5484147861975349
41900000	0.6129916973876797	0.5591135809650649
41950000	0.6297573504224784	0.5714308971743617
42000000	0.647340622989678	0.5852087353579994
42050000	0.6655930926578338	0.6002813309480126
42100000	0.684373379049813	0.6164815150359411
42150000	0.7035476636060016	0.6336470450684285
42200000	0.7229898211129201	0.6516257790101299
42250000	0.7425812807381154	0.6702657231123329
42300000	0.7622107125492203	0.6894273130165476
42350000	0.7817736139375013	0.7089784644030379
42400000	0.8011718512017386	0.7287906944810522
42450000	0.8203131956472837	0.748741338628588
42500000	0.8391108809925237	0.7687159531318442
42550000	0.8574831993123543	0.7886105613388029
42600000	0.8753531456816519	0.8083328122033313
42650000	0.8926481165852007	0.8277879930290621
42700000	0.9092996635585722	0.8468921446522999
42750000	0.9252433010210821	0.8655658258862478
42800000	0.940418365545175	0.8837302266073994
42850000	0.9547679226411954	0.9013095809697321
42900000	0.9682387163521183	0.9182333437034478
42950000	0.9807811564311218	0.9344378730481934
43000000	0.9923493375379477	0.9498667233088519
43050000	1.0029010846902036	0.9644604676576519
43100000	1.0123980191174102	0.9781683768573886
43150000	1.0208056386781625	0.9909419318644783
43200000	1.02809340711321	1.0027333923791983
43250000	1.0342348466236224	1.0134981504019567
43300000	1.0392076285887686	1.0231964336433876
43350000	1.0429936576774057	1.0317942009598984
43400000	1.0455791451567484	1.0392628190460897
43450000	1.0469546678638226	1.045574388237368
43500000	1.0471152100596721	1.0507073294977172
43550000	1.0460601862231729	1.0546431501306517
43600000	1.043793443735301	1.0573666623747142
43650000	1.0403232453306943	1.0588674317335305
43700000	1.0356622321231395	1.0591403148020162
43750000	1.029827368916773	1.0581850421049097
43800000	1.0228398743685798	1.0560050207444172
43850000	1.0147251393470262	1.052608424460947
43900000	1.0055126375179688	1.0480068457549514
43950000	0.9952358327697745	1.0422158342869423
44000000	0.9839320885581838	1.0352562267119498
44050000	0.9716425846066075	1.0271541946007439
44100000	0.9584122466422327	1.017940361233112
44150000	0.9442896949876998	1.007648069811757
44200000	0.9293272178668583	0.9963118432785292
44250000	0.9135807752219565	0.9839743362468945
44300000	0.897110038671013	0.9706774595103018
44350000	0.8799784729369904	0.9564676004236451
44400000	0.8622534636136495	0.9413975063093084
44450000	0.8440064954275863	0.9255251889809164
44500000	0.8253133841053598	0.9089121023000832
44550000	0.8062545634034134	0.8916207808197021
44600000	0.7869154265897844	0.8737135956205734
44650000	0.7673867183897104	0.8552645195286145
44700000	0.7477649687485337	0.836344336099018
44750000	0.7281529532687666	0.817030134506588
44800000	0.7086601563263327	0.7974079109373385
44850000	0.6894032011436005	0.7775708346902805
44900000	0.6705061960925564	0.7576171137498499
44950000	0.652100928154902	0.7376477490564477
45000000	0.6343268133919832	0.7177664155968949
45050000	0.6173304922589649	0.6980922273853966
45100000	0.6012649381762818	0.6787432330049067
45150000	0.5862879367953133	0.6598486824432965
45200000	0.5725597992000124	0.6415500902400687
45250000	0.5602402049828252	0.6239980263509118
45300000	0.5494841403716295	0.6073486171416795
45350000	0.5404370073974238	0.5917601131519238
45400000	0.5332291272816005	0.5773913769516763
45450000	0.5279700242752695	0.5644083233348918
45500000	0.5247430182812859	0.5529688620620492
45550000	0.5236007294091797	0.5432262436612691
45600000	0.5245620648008774	0.5353222563802121
45650000	0.5276111025604786	0.529378392302647
45700000	0.5326980327879346	0.5254885401539532
45750000	0.539742020586616	0.5237142792455891
45800000	0.5486355948871069	0.5240834317532165
45850000	0.5592500013676802	0.5265897062465706
45900000	0.5714409144712794	0.531193348035106
45950000	0.5850539704251059	0.537821871672492
46000000	0.5999297213371111	0.5463720256624969
46050000	0.6159077733495173	0.5567148852756092
46100000	0.6328300214359	0.5687033017692777
46150000	0.6505430077687906	0.5821806456359909
46200000	0.6688995033114723	0.5969875661757341
46250000	0.6877594477839994	0.6129578704136734
46300000	0.7069903908628082	0.6299336814068629
46350000	0.7264675675809934	0.6477586534228258
46400000	0.746073721936311	0.666278994917064
46450000	0.7656987707501856	0.6853467034423687
46500000	0.7852393785747194	0.7048228892623222
46550000	0.8045984958260854	0.7245808349868875
46600000	0.8236848970261514	0.7445054717372864
46650000	0.8424127440373266	0.7644801107115935
46700000	0.8607011900959132	0.7844032956203849
46750000	0.8784740337707719	0.8041764789415958
46800000	0.8956594271761429	0.8237036051598667
46850000	0.9121896393874638	0.8428933674123755
46900000	0.9280008736660668	0.861661348787148
46950000	0.943033135495121	0.87993176091057
47000000	0.9572301473423844	0.8976355980350806
47050000	0.9705393053350168	0.9147002449692273
47100000	0.9829116725475995	0.9310644540660189
47150000	0.9943020032947152	0.9466671590017732
47200000	1.0046687926408422	0.9614482920929172
47250000	1.013974345270345	0.9753511494924629
47300000	1.0221848578905577	0.9883242076724732
47350000	1.0292705094715058	1.0003222058953094
47400000	1.0352055538612193	1.0113044146468881
47450000	1.0399684096610655	1.0212295450525333
47500000	1.0435417427043343	1.0300643661060342
47550000	1.0459125370526126	1.0377769153052603
47600000	1.0470721511021261	1.0443379944766527
47650000	1.0470163561640957	1.0497228837670218
47700000	1.0457453557314051	1.0539122003635932
47750000	1.0432637845456085	1.056891822509809
47800000	1.0395806875070812	1.0586516673121558
47850000	1.0347094793985823	1.0591850982686508
47900000	1.028667887290374	1.0584901585032946
47950000	1.0214778783371796	1.0565686421354488
48000000	1.0131655764411287	1.053427238484161
48050000	1.003761171923157	1.0490779273558708
48100000	0.993298828906458	1.0435374204379064
48150000	0.9818165955639616	1.0368256961337632
48200000	0.9693563227170002	1.0289656261491251
48250000	0.9559635964978872	1.019986628620869
48300000	0.9416876909103167	1.0099186316048028
48350000	0.9265815461426066	0.9987969329993636
48400000	0.9107017784093945	0.9866626035374969
48450000	0.8941087269079503	0.973561570810554
48500000	0.8768665431516591	0.959542902555177
48550000	0.8590433274400282	0.9446564498564561
48600000	0.8407113164668092	0.928954003005847
48650000	0.8219471249411435	0.9124964443684052
48700000	0.8028320424356028	0.8953413717075875
48750000	0.7834523842504892	0.8775535953544983
48800000	0.7638998915908182	0.8592050149196718
48850000	0.7442721714022871	0.8403729387723933
48900000	0.7246731593359514	0.8211379170277172
48950000	0.7052135799845832	0.8015813473267207
49000000	0.6860113662465067	0.7817884079014602
49050000	0.6671919840644083	0.7618562801310125
49100000	0.6488885898835158	0.7418794945726589
49150000	0.631241926758808	0.7219641471673622
49200000	0.6143998431654224	0.7022270701384165
49250000	0.598516300147337	0.682793543157792
49300000	0.583749723771844	0.6637948415472203
49350000	0.570260569680355	0.6453659642299125
49400000	0.5582080050850411	0.627649038350685
49450000	0.5477456900432964	0.6107984976106592
49500000	0.53901675789196	0.5949683712467206
49550000	0.5321482467258278	0.580322024902107
49600000	0.527245396237665	0.5670267311584072
49650000	0.5243863578273553	0.5552469938766997
49700000	0.5236179240325177	0.5451378954367745
49750000	0.5249528287930267	0.5368391745470048
49800000	0.5283689940082498	0.5304724554924873
49850000	0.5338108307362163	0.5261387171754761
49900000	0.541192408882041	0.5239088397005832
49950000	0.5504020614843214	0.523822011411278
50000000	0.5613078451094238	0.5258808452877587
50050000	0.5737632560699242	0.530050120069379
50100000	0.5876126850894559	0.5362596101092697
50150000	0.6026962389321558	0.544410517631912
50200000	0.6188537204211019	0.5543810363548596
50250000	0.635927702718134	0.5660295900160688
50300000	0.6537657407540234	0.5792060544244395
50350000	0.6722218282654444	0.5937499314245283
50400000	0.6911572386908272	0.6094950247820009
50450000	0.710440892036976	0.6262749588038318
50500000	0.7299493777661226	0.6439287540179908
50550000	0.7495667438877089	0.6623059655936702
50600000	0.7691841403909085	0.6812636966449551
50650000	0.788699384277794	0.7006619994854324
50700000	0.8080164954049902	0.7203754949579815
50750000	0.8270452376479692	0.7402817337095422
50800000	0.8457006884583756	0.7602628488670553
50850000	0.8639028512713351	0.7802078403345248
50900000	0.8815763189127251	0.8000148139470488
50950000	0.8986499916422996	0.8195928663375137
51000000	0.9150568502984598	0.8388558776129948
51050000	0.9307337828185199	0.8577178299146645
51100000	0.945621460911044	0.8761041449465375
51150000	0.9596642626435771	0.8939399196637643
51200000	0.9728102360294011	0.9111521140619679
51250000	0.9850110982481626	0.9276718621064881
51300000	0.9962222648512374	0.9434363401553224
51350000	1.0064029031445836	0.9583899796468439
51400000	1.0155160038900015	0.9724791297362241
51450000	1.0235284655135828	0.9856514846153297
51500000	1.0304111851589521	0.997862284027097
51550000	1.0361391511775324	1.0090667794375723
51600000	1.0406915320135575	1.019222649033576
51650000	1.0440517569205778	1.0282919036836777
51700000	1.0462075845370447	1.0362420097941398
51750000	1.047151156044011	1.0430461178047044
51800000	1.0468790304149271	1.0486803521696157
51850000	1.0453922001270453	1.053124078771754
51900000	1.0426960866125274	1.0563619656396623
51950000	1.0388005156579725	1.0583815502012892
52000000	1.0337196738853185	1.0591748488636368
52050000	1.027472048336866	1.0587391144112361
52100000	1.0200803520168908	1.0570766410632872
52150000	1.0115714389902886	1.054193626937693
52200000	1.0019762132886192	1.0501002597119644
52250000	0.9913295364152387	1.0448114626780158
52300000	0.9796701386693354	1.0383448522040337
52350000	0.9670405398240426	1.0307232352145312
52400000	0.9534869849003769	1.021974897400434
52450000	0.9390594008819261	1.0121329429052983
52500000	0.9238113802186494	1.001233767066556
52550000	0.9078001968702137	0.9893147934835969
52600000	0.8910868604282518	0.9764185323728073
52650000	0.8737362135054246	0.9625918270753392
52700000	0.8558170770371508	0.9478816933921254
52750000	0.8374024473281494	0.9323419436808468
52800000	0.8185697474679432	0.9160323302371884
52850000	0.7994011339614031	0.8990169236629703
52900000	0.7799838568304671	0.8813619098994127
52950000	0.7604106677218642	0.8631330350326334
53000000	0.740780265299234	0.8444029775301664
53050000	0.7211977599246598	0.8252495500817749
53100000	0.701775129816507	0.8057503524767486
53150000	0.6826316280114901	0.7859929764131138
53200000	0.6638940832464497	0.7660734402907836
53250000	0.6456970184391525	0.7460941434628333
53300000	0.6281824887551641	0.726161629988088
53350000	0.6114995196378932	0.706384491361286
53400000	0.5958030079609837	0.6868828793374188
53450000	0.5812519433819634	0.6677835886291217
53500000	0.5680068211479288	0.6492180648190432
53550000	0.5562261623279139	0.6313310641554012
53600000	0.5460621413037153	0.6142771532592707
53650000	0.5376554454102174	0.5982167445244778
53700000	0.531129647688699	0.5833120244869929
53750000	0.5265855342641598	0.569723185119429
53800000	0.5240959514206285	0.5576122094432322
53850000	0.5237017776871389	0.5471354261740814
53900000	0.5254095496688955	0.5384375262267164
53950000	0.5291910747350043	0.5316493203379217
54000000	0.5349850863654962	0.5268785902825099
54050000	0.542700706511293	0.5242027567485528
54100000	0.552222246707035	0.523664482524739
54150000	0.563414756664915	0.5252709479415003
54200000	0.5761297281578694	0.5289945589866688
54250000	0.590210459533153	0.5347753733094724
54300000	0.6054967383265908	0.5425242172225999
54350000	0.6218286612171751	0.5521243106884767
54400000	0.6390495492561696	0.5634363349277589
54450000	0.6570080158850923	0.5763055394383777
54500000	0.6755593038596481	0.5905699200657831
54550000	0.6945660316131159	0.6060684180906678
54600000	0.7138984899250096	0.6226370556235139
54650000	0.733434615786969	0.6401176624994411
54700000	0.7530597497642071	0.658359246141542
54750000	0.7726662611226974	0.677213336677543
54800000	0.7921531045371137	0.6965366712142151
54850000	0.8114253547246957	0.7161941330367342
54900000	0.830393751255121	0.7360615884847908
54950000	0.8489742748819789	0.756028194140164
55000000	0.8670877685774229	0.7759841689351082
55050000	0.8846596104997163	0.795828582359171
55100000	0.9016194418789333	0.8154686706713327
55150000	0.9179009498343018	0.8348128175092138
55200000	0.9334417030868014	0.853772826924522
55250000	0.948183037132971	0.8722661541208696
55300000	0.962069984501442	0.890217798509749
55350000	0.975051245081421	0.9075614284841812
55400000	0.9870791910968195	0.9242285348885666
55450000	0.998109901040338	0.9401576801434814
55500000	1.0081032167435933	0.9552917613106444
55550000	1.0170228177254654	0.9695736519395786
55600000	1.0248363070264337	0.982948719260816
55650000	1.0315153029039004	0.9953668348188927
55700000	1.0370355310375305	1.0067836835816903
55750000	1.0413769122792353	1.0171610752473403
55800000	1.044523641481604	1.0264606769593374
55850000	1.0464642535487436	1.0346503234343323
55900000	1.0471916735663525	1.0417013570659108
55950000	1.0467032486692165	1.0475872877002597
56000000	1.0450007601744524	1.0522857078920556
56050000	1.0420904154233348	1.0557793729355949
56100000	1.0379828197061451	1.0580563546156192
56150000	1.0326929295645895	1.059109234943631
56200000	1.026239989647215	1.0589341117972393
56250000	1.0186474561098797	1.0575315850406533
56300000	1.0099429102848998	1.0549059927304754
56350000	1.0001579669736824	1.0510663643884475
56400000	0.9893281822390306	1.0460270384651393
56450000	0.9774929659812027	1.0398073254303357
56500000	0.964695504877454	1.0324302520069406
56550000	0.9509827014525802	1.0239207522764957
56600000	0.9364051351332439	1.0143104205647755
56650000	0.9210170511246142	1.0036323119833943
56700000	0.9048763828310116	0.991922947333902
56750000	0.8880448133087833	0.9792248826813417
56800000	0.8705878808586609	0.9655860289552896
56850000	0.8525751332814894	0.9510581469279143
56900000	0.8340803344476748	0.9356946671021495
56950000	0.8151817255358716	0.9195485671040854
57000000	0.7959623413936988	0.9026825603702983
57050000	0.7765103797078002	0.8851580847441404
57100000	0.7569196167081118	0.8670404010798777
57150000	0.7372898575531066	0.8484027425545989
57200000	0.717727401855739	0.8293248303729897
57250000	0.6983454944842238	0.8098908502364311
57300000	0.6792647183304803	0.7901871396606183
57350000	0.6606132689255927	0.7703006932089096
57400000	0.6425270308416412	0.7503322586191539
57450000	0.6251493539218766	0.7303818126969428
57500000	0.608630406171885	0.7105572991070978
57550000	0.5931259643411012	0.6909787423603303
57600000	0.5787955000222791	0.6717759257736576
57650000	0.5657994379506602	0.6530857815288929
57700000	0.5542955143572801	0.6350498222887507
57750000	0.5444342545438544	0.6178128647092835
57800000	0.5363537206045549	0.6015333482582692
57850000	0.5301738395200051	0.5863689605783665
57900000	0.5259907791732303	0.5724825819636584
57950000	0.5238719518583997	0.5600400741739213
58000000	0.5238522460747779	0.549202834079339
58050000	0.5259319886870737	0.5401203492246486
58100000	0.5300769255479199	0.5329235783131729
58150000	0.5362202233762008	0.5277202295258479
58200000	0.5442662096744434	0.5245941013701119
58250000	0.554095351629843	0.5235973141932276
58300000	0.5655698739067044	0.5247484794125903
58350000	0.5785394343992927	0.5280297865967386
58400000	0.592846387733323	0.5333865724077018
58450000	0.6083303232090223	0.5407308464809385
58500000	0.6248317234653626	0.5499481671333122
58550000	0.6421947225862978	0.560905961019123
58600000	0.6602690344699191	0.5734534503413555
58650000	0.6789111741484436	0.5874352020939833
58700000	0.6979851141132117	0.6026900660545191
58750000	0.717362514817469	0.6190529822658087
58800000	0.7369226528882921	0.6363596469975149
58850000	0.7565521494202437	0.6544513537724268
58900000	0.7761445788089739	0.673179562609998
58950000	0.7956000185919216	0.6924082097260795
59000000	0.814824583886858	0.7120008117103055
59050000	0.8337299765158906	0.7318359215793132
59100000	0.852233068522634	0.7517974681371583
59150000	0.8702555320586887	0.7717726908785849
59200000	0.8877235220027206	0.7916543182249743
59250000	0.9045674136868403	0.8113428052793287
59300000	0.9207215953204244	0.830748309162705
59350000	0.9361243127852226	0.8497904151069596
59400000	0.9507175631712781	0.8683847719858957
59450000	0.9644470325431336	0.8864589506713624
59500000	0.9772620728379094	0.9039422818146176
59550000	0.9891157124126839	0.9207647760784488
59600000	0.9999646945227123	0.936859561762018
59650000	1.0097695378931777	0.9521649314635879
59700000	1.0184946135310486	0.9666257744241742
59750000	1.0261082320069974	0.9801927947043757
59800000	1.0325827356231683	0.9928143334100765
59850000	1.0378945901761483	1.0044477541092094
59900000	1.0420244714302813	1.015051603725152
59950000	1.044957341935722	1.024586122043593
60000000	1.046682514454827	1.0330153439185052
60050000	1.0471936989902986	1.040308445396317
60100000	1.0464890312236987	1.046440210464619
60150000	1.0445710810528461	1.0513901135130717
60200000	1.0414468408362465	1.0551395122622462
60250000	1.0371276938843361	1.0576756353474515
60300000	1.0316293646524293	1.058988848530096
60350000	1.0249718529614456	1.059073678260383
60400000	1.017179355375347	1.0579297884351417
60450000	1.0082801775788937	1.0555620100085175
60500000	0.9983066422114881	1.0519794212384923
60550000	0.9872949971141777	1.0471942165796075
60600000	0.9752853293346085	1.0412244054158915
60650000	0.9623214905107957	1.0340900515391975
60700000	0.9484510394237615	1.0258157819632439
60750000	0.9337252075765439	1.016431807877087
60800000	0.9181988936250561	1.0059734948783063
60850000	0.9019306923501094	0.9944800497213647
60900000	0.8849829636030502	0.9819924440557033
60950000	0.867421946245321	0.9685529330734481
61000000	0.8493179214747753	0.9542126500416138
61050000	0.8307454289941111	0.9390203325527633
61100000	0.8117835380892497	0.9230305512813252
61150000	0.7925161736500552	0.9063044779686169
61200000	0.7730324942142325	0.888908475448458
61250000	0.7534273148983609	0.8709120643450388
61300000	0.7338015621645787	0.8523854874434845
61350000	0.7142627392537282	0.8334002529230023
61400000	0.6949253702672019	0.8140401768937922
61450000	0.6759113768472725	0.7943851657794309
61500000	0.6573503239978573	0.7745241184188066
61550000	0.6393794511794221	0.7545556225896808
61600000	0.6221433827913414	0.7345860020463891
61650000	0.6057933914945054	0.7147270889526066
61700000	0.5904860736663058	0.6950940411762687
61750000	0.5763812962597482	0.6758072143572408
61800000	0.5636392982077132	0.6570020342193986
61850000	0.5524168873959848	0.6388134081780299
61900000	0.5428627730225885	0.6213887480345738
61950000	0.5351122112193206	0.6048858784442368
62000000	0.5292813033986317	0.589468562197974
62050000	0.5254614394887249	0.5753017440925748
62100000	0.5237144772088647	0.5625469516280854
62150000	0.5240692497706586	0.5513603585035577
62200000	0.5265198736776427	0.5418944667862367
62250000	0.5310260973728388	0.5342841859673706
62300000	0.5375156404958187	0.5286471552016483
62350000	0.5458881952551603	0.5250754684258991
62400000	0.5560205638059216	0.523628533510426
62450000	0.567772326615047	0.5243291789019169
62500000	0.5809914750850651	0.5271636729909317
62550000	0.5955195641258111	0.5320845368030566
62600000	0.6111961006364314	0.5390120549358758
62650000	0.6278620403134263	0.5478418367710537
62700000	0.6453623909807357	0.5584456527519325
62750000	0.6635480052768133	0.5706759747187647
62800000	0.6822766909230624	0.5843725639314192
62850000	0.70141378144694	0.5993699613925658
62900000	0.720832304441776	0.6155050385600207
62950000	0.7404128673659802	0.632619408996927
63000000	0.760043359309952	0.6505538944354753
63050000	0.7796185454415805	0.6691627802312912
63100000	0.7990396113505502	0.6883035451963027
63150000	0.8182136982357713	0.7078381655111933
63200000	0.8370534569604744	0.7276357089089502
63250000	0.8554766391287203	0.747574977437252
63300000	0.873405736020976	0.767546867715723
63350000	0.8907676709368431	0.7874509200950043
63400000	0.9074935467469492	0.8071852518729591
63450000	0.9235184478480899	0.8266620591353215
63500000	0.9387812939248767	0.8457944335897593
63550000	0.9532247417042837	0.8644975792932974
63600000	0.9667951300696527	0.8826911260377839
63650000	0.9794424633544802	0.9003011681149091
63700000	0.9911204272817664	0.9172617753335237
63750000	1.0017864318013638	0.933511157247851
63800000	1.0114016749778427	0.9489859706461533
63850000	1.0199312220829786	0.9636327644647193
63900000	1.0273440941482428	0.9773976712343887
63950000	1.0336133604372784	0.9902284384287582
64000000	1.0387162296116106	1.002076623712675
64050000	1.0426341347888393	1.0128991226882782
64100000	1.0453528082317998	1.022658877282991
64150000	1.0468623420551284	1.031322321243436
64200000	1.0471572320819582	1.038857282039056
64250000	1.0462364028118347	1.0452383450403107
64300000	1.044103212349838	1.0504419222903396
64350000	1.0407654370707407	1.0544480758247805
64400000	1.0362352367228058	1.0572418141528757
64450000	1.0305291015850606	1.0588134733797674
64500000	1.023667784152588	1.0591581439933664
64550000	1.0156762186128443	1.058274641334764
64600000	1.0065834320733311	1.0561662436392703
64650000	0.9964224520938302	1.0528398278348745
64700000	0.9852302155575496	1.0483067095048046
64750000	0.9730474842831422	1.04258348940222
64800000	0.9599187730362151	1.03569194109402
64850000	0.9458922957497	1.0276579696591706
64900000	0.9310199358121807	1.0185097293760401
64950000	0.9153572462333364	1.0082789228824522
65000000	0.8989634853396642	0.9970033060034291
65050000	0.8819016933723082	0.9847205446250165
65100000	0.864238814913628	0.9714744161787896
65150000	0.8460458713945911	0.9573145222672383
65200000	0.8273981869292694	0.9422950038917389
65250000	0.8083756692362449	0.9264725477201325
65300000	0.7890631452301462	0.9099038762285809
65350000	0.7695507477178455	0.8926495710896161
65400000	0.7499343451487996	0.8747779341607411
65450000	0.7303160001001777	0.8563546590946124
65500000	0.7108044336120771	0.8374540014626404
65550000	0.6915154611017794	0.8181577811899742
65600000	0.672572350955554	0.7985535111801345
65650000	0.6541060389050587	0.7787321733562104
65700000	0.6362551104613366	0.758785934551076
65750000	0.6191654416285063	0.738814274361887
65800000	0.6029893681691381	0.718926548432048
65850000	0.5878842414180028	0.6992324837194402
65900000	0.5740102321144332	0.6798549836789316
65950000	0.5615272729377732	0.6609279773876793
66000000	0.5505910952551402	0.6425936283937248
66050000	0.5413484218287662	0.6249994358012909
66100000	0.5339315210990602	0.6082955833853709
66150000	0.5284524914980918	0.59263964184526
66200000	0.5249977908699553	0.5781952180344682
66250000	0.5236236105856888	0.5651233556472162
66300000	0.5243526743755913	0.5535867809679832
66350000	0.5271728995494164	0.5437418079955956
66400000	0.5320381120446562	0.5357301853831606
66450000	0.5388707124487362	0.5296719207124213
66500000	0.5475659218578218	0.5256600454450778
66550000	0.5579970582717579	0.5237587936471508
66600000	0.5700212373765214	0.5240006667894713
66650000	0.5834849478819719	0.5263833308667857
66700000	0.598229084189445	0.5308689484842213
66750000	0.6140931814589244	0.5373845346467727
66800000	0.6309187506131193	0.5458260327525692
66850000	0.6485517296154878	0.5560654337452325
66900000	0.66684414461246	0.5679598395630205
66950000	0.6856551137238912	0.5813542361779811
67000000	0.7048513365308126	0.5960870057790882
67050000	0.7243072039009275	0.6119979934251861
67100000	0.743904644489988	0.6289246564943265
67150000	0.7635328024036635	0.6467058831903929
67200000	0.7830876190574362	0.6651861360023805
67250000	0.8024713733116612	0.6842194952127566
67300000	0.8215922182869971	0.7036732401477538
67350000	0.8403637409186159	0.7234197978118909
67400000	0.8587045609298977	0.7433376586836582
67450000	0.8765379789887847	0.7633173935513421
67500000	0.8937916788283113	0.7832516216229557
67550000	0.9103974845964437	0.8030370834988051
67600000	0.9262911722589108	0.8225768799258184
67650000	0.9414123322056998	0.8417825344151706
67700000	0.9557042790768977	0.8605755991095885
67750000	0.9691140040600855	0.8788783058316078
67800000	0.981592164404323	0.8966167452913667
67850000	0.9930931045692767	0.9137247726835103
67900000	1.0035749032363732	0.9301357629709984
67950000	1.0129994403275064	0.9457851645320574
68000000	1.0213324781960778	0.9606127119625137
68050000	1.0285437512744442	0.9745640665936813
68100000	1.0346070586853877	0.9875916947092382
68150000	1.0395003546583332	0.9996481238326475
68200000	1.0432058320372661	1.0106904776852883
68250000	1.0457099947263804	1.0206808639335518
68300000	1.0470037155858587	1.0295823418894987
68350000	1.0470822770524333	1.0373612090987991
68400000	1.0459453926002167	1.043988559451867
68450000	1.0435972080543732	1.049440978880551
68500000	1.0400462826973607	1.0537003027147738
68550000	1.035305551036483	1.056751113321818
68600000	1.0293922670039963	1.0585825281238395
68650000	1.0223279332104698	1.0591878212718207
68700000	1.0141382186455956	1.0585640766845548
68750000	1.0048528689001714	1.0567133766606422
68800000	0.9945056135563503	1.0536430506977643
68850000	0.9831340758541839	1.049364970709488
68900000	0.9707796900900676	1.0438939678328034
68950000	0.9574876324401107	1.03724996870248
69000000	0.9433067710339258	1.0294564178795094
69050000	0.9282896411363992	1.0205396063005165
69100000	0.9124924512269509	1.0105314777810157
69150000	0.8959751255893819	0.9994694341976634
69200000	0.8788013887183922	0.9873952429090289
69250000	0.8610388963685647	0.9743531550212736
69300000	0.842759417346785	0.9603875055963742
69350000	0.8240390690702338	0.945550143986158
69400000	0.8049586083200853	0.9298941788682995
69450000	0.7856037762943986	0.9134746253003547
69500000	0.7660656937063526	0.8963537447096561
69550000	0.7464412969065514	0.8785998574850445
69600000	0.726833799369544	0.8602854912434759
69650000	0.7073531538548338	0.8414850753979474
69700000	0.6881164786146327	0.8222726109995422
69750000	0.669248395787642	0.8027329172006038
69800000	0.6508812115582613	0.7829519890003791
69850000	0.6331548464506832	0.7630197448676109
69900000	0.6162164021493935	0.7430370612730688
69950000	0.6002192321734968	0.723113915015507
70000000	0.5853213735991657	0.7033671618973469
70050000	0.5716832043132659	0.6839182585216343
70100000	0.5594642251628844	0.66489158164391
70150000	0.5488189383307661	0.6464259974484798
70200000	0.5398919068438266	0.6286633104435658
70250000	0.5328122292163844	0.611752890177005
70300000	0.5276878261917476	0.595854948979812
70350000	0.5246000755983549	0.5811355134465337
70400000	0.5235993999888829	0.567760944783496
70450000	0.5247023707344729	0.5558924900819566
70500000	0.5278907288540207	0.5456815624064517
70550000	0.5331124631377863	0.5372716653030873
70600000	0.5402847909461452	0.5307876422239719
70650000	0.5492986308455625	0.5263318425454857
70700000	0.5600239985375626	0.5239789057484702
70750000	0.5723157224584107	0.5237690154249893
70800000	0.5860189485530565	0.5257046645633432
70850000	0.600974045001092	0.5297514856071086
70900000	0.6170206807178441	0.5358428568627064
70950000	0.6340009991815437	0.5438816804914794
71000000	0.6517619207203877	0.5537490419987122
71050000	0.670156676386595	0.5653074285985715
71100000	0.6890457098433987	0.578403264203384
71150000	0.7082970899031242	0.592872826762823
71200000	0.7277865656086365	0.608548958042533
71250000	0.7473973764255919	0.6252678415302384
71300000	0.7670199081040839	0.6428745693366363
71350000	0.7865512636557944	0.6612137615259088
71400000	0.805894800486691	0.680142346786525
71450000	0.8249596696575637	0.6995243094266642
71500000	0.8436603814589975	0.7192273087853491
71550000	0.8619164125863291	0.7391249626020849
71600000	0.8796518636643958	0.7590993195642899
71650000	0.8967951711831916	0.7790431768961215
71700000	0.9132788746064887	0.7988611986593414
71750000	0.9290394371308252	0.818455712868829
71800000	0.9440171170098162	0.8377403619520746
71850000	0.9581558853003829	0.8566332380060019
71900000	0.9714033851767686	0.875053245763496
71950000	0.9837109274877343	0.8929224924222152
72000000	0.9950335169324743	0.9101684646345648
72050000	1.0053299030600273	0.926725730694689
72100000	1.0145626502338925	0.9425361558072951
72150000	1.0226982207404505	0.9575383999237113
72200000	1.029707065357256	0.9716801460637582
72250000	1.0355637159399251	0.9849111137981419
72300000	1.040246874939404	0.997181744284802
72350000	1.0437394972278655	1.008445571562069
72400000	1.046028860190216	1.0186609617550082
72450000	1.047106618722633	1.027792057259139
72500000	1.0469688425572028	1.0358084318756706
72550000	1.0456160341843368	1.042680097697787
72600000	1.0430531265490797	1.0483836338483492
72650000	1.0392894606269978	1.0528985364443464
72700000	1.0343387439116838	1.0562074813614521
72750000	1.0282189917408324	1.0582978327176011
72800000	1.0209524542253392	1.0591622492614732
72850000	1.0125655323038045	1.0587983376354138
72900000	1.0030886871061941	1.0572075020320932
72950000	0.9925563473640614	1.0543957135245123
73000000	0.9810068200454365	1.0503725435506217
73050000	0.9684822097201468	1.0451515264394005
73100000	0.9550283523796745	1.038751414802835
73150000	0.94069476955001	1.0311962951539984
73200000	0.9255346485503674	1.0225147668529697
73250000	0.9096048546642426	1.0127382607505353
73300000	0.8929659807917508	1.0018995794719663
73350000	0.8756824398181795	0.9900394929915747
73400000	0.8578226044160683	0.9771981672547234
73450000	0.8394589982195937	0.963420333437604
73500000	0.8206685411531731	0.9487569878020683
73550000	0.8015328499916832	0.9332643354072828
73600000	0.7821385927436493	0.9170019926156371
73650000	0.7625778918707546	0.9000306313726877
73700000	0.7429487662925928	0.8824108375601236
73750000	0.7233555951006281	0.864214608361778
73800000	0.7039095763942819	0.8455106192772378
73850000	0.6847291421495508	0.8263738456771954
73900000	0.6659402741931643	0.8068879005580172
73950000	0.6476766472471229	0.7871433232244273
74000000	0.6300795034806177	0.7672354509021209
74050000	0.6132971412163885	0.7472621573475691
74100000	0.5974838824504762	0.7273238541395194
74150000	0.5827983761237294	0.7075361838822023
74200000	0.569401105515357	0.6880133842860229
74250000	0.5574510089892601	0.6688808951197462
74300000	0.5471012025882052	0.6502763939921065
74350000	0.5384939137081957	0.6323467961777185
74400000	0.5317548887231329	0.6152449863548688
74450000	0.5269876993011045	0.5991266323491306
74500000	0.5242685021230731	0.5841491633824479
74550000	0.5236418582127408	0.570478739835297
74600000	0.525118155220146	0.5582750503066604
74650000	0.528672992404243	0.5476957850465619
74700000	0.5342486168332241	0.538890076050927
74750000	0.5417572056924088	0.5319897486618812
74800000	0.5510855473761371	0.5271017574575539
74850000	0.5621005375611293	0.5243028700292409
74900000	0.5746548926575743	0.5236374393260872
74950000	0.58859257164868	0.5251166993247128
75000000	0.6037535457616964	0.5287175816891638
75050000	0.6199777180177981	0.5343830447932972
75100000	0.6371079370407304	0.5420232519979464
75150000	0.6549921537120407	0.5515200079264955
75200000	0.6734848321640088	0.5627339036524986
75250000	0.6924477543202247	0.5755131063809027
75300000	0.7117503596793299	0.5897003756869683
75350000	0.7312697492211625	0.6051300102037412
75400000	0.7508904621531235	0.6216428581753525
75450000	0.7705041121622208	0.6390801204853046
75500000	0.7900089491161162	0.6572848510878934
75550000	0.8093093943234683	0.676105444981876
75600000	0.8283155829976646	0.695399199754555
75650000	0.8469429363302984	0.7150355908220685
75700000	0.8651117771396185	0.7348956773600905
75750000	0.8827469968886844	0.7548592626921377
75800000	0.8997777774577049	0.7748216380147436
75850000	0.916137367961433	0.794681074764639
75900000	0.9317629147654044	0.8143386026903223
75950000	0.9465953413960555	0.8337002507718168
76000000	0.9605792740531097	0.8526791937681005
76050000	0.973663007771268	0.8711975120021307
76100000	0.9857985078422813	0.8891841011662462
76150000	0.9969414408339673	0.9065643283871002
76200000	1.0070512293922174	0.92327515500284
76250000	1.0160911249670195	0.9392536423870003
76300000	1.0240282926581006	0.9544378814976376
76350000	1.0308339025315667	0.9687693622534528
76400000	1.0364832220208782	0.9821948135469711
76450000	1.040955704398605	0.9946673235621758
76500000	1.0442350687920714	1.0061444089244806
76550000	1.0463093678141844	1.0165829109547246
76600000	1.047171039582851	1.0259478863534737
76650000	1.0468169416948578	1.0342054635841753
76700000	1.0452483655837337	1.0413244259967307
76750000	1.0424710306020468	1.0472779745188336
76800000	1.0384950580996857	1.0520446469548894
76850000	1.03333492669245	1.0556083083771135
76900000	1.0270094108017933	1.0579568678572615
76950000	1.0195415053713903	1.059081481077958
77000000	1.0109583404080262	1.058978188394643
77050000	1.0012910896371603	1.0576466615771198
77100000	0.9905748780972948	1.0550913906575086
77150000	0.978848693917745	1.0513221511436477
77200000	0.9661553098322634	1.046353515807726
77250000	0.952541220180423	1.0402034517239946
77300000	0.9380565992450266	1.0328929633866941
77350000	0.9227552867705564	1.024449386121731
77400000	0.9066948064026201	1.0149008575966618
77450000	0.8899364225689228	1.0042808516247408
77500000	0.8725452409598076	0.9926285676619478
77550000	0.8545903572090394	0.9799880647112391
77600000	0.8361450575395784	0.966406581761592
77650000	0.8172870738988636	0.951932200251464
77700000	0.7980988942837294	0.9366151636854279
77750000	0.7786681262998352	0.920514420047054
77800000	0.7590879081893267	0.9036858710397195
77850000	0.739457356183942	0.8861925587998358
77900000	0.7198820296126361	0.8681044372892381
77950000	0.7004743851842287	0.8494967106895551
78000000	0.6813541787870913	0.8304476671688362
78050000	0.6626487567071266	0.8110362618788443
78100000	0.6444931585344521	0.7913452669015846
78150000	0.6270299322500984	0.7714689778841158
78200000	0.6104085405094356	0.7514989600566168
78250000	0.5947842204311644	0.7315381132198748
78300000	0.5803161541764031	0.7116997902071805
78350000	0.5671648235093734	0.6921055766890444
78400000	0.5554884686665039	0.6728829052538741
78450000	0.5454386585367388	0.6541628448789034
78500000	0.5371551067947058	0.6360839711083481
78550000	0.5307600260284128	0.6187972687752321
78600000	0.5263524713903832	0.6024538864440857
78650000	0.524003244667593	0.5872154376395423
78700000	0.5237509628212808	0.5732489654077934
78750000	0.5255998100812889	0.5607207159083056
78800000	0.5295192899438983	0.5497898454176214
78850000	0.5354460128187162	0.5406027023971981
78900000	0.5432872654044046	0.533290437417706
78950000	0.5529258814327374	0.5279664274712528
79000000	0.5642258187032103	0.5247160419365111
79050000	0.5770378541228655	0.5235949783826249
79100000	0.5912049111681599	0.5246233550094784
79150000	0.6065666882937656	0.5277832541245338
79200000	0.6229634178734045	0.5330203830198956
79250000	0.6402387216363674	0.5402495673542157
79300000	0.6582416253105946	0.5493598972450867
79350000	0.6768278512047201	0.5602182712934665
79400000	0.6958605299251505	0.5726798827904758
79450000	0.7152104715022921	0.5865871673903795
79500000	0.7347561215663101	0.6017747713727732
79550000	0.7543833073865589	0.618075428807164
79600000	0.7739848565933577	0.6353259585281984
79650000	0.7934601511167934	0.6533728371740255
79700000	0.8127146616311895	0.6720692825344371
79750000	0.831659493924011	0.6912718568520694
79800000	0.850210967904045	0.710851261786606
79850000	0.8682902419655719	0.7306812146658526
79900000	0.885822989603709	0.7506402160702776
79950000	0.9027391310302244	0.7706138730156985
80000000	0.9189726196395643	0.7904971848353605
80050000	0.9344612811765569	0.8101964799259048
80100000	0.9491467020956948	0.8296227814889978
80150000	0.9629741626823587	0.8486877674007617
80200000	0.9758926098912188	0.8673145497956823
80250000	0.9878546644536338	0.8854260207387663
80300000	0.9988166565554926	0.9029470730289644
80350000	1.0087386842561323	0.9198069050977841
80400000	1.0175846887918065	0.9359409034215266
80450000	1.0253225409795008	0.9512918840482745
80500000	1.031924133111151	0.9658042837049652
80550000	1.03736547100974	0.9794241893862833
80600000	1.0416267613119783	0.9921051275830631
80650000	1.0446924895490879	1.003800529607788
80700000	1.0465514852146016	1.0144661930372172
80750000	1.047196970727436	1.0240622205778431
80800000	1.0466265920051865	1.0325541897931705
80850000	1.0448424292365117	1.0399134370550807
80900000	1.041850987358034	1.0461140443098609
80950000	1.0376631666729061	1.051133400509177
81000000	1.0322942149665044	1.0549542073577522
81050000	1.0257636633520162	1.0575618817877679
81100000	1.0180952488901711	1.0589462359645365
81150000	1.0093168277525828	1.0591023013812775
81200000	0.999460283322188	1.0580302034774607
81250000	0.98856143413804	1.0557340899353802
81300000	0.9766599469919666	1.0522221045379463
81350000	0.9637992607728064	1.0475070131255806
81400000	0.9500265268346662	1.0416044986299284
81450000	0.9353925717441316	1.0345353506555868
81500000	0.9199518882404029	1.0263258122124306
81550000	0.9037626601182112	1.0170069794271848
81600000	0.886886826501159	1.0066133239390724
81650000	0.8693901905805542	0.995180463711029
81700000	0.851342577295065	0.9827492999999888
81750000	0.8328180435292507	0.9693647055853364
81800000	0.8138951430797774	0.9550721193263574
81850000	0.7946572466860792	0.9399236528278739
81900000	0.775192914587498	0.9239772661768594
81950000	0.755596315011658	0.9072951722138773
82000000	0.7359676762947651	0.889941641929145
82050000	0.7164137524862738	0.8719804350460407
82100000	0.6970482717683819	0.8534824765826717
82150000	0.6779923233564306	0.8345231354935324
82200000	0.6593746215065721	0.8151778542715858
82250000	0.6413315651350939	0.7955317688387615
82300000	0.6240069895995662	0.7756781626461281
82350000	0.6075514861724808	0.7557164377975915
82400000	0.592121149529619	0.7357498782032127
82450000	0.5778756115429957	0.7158835378174915
82500000	0.5649752403838156	0.6962342266185382
82550000	0.553577437627013	0.6769246646130447
82600000	0.5438320601971307	0.6580824840461303
82650000	0.5358761281924738	0.6398486799501576
82700000	0.5298281399071513	0.6223743682220428
82750000	0.5257824711104783	0.6058171075842376
82800000	0.5238044428992231	0.5903371311643609
82850000	0.5239266561913062	0.576093894071901
82900000	0.5261470838526884	0.5632508916027604
82950000	0.5304291908662265	0.5519675828415359
83000000	0.5367040652184225	0.5423945862725921
83050000	0.544874258840343	0.5346716684161261
83100000	0.5548188288469267	0.5289185500157809
83150000	0.5663989766625193	0.5252271521494914
83200000	0.5794637091501484	0.5236564191668489
83250000	0.593855061191826	0.5242305592310502
83300000	0.6094125775106486	0.5269391916354809
83350000	0.6259769100313872	0.5317385543758272
83400000	0.6433925170364114	0.5385536047447294
83450000	0.6615095396410384	0.5472793980233732
83500000	0.6801849804929183	0.5577856769684911
83550000	0.6992833271394243	0.5699238332482863
83600000	0.7186767584877464	0.5835352464645572
83650000	0.7382450565698204	0.5984598407967001
83700000	0.7578753244910927	0.6145328221576134
83750000	0.7774615895931254	0.631594279008375
83800000	0.7969043510547144	0.6494902116834959
83850000	0.816110114506707	0.6680686715049816
83900000	0.8349909429547596	0.6871826425793535
83950000	0.8534640431191558	0.7066931659123801
84000000	0.87145139872867	0.7264723452509511
84050000	0.888879456816962	0.7464057509111064
84100000	0.9056788691748351	0.7663799115573583
84150000	0.921784288395293	0.7862909975361628
84200000	0.9371342160805076	0.8060431830989161
84250000	0.9516708995093093	0.8255420551210064
84300000	0.965340272207051	0.8446968563995668
84350000	0.9780919332879121	0.863422710846435
84400000	0.989879160066963	0.8816425298250826
84450000	1.0006589482120782	0.8992881045014869
84500000	1.0103920735941585	0.9162888047098254
84550000	1.0190431699847156	0.9325815443572888
84600000	1.0265808168400374	0.9481073840609715
84650000	1.0329776316040544	0.9628073754593583
84700000	1.0382103612630638	0.9766250771696771
84750000	1.0422599682988951	0.989508584297002
84800000	1.045111706713952	1.0014118717099754
84850000	1.0467551844379033	1.0122950871648302
84900000	1.0471844091619205	1.0221178704833886
84950000	1.0463978154666163	1.0308463831729335
85000000	1.0443982719932567	1.0384500582717777
85050000	1.041193068329138	1.0449003760531355
85100000	1.0367938822094425	1.0501728233601388
85150000	1.0312167285508693	1.0542480302080857
85200000	1.02448189269964	1.0571119867629721
85250000	1.0166138510739506	1.0587552866143488
85300000	1.0076411830891059	1.0591718258644576
85350000	0.9975964788584347	1.058360141253615
85400000	0.9865162476567741	1.0563225078087823
85450000	0.9744408325133929	1.0530657988550973
85500000	0.9614143365699207	1.0486021703159296
85550000	0.9474845670010345	1.0429487901573447
85600000	0.9327030023563746	1.0361266421000066
85650000	0.9171247891433756	1.028158797705688
85700000	0.9008087733270751	1.019074906364382
85750000	0.8838175721569639	1.0089061205111258
85800000	0.8662176913065013	0.9976872367599569
85850000	0.8480796916659663	0.98545900932057
85900000	0.829478409166488	0.9722675152546766
85950000	0.8104932295888135	0.9581626841874594
86000000	0.7912084182224799	0.9431961370615467
86050000	0.7717135012161087	0.9274191695926761
86100000	0.7521036911426918	0.9108927986655634
86150000	0.7324803432562682	0.8936764967707077
86200000	0.7129514206310626	0.8758337910002673
86250000	0.6936319353234731	0.8574359582357282
86300000	0.6746443184389327	0.8385605609765284
86350000	0.656118654355165	0.8192894286805621
86400000	0.6381926937783696	0.7997063295875664
86450000	0.6210115382654527	0.7798955791376091
86500000	0.6047268684343367	0.7599551574167507
86550000	0.5894955746088875	0.7399817223663802
86600000	0.5754776499112877	0.7200799419944557
86650000	0.562833231671028	0.7003662706784771
86700000	0.5517187375073588	0.6809667214265708
86750000	0.5422821440648494	0.6620143565876982
86800000	0.5346575967046738	0.6436468252243438
86850000	0.5289597006426893	0.626005372457243
86900000	0.525277994595188	0.6092456157247924
86950000	0.5236722016630038	0.5935227527264518
87000000	0.5241688456228812	0.5789986735754323
87050000	0.5267596918260038	0.5658400324160089
87100000	0.531402234977725	0.5542112658152281
87150000	0.538022163548501	0.5442674851080146
87200000	0.5465174558347452	0.5361479892274263
87250000	0.5567635723111423	0.5299715104128079
87300000	0.5686191383887883	0.5258358555938171
87350000	0.58193155694928	0.5238087566123183
87400000	0.5965421164835987	0.5239258325700217
87450000	0.6122903218582161	0.5261867189701355
87500000	0.6290173297688858	0.5305534509195917
87550000	0.6465684941105199	0.5369529121489651
87600000	0.6647951083199315	0.5452829208402584
87650000	0.6835554747554754	0.5554201123221879
87700000	0.7027154441261124	0.5672204354304509
87750000	0.7221485611655238	0.5805323823610475
87800000	0.7417359351795909	0.5951963465442933
87850000	0.7613659324000387	0.6110470310089213
87900000	0.7809337654539444	0.6279184675349904
87950000	0.8003410359658893	0.6456492439928043
88000000	0.8194952702622972	0.6640874569343392
88050000	0.8383094754461543	0.6830931509934007
88100000	0.8567017334282961	0.702525970159646
88150000	0.8745948433383531	0.7222608181639946
88200000	0.8919160175673663	0.7421778265587002
88250000	0.9085966330365277	0.7621606934838073
88300000	0.9245720367428303	0.7820988737386748
88350000	0.9397814028871126	0.80188984111923
88400000	0.9541676377047812	0.821441097875209
88450000	0.9676773273214598	0.840669703880597
88500000	0.9802607234246727	0.8594888472602634
88550000	0.9918717611989399	0.8778240527230614
88600000	1.0024681037666212	0.8956025047747954
88650000	1.012011207284009	0.9127521928580733
88700000	1.0204664008504478	0.9292043360521675
88750000	1.027802975496348	0.9448954376553428
88800000	1.033994276727721	0.9597687412678318
88850000	1.0390177954256319	0.9737732575532402
88900000	1.042855252332636	0.9868554743850823
88950000	1.0454926719050257	0.9989711588612532
89000000	1.0469204419647045	1.0100770358648303
89050000	1.0471333563368872	1.0201314462580544
89100000	1.046130638493013	1.0290964782456684
89150000	1.0439159451103406	1.0369393574314905
89200000	1.0404973493849132	1.0436329670491085
89250000	1.0358873048647779	1.0491548665243693
89300000	1.0301025914771447	1.053484260703896
89350000	1.0231642462796822	1.056606440684005
89400000	1.0150974822490253	1.0585096792749957
89450000	1.005931599110183	1.0591863102115597
89500000	0.9956998907960551	1.0586337685403882
89550000	0.9844395545997511	1.0568546876514893
89600000	0.9721916074424111	1.0538560442699614
89650000	0.9590008149285835	1.0496480698102904
89700000	0.9449156390050082	1.0442466047891243
89750000	0.9299882100816923	1.0376697751543356
89800000	0.9142743294173856	1.0299402722700262
89850000	0.8978335074079035	1.0210863219141042
89900000	0.8807290431248297	1.0111413115805732
89950000	0.8630281499938892	1.0001425253194678
90000000	0.8448021318090624	0.9881291011578978
90050000	0.8261266122456127	0.9751416875220986
90100000	0.8070818195095215	0.9612295379572646
90150000	0.7877529255284508	0.9464397170370749
90200000	0.7682304358629749	0.9308251537437322
90250000	0.7486106219264658	0.9144452494785046
90300000	0.7289959806949978	0.8973644944666905
90350000	0.7094956983492409	0.8796504451824863
90400000	0.6902260826965188	0.8613712787986215
90450000	0.6713109143627066	0.8425965407947716
90500000	0.6528816485349623	0.8234077134272997
90550000	0.6350773780532563	0.8038822867416884
90600000	0.6180444466127623	0.7841066327393605
90650000	0.601935581203363	0.7641765009400916
90700000	0.5869084014179984	0.7441950941065232
90750000	0.5731231681427571	0.7242708567440209
90800000	0.5607396654660725	0.7045152919777115
90850000	0.5499131771537454	0.6850451371731886
90900000	0.5407896280719771	0.6659919536758423
90950000	0.5335001068637728	0.6474867125822619
91000000	0.5281551492069545	0.6296732079262447
91050000	0.524839304912451	0.6127061062760342
91100000	0.5236065907812935	0.5967468155252151
91150000	0.5244774035166936	0.5819590867124005
91200000	0.5274373165788327	0.5685047604399072
91250000	0.5324379333041234	0.5565424826116379
91300000	0.5393996736949733	0.5462297620914038
91350000	0.5482161083362774	0.5377089178801048
91400000	0.5587592823782663	0.5311081362652015
91450000	0.5708854239723508	0.5265329336475592
91500000	0.5844404943824361	0.5240584247850231
91550000	0.599265173064155	0.5237244957799523
91600000	0.6151990337294412	0.5255346876836137
91650000	0.6320838181686876	0.5294580145576787
91700000	0.6497658306910608	0.5354301161768581
91750000	0.6680975505282556	0.5433592882841484
91800000	0.686938596470607	0.5531274351717683
91850000	0.7061561866949295	0.5645944007022438
91900000	0.7256252274168671	0.5776045487401253
91950000	0.7452281452879411	0.5919945015382249
92000000	0.764854556531185	0.6076011184164292
92050000	0.7844008444818925	0.6242642529022338
92100000	0.803769698447135	0.6418223946152678
92150000	0.8228696513548793	0.6601265191990893
92200000	0.841614641530824	0.6790303856656512
92250000	0.8599236147459688	0.6983921275997729
92300000	0.8777201759070299	0.7180769826084802
92350000	0.894932294892923	0.7379600615026783
92400000	0.9114920676079327	0.7579288246836807
92450000	0.9273355309412649	0.7778793529448201
92500000	0.9424025286924093	0.7977068317988874
92550000	0.9566366244163755	0.8173206562984118
92600000	0.9699850563998029	0.8366312351641708
92650000	0.9823987294859376	0.8555513091943491
92700000	0.9938322381502509	0.8739982492905021
92750000	1.0042439150447942	0.8918961012145445
92800000	1.013595899155009	0.9091771186419892
92850000	1.0218542177386296	0.9257775663151292
92900000	1.028988876342492	0.941632337021159
92950000	1.0349739514238168	0.9566862662055206
93000000	1.0397876804432016	0.9708836856216129
93050000	1.0434125447504472	0.9841705282143233
93100000	1.0458353411508952	0.9964965398062691
93150000	1.0470472387132193	1.0078168399214602
93200000	1.0470438181477544	1.0180926749214598
93250000	1.0458250919298435	1.027288564314847
93300000	1.0433955042426373	1.0353704545414768
93350000	1.039763910741976	1.0423110933926025
93400000	1.0349435390740767	1.0480848697338527
93450000	1.0289519319764866	1.0526697239389704
93500000	1.0218108756377662	1.056048501017261
93550000	1.0135463167590328	1.0582093961565284
93600000	1.0041882724331803	1.059145447433831
93650000	0.9937707375235183	1.0588534086914805
93700000	0.982331594676832	1.0573343531114459
93750000	0.9699125324458914	1.0545931552448038
93800000	0.9565589772265982	1.0506390285237959
93850000	0.9423200448405504	1.0454864240800137
93900000	0.9272485176191783	1.0391549849511432
93950000	0.9114008527706365	1.0316685654817805
94000000	0.8948372276263061	1.023053397776595
94050000	0.8776216270466816	1.0133394436085406
94100000	0.8598219777722526	1.0025624302368585
94150000	0.8415103337602344	0.9907583509469596
94200000	0.8227631154401985	0.9779692471261816
94250000	0.8036614041878548	0.9642429245122632
94300000	0.7842912909303222	0.9496317051962424
94350000	0.764744274356688	0.9341904558982669
94400000	0.7451176993294463	0.9179740805266728
94450000	0.7255152193093547	0.9010416110367908
94500000	0.7060472573959996	0.883459226222458
94550000	0.6868314284358509	0.8652908113738382
94600000	0.6679928691876453	0.8466086342830704
94650000	0.6496644047646282	0.827492295275422
94700000	0.6319864582354829	0.8080268679523417
94750000	0.6151065883449023	0.7883006688303922
94800000	0.5991785216352975	0.7684029429308179
94850000	0.5843605359996474	0.7484303913824958
94900000	0.5708130615155214	0.7284888526488249
94950000	0.5586954015216922	0.708684602455419
95000000	0.5481615516137508	0.6891368759566022
95050000	0.539355210550893	0.6699757800511091
95100000	0.532404227967813	0.6513396408665065
95150000	0.5274148964816247	0.6333722555963689
95200000	0.5244666315730789	0.6162204027423627
95250000	0.5236076449199872	0.6000393403203315
95300000	0.5248521676174591	0.5849909279784069
95350000	0.528179608559664	0.5712360502037103
95400000	0.5335357689351192	0.5589393745371635
95450000	0.540835938910274	0.5482616785563316
95500000	0.5499694514453092	0.5393519763264967
95550000	0.5608051184459922	0.5323403639070852
95600000	0.5731969475089663	0.5273324975849701
95650000	0.5869896166733675	0.5244076940453826
95700000	0.6020233287549274	0.523615144874712
95750000	0.6181378298525197	0.5249696526757206
95800000	0.6351755223722095	0.5284504056004332
95850000	0.6529837117165487	0.5340001958340247
95900000	0.6714160930711716	0.5415285388764776
95950000	0.6903336158673469	0.5509181621926125
96000000	0.7096048682610787	0.5620338280857344
96050000	0.7291061124082377	0.5747253256800943
96100000	0.7487210816522276	0.5888338155866291
96150000	0.7683406287028223	0.6041994689172948
96200000	0.7878622929141481	0.6206585895632314
96250000	0.8071898365789233	0.6380477638175673
96300000	0.826232785316746	0.6562083400976558
96350000	0.8449059960577723	0.6749907988603854
96400000	0.8631292673983552	0.6942586329712006
96450000	0.8808270007098131	0.7138800491476258
96500000	0.8979279158000079	0.7337301886820233
96550000	0.9143648217075802	0.7536959332317137
96600000	0.9300744409810202	0.7736664836962723
96650000	0.9449972842723853	0.7935354293876207
96700000	0.9590775710448578	0.8132029920604974
96750000	0.9722631915016986	0.8325781093224104
96800000	0.984505704387009	0.8515800704520012
96850000	0.9957603650186012	0.8701285766871344
96900000	1.0059861777502654	0.888147868794672
96950000	1.0151459670045124	0.9055697520313692
97000000	1.0232064610604619	0.9223256419998711
97050000	1.0301383829259307	0.9383491011886018
97100000	1.035916542872727	0.9535780576042581
97150000	1.0405199275748058	0.9679564691738894
97200000	1.043931781263061	0.9814352239593386
97250000	1.0461396748966652	0.9939648896977908
97300000	1.0471355600420433	1.0055010089719056
97350000	1.0469158049339158	1.0160039016140292
97400000	1.0454812110497118	1.0254347286769263
97450000	1.042837009435658	1.03375780915074
97500000	1.038992836953107	1.0409422247433215
97550000	1.0339626935387651	1.0469625733704717
97600000	1.0277648824643173	1.0517987850262296
97650000	1.0204219364137148	1.055433297182363
97700000	1.0119605329482937	1.0578532033597727
97750000	1.0024114035842684	1.0590497357344608
97800000	0.9918092412533047	1.0590178106829609
97850000	0.9801926113498841	1.057757283938093
97900000	0.9676038718893323	1.0552732709029224
97950000	0.9540891085115311	1.0515755115922858
98000000	0.9396980901728622	1.046676855948203
98050000	0.924484251376648	1.0405952027904175
98100000	0.9085047066989307	1.0333519578189518
98150000	0.8918203031606958	1.0249715639470967
98200000	0.8744957156530336	1.0154840407440533
98250000	0.8565995900893308	1.0049248476311008
98300000	0.8382047381587674	0.9933338414531808
98350000	0.8193883863675658	0.9807534314997766
98400000	0.8002324803053923	0.9672262430758091
98450000	0.780824042525328	0.9528025262980278
98500000	0.7612555787609564	0.9375334609208726
98550000	0.7416255220232296	0.9214724748526071
98600000	0.722038696944007	0.9046800794073667
98650000	0.7026067770354841	0.8872227106358876
98700000	0.6834486948152199	0.8691708921352096
98750000	0.6646909486801287	0.850596924964393
98800000	0.6464677311032361	0.8315725868105404
98850000	0.6289207810956288	0.8121805385488913
98900000	0.6121988421898923	0.7925040258122424
98950000	0.5964565896735806	0.7726303510527025
99000000	0.5818528840683496	0.7526574385411298
99050000	0.5685482209389482	0.7326920198289222
99100000	0.5567012903207205	0.7128474476747539
99150000	0.5464646411166975	0.693241441976642
99200000	0.5379795692029167	0.673994507963358
99250000	0.5313705031413161	0.6552419242893595
99300000	0.5267393225235725	0.6371214790656462
99350000	0.5241601700992355	0.6197791355672043
99400000	0.5236753635219993	0.6033723367566396
99450000	0.5252929413222233	0.5880653762364291
99500000	0.5289861867260954	0.574024324747773
99550000	0.5346951979044193	0.5614119556917201
99600000	0.5423302808249668	0.5503833836696894
99650000	0.5517767044482238	0.5410888710728828
99700000	0.5629002297239344	0.5336623468422633
99750000	0.5755528179388139	0.5282182143340692
99800000	0.5895780180873642	0.5248458337880598
99850000	0.6048156836933106	0.5236020221327098
99900000	0.6211058316532762	0.5245067579041749
99950000	0.6382915958111208	0.5275428172001227
100000000	0.6562213293584083	0.5326592566962074