0	0.6225018907922314	0.6225018907922314
50000	0.6191441982161245	0.6191646284434318
100000	0.6158065856861247	0.6158885055843392
150000	0.6124897094785747	0.6126744648925027
200000	0.6091942293996769	0.6095234369670544
250000	0.6059208086288143	0.6064363401072547
300000	0.6026701135511433	0.603414059767424
350000	0.5994428135790358	0.6004574894284749
400000	0.5962395809619662	0.5975675119967667
450000	0.5930610905844425	0.5947449748412578
500000	0.589908019751576	0.5919906832060469
550000	0.5867810479619	0.589305386157667
600000	0.5836808566670552	0.5866898877492595
650000	0.5806081290179691	0.5841449941840794
700000	0.577563549597171	0.5816714731848023
750000	0.5745478041369093	0.5792700484488175
800000	0.5715615792227439	0.5769413944339582
850000	0.5686055619823241	0.5746861315840162
900000	0.5656804397590809	0.5725048220970118
950000	0.5627868997705912	0.5703979398890827
1000000	0.5599256287514149	0.5683659661456957
1050000	0.5570973125802304	0.566409512987422
1100000	0.5543026358911407	0.5645291561320065
1150000	0.551542281669073	0.5627254236653209
1200000	0.5488169308292314	0.5609987917363852
1250000	0.546127261780621	0.5593496807906457
1300000	0.5434739499737211	0.5577784524017604
1350000	0.540857667432443	0.5562854067463776
1400000	0.5382790822705613	0.5548707807496341
1450000	0.5357388581929032	0.5535347469120562
1500000	0.5332376539816167	0.552277412811837
1550000	0.5307761229679431	0.5510988212608731
1600000	0.5283549124899822	0.5499989510788424
1650000	0.5259746633370188	0.548977748252166
1700000	0.5236360091810806	0.5480352748922714
1750000	0.5213395759964542	0.5471715914964679
1800000	0.5190859814680089	0.5463867040289409
1850000	0.516875834389236	0.5456805635060564
1900000	0.5147097340510268	0.545053065221166
1950000	0.5125882696222871	0.5445040484468215
2000000	0.5105120195235853	0.5440332965874504
2050000	0.5084815507951225	0.5436405377495253
2100000	0.5064974184603926	0.5433254456917815
2150000	0.5045601648870018	0.5430876411150355
2200000	0.5026703191461798	0.5429266932495131
2250000	0.5008283963726183	0.5428421216971834
2300000	0.4990348971263314	0.5428333984872232
2350000	0.49729030675830166	0.5428999503042531
2400000	0.49559509478175445	0.5430411608511659
2450000	0.49394971425093825	0.5432563733111023
2500000	0.4923546011493603	0.5435449149258917
2550000	0.4908101737894435	0.5439062394708132
2600000	0.48931683222562017	0.5443397002123109
2650000	0.4878749576828934	0.544844594402522
2700000	0.48648491200289645	0.5454201885625826
2750000	0.48514703710950036	0.5460657197686316
2800000	0.48386165449598306	0.5467803970252197
2850000	0.4826290647357689	0.5475634027109618
2900000	0.4814495470187016	0.5484138940820539
2950000	0.4803233587147546	0.5493310048201614
3000000	0.479250734967042	0.5503138466121138
3050000	0.4782318883158992	0.5513615107498334
3100000	0.47726700835571734	0.5524730697398987
3150000	0.47635626142613174	0.5536475789131271
3200000	0.47549979033902656	0.5548840780255212
3250000	0.474697714142721	0.5561815928428391
3300000	0.47395012792455327	0.5575391367019381
3350000	0.47325710265294213	0.558955712042873
3400000	0.47261868505984966	0.5604303119065184
3450000	0.4720348975644136	0.5619619213932123
3500000	0.47150573823835745	0.5635495190786
3550000	0.4710311808135898	0.5651920783834861
3600000	0.4706111747322717	0.5668885723468589
3650000	0.4702456452393987	0.5686381006464233
3700000	0.4699344935178182	0.5704396651081364
3750000	0.46967759686537736	0.5722921960150563
3800000	0.4694748089137488	0.5741946344804569
3850000	0.4693259598882807	0.5761459325221668
3900000	0.46923085690807304	0.5781450531288171
3950000	0.4691892843252792	0.5801909703193315
4000000	0.46920100410250865	0.582282669196609
4050000	0.46926575622702205	0.5844191459960214
4100000	0.4693832591602856	0.5865994081290857
4150000	0.46955321032130837	0.588822474222469
4200000	0.4697752866020662	0.5910873741523057
4250000	0.4700491449132005	0.5933931490737054
4300000	0.4703744227580761	0.595738851445211
4350000	0.47075073883321383	0.5981235450479317
4400000	0.47117769365301115	0.6005463049990166
4450000	0.4716548701966223	0.6030062177591233
4500000	0.47218183457481533	0.6055023811335348
4550000	0.47275813671459316	0.6080339042665748
4600000	0.47338331105933346	0.6105999076290035
4650000	0.47405687728220797	0.6131995229980891
4700000	0.47477834101063304	0.615831893430085
4750000	0.47554719455953326	0.6184961732248774
4800000	0.4763629176712119	0.6211915278826009
4850000	0.4772249782596804	0.6239171340520542
4900000	0.47813283315732125	0.6266721794707893
4950000	0.47908592886185714	0.629455899198687
5000000	0.4800837022816166	0.6322675473491476
5050000	0.48112558147720696	0.635106323697882
5100000	0.4822109863977622	0.6379714513557386
5150000	0.4833393296100228	0.6408621769124329
5200000	0.4845100170186097	0.6437777693864939
5250000	0.4857224485759364	0.6467175192203914
5300000	0.48697601898032244	0.6496807373189638
5350000	0.48827011836095074	0.6526667541292613
5400000	0.48960413294843774	0.6556749187599332
5450000	0.4909774457298817	0.6587045981383026
5500000	0.492389437087359	0.6617551762033002
5550000	0.4938394854189424	0.6648260531324772
5600000	0.4953269677414299	0.667916644601349
5650000	0.4968512602740575	0.6710263810733748
5700000	0.4984117390025905	0.674154707118934
5750000	0.5000077802232599	0.677301080761706
5800000	0.5016387610661299	0.6804649728509242
5850000	0.5033040599975533	0.6836458664580242
5900000	0.5050030573014658	0.6868432562962662
5950000	0.5067351355393584	0.6900566481619715
6000000	0.5084996799888292	0.693285558396058
6050000	0.5102960790607058	0.6965295133646252
6100000	0.51212372469479	0.6997880489573856
6150000	0.5139820127343382	0.7030607101027927
6200000	0.5158703432794571	0.7063470502987632
6250000	0.5177881210196507	0.709646631157945
6300000	0.5197347555457871	0.7129590219665205
6350000	0.5217096616418262	0.7162837992555828
6400000	0.5237122595566668	0.719620546384167
6450000	0.5257419752565247	0.7229688531330498
6500000	0.5277982406582726	0.7263283403112823
6550000	0.5298804938442143	0.7296986915462625
6600000	0.5319881792587786	0.73307955949056
6650000	0.5341207478876475	0.7364706096203092
6700000	0.5362776574198473	0.7398715222106118
6750000	0.5384583723933448	0.7432819915019467
6800000	0.5406623643247028	0.7467017249035681
6850000	0.5428891118233602	0.750130442231762
6900000	0.5451381006911005	0.753567874980935
6950000	0.5474088240072805	0.7570137656256135
7000000	0.5497007822003964	0.7604678669515231
7050000	0.5520134831065469	0.7639299414140194
7100000	0.5543464420153702	0.7673997605222176
7150000	0.5566991817040097	0.7708771042472615
7200000	0.5590712324596683	0.7743617604532428
7250000	0.5614621320912938	0.7778535243493657
7300000	0.5638714259309362	0.7813521979620144
7350000	0.5662986668253035	0.7848575896254507
7400000	0.5687434151180313	0.7883695134899403
7450000	0.5712052386231711	0.7918877890461536
7500000	0.5736837125903841	0.7954122406647556
7550000	0.5761784196623285	0.7989426971501499
7600000	0.5786889498246891	0.8024789913073918
7650000	0.5812149003493126	0.8060209595213391
7700000	0.5837558757308746	0.8095684413471488
7750000	0.5863114876175042	0.8131212791112831
7800000	0.5888813547357659	0.8166793175222166
7850000	0.5914651028103981	0.8202424032900896
7900000	0.5940623644791752	0.823810384754581
7950000	0.5966727792032597	0.8273831115203165
8000000	0.5992959931733918	0.8309604340991599
8050000	0.601931659212246	0.8345422035587674
8100000	0.6045794366732739	0.8381282711768234
8150000	0.6072389913363401	0.8417184881003938
8200000	0.6099099953004357	0.8453127050098789
8250000	0.6125921268737572	0.8489107717870592
8300000	0.615285070461403	0.8525126025741019
8350000	0.6179885164509508	0.8561182646818766
8400000	0.6207021610961461	0.8597276791853035
8450000	0.6234257063989367	0.863340761717161
8500000	0.6261588599900672	0.8669574336313907
8550000	0.6289013350084349	0.8705776216224994
8600000	0.631652849979411	0.8742012573576672
8650000	0.6344131286922969	0.877828277120744
8700000	0.6371819000771083	0.8814586214673636
8750000	0.6399588980808333	0.8850922348904504
8800000	0.6427438615433353	0.8887290654954225
8850000	0.6455365340730376	0.8923690646844482
8900000	0.6483366639225336	0.8960121868491314
8950000	0.6511440038642511	0.8996583890710527
9000000	0.6539583110662949	0.9033076308296114
9050000	0.656779346968581	0.9069598737166532
9100000	0.6596068771593753	0.9106150811573949
9150000	0.6624406712523331	0.9142732181371889
9200000	0.6652805027641442	0.9179342509336907
9250000	0.6681261489928597	0.9215981468540309
9300000	0.6709773908970031	0.9252648739766053
9350000	0.6738340129755264	0.9289344008971323
9400000	0.6766958031486967	0.9326066964786471
9450000	0.6795625526399801	0.9362817296051216
9500000	0.6824340558589838	0.9399594689384271
9550000	0.6853101102855211	0.9436398826783805
9600000	0.6881905163548521	0.9473229383256284
9650000	0.6910750773441539	0.9510086024471525
9700000	0.6939635992602711	0.9546968404442
9750000	0.6968558907287852	0.9583876163224595
9800000	0.699751762884455	0.9620808924643282
9850000	0.7026510292630569	0.9657766294031338
9900000	0.7055535056946695	0.9694747855991966
9950000	0.7084590101984308	0.9731753172176386
10000000	0.7113673628788023	0.9768781779078607
10050000	0.7142783858233657	0.9805833185846415
10100000	0.717191903002181	0.9842906872108175
10150000	0.7201077401687329	0.9880002285815352
10200000	0.72302572476248	0.9917118841100829
10250000	0.7259456858130358	0.9954255916153295
10300000	0.7288674538459958	0.9991412907122188
10350000	0.7317908607904309	1.0028593102502898
10400000	0.7347157398880579	1.0065798081069144
10450000	0.7376419256041092	1.0103026916590276
10500000	0.7405692535399065	1.0140278692446116
10550000	0.7434975603471585	1.0177552501407172
10600000	0.7464266836439838	1.0214847445451563
10650000	0.7493564619326786	1.0252162635616167
10700000	0.7522867345192293	1.028949719187968
10750000	0.7552173414345836	1.0326850243075172
10800000	0.7581481233576814	1.0364220926829748
10850000	0.7610789215402558	1.0401608389528985
10900000	0.7640095777334057	1.0439011786303758
10950000	0.7669399341159462	1.04764302810371
11000000	0.7698698332245391	1.0513863046388736
11050000	0.7727991178856056	1.055130926383494
11100000	0.7757276311490235	1.058876812372136
11150000	0.7786552162236134	1.062623882532644
11200000	0.7815817164144052	1.0663720576933113
11250000	0.7845069750617	1.0701212595906415
11300000	0.7874308354819085	1.0738714108774663
11350000	0.7903531409101822	1.077622435131189
11400000	0.7932737344448223	1.0813742568619187
11450000	0.7961924589934751	1.0851268015202704
11500000	0.7991091572210992	1.0888799955045938
11550000	0.8020236714997148	1.0926337661674115
11600000	0.8049358438599186	1.0963880418208392
11650000	0.807845515944169	1.1001427517407654
11700000	0.810752528961834	1.1038978261695762
11750000	0.8136567236459956	1.1076531963172083
11800000	0.8165579402120052	1.1114087943603197
11850000	0.8194560183177866	1.1151645534393793
11900000	0.822350797025877	1.1189204076534685
11950000	0.8252421147671992	1.122676292052607
12000000	0.8281298093065615	1.1264321426274155
12050000	0.8310137177098702	1.1301878962959337
12100000	0.8338936763130534	1.1339434908874249
12150000	0.8367695206926824	1.1376988651230047
12200000	0.8396410856382834	1.1414539585929366
12250000	0.8425082051263313	1.1452087117304557
12300000	0.8453707122959093	1.1489630657819796
12350000	0.8482284394260313	1.1527169627735936
12400000	0.8510812179146104	1.1564703454736875
12450000	0.8539288782590646	1.1602233289818222
12500000	0.8567712500385437	1.1639768816349791
12550000	0.8596081618977713	1.1677308730837157
12600000	0.8624394415324828	1.1714849527938418
12650000	0.8652649156764463	1.1752387704590517
12700000	0.8680844100900588	1.1789919764843095
12750000	0.8708977495504898	1.1827442224687836
12800000	0.8737047578433754	1.1864951616870223
12850000	0.8765052577560298	1.1902444495670361
12900000	0.8792990710721685	1.1939917441639496
12950000	0.8820860185681233	1.19773670662787
13000000	0.884865920010534	1.2014790016646328
13050000	0.8876385941554945	1.2052182979880832
13100000	0.8904038587491433	1.2089542687625718
13150000	0.89316153052967	1.2126865920343661
13200000	0.8959114252307271	1.2164149511506985
13250000	0.8986533575862241	1.220139035165218
13300000	0.9013871413364829	1.2238585392286396
13350000	0.9041125892357382	1.2275731649634478
13400000	0.9068295130609547	1.2312826208215402
13450000	0.9095377236219496	1.234986622423782
13500000	0.91223703077279	1.2386848928804783
13550000	0.9149272434244461	1.242377163091859
13600000	0.9176081695586809	1.2460631720277255
13650000	0.9202796162431459	1.2497426669855012
13700000	0.9229413896476671	1.2534154038259862
13750000	0.9255932950616912	1.2570811471862147
13800000	0.9282351369128722	1.2607396706688914
13850000	0.9308667187867695	1.264390757007961
13900000	0.9334878434476375	1.2680341982099672
13950000	0.9360983128602752	1.2716697956709266
14000000	0.938697928212915	1.2752973602685485
14050000	0.9412864899411231	1.2789167124297016
14100000	0.9438637977526821	1.2825276821731275
14150000	0.9464296506534344	1.2861301091274813
14200000	0.9489838469740541	1.2897238425248576
14250000	0.9515261843977231	1.2933087411700503
14300000	0.9540564599886836	1.2968846733858632
14350000	0.9565744702216374	1.3004515169348703
14400000	0.9590800110119652	1.3040091589180898
14450000	0.9615728777467368	1.3075574956511067
14500000	0.964052865316486	1.3110964325182421
14550000	0.966519768147718	1.31462588380542
14600000	0.9689733802361206	1.318145772512447
14650000	0.9714134951804556	1.32165603014546
14700000	0.9738399062170942	1.3251565964903405
14750000	0.9762524062551704	1.328647419367946
14800000	0.9786507879123248	1.3321284543720235
14850000	0.9810348435510058	1.3355996645907162
14900000	0.9834043653153012	1.3390610203125886
14950000	0.9857591451682699	1.3425124869354361
15000000	0.9880989749297453	1.3459534622154192
15050000	0.9904236463145784	1.3493832305726767
15100000	0.9927329509712944	1.3528012662880962
15150000	0.9950266805211323	1.356207053511715
15200000	0.9973046265974358	1.359600086700859
15250000	0.999566580885372	1.3629798710220062
15300000	1.001812335161942	1.3663459227164645
15350000	1.0040416813362605	1.3696977694300665
15400000	1.0062544114900724	1.3730349505071897
15450000	1.008450317918479	1.3763570172494999
15500000	1.0106291931708438	1.3796635331399145
15550000	1.0127908300918547	1.3829540740323751
15600000	1.0149350218627082	1.3862282283080924
15650000	1.0170615620423928	1.3894855969990076
15700000	1.019170244609043	1.3927257938792934
15750000	1.0212608640013352	1.3959484455257722
15800000	1.023333215159905	1.3991531913481936
15850000	1.0253870935687488	1.4023396835903716
15900000	1.027422295296596	1.4055075873032221
15950000	1.0294386170382177	1.4086565802907867
16000000	1.0314358561556503	1.4117863530303612
16050000	1.0334138107193094	1.4148966085678847
16100000	1.035372279548968	1.417987062389755
16150000	1.0373110622545774	1.4210574422722684
16200000	1.0392299592769068	1.4241074881098827
16250000	1.0411287719279771	1.4271369517235195
16300000	1.0430073024312692	1.430145596650112
16350000	1.044865353961684	1.4331331979146154
16400000	1.0467027306852315	1.4360995417856766
16450000	1.0485192377984314	1.4390444255161565
16500000	1.0503146815673996	1.4419676570696809
16550000	1.052088869366611	1.4448690548343708
16600000	1.0538416097173051	1.4477484473248878
16650000	1.0555727123255312	1.4506056728739005
16700000	1.0572819881198026	1.4534405793140466
16750000	1.0589692492883533	1.4562530236514322
16800000	1.0606343093159718	1.4590428717316881
16850000	1.0622769830204013	1.4618099978995478
16900000	1.0638970865882893	1.4645542846528896
16950000	1.0654944376106734	1.467275622292136
17000000	1.0670688551179852	1.469973904912019
17050000	1.0686201596145644	1.4726485449292337
17100000	1.070148173112666	1.4752988979821926
17150000	1.0716527191659528	1.4779245836864419
17200000	1.073133622902455	1.4805252299135079
17250000	1.0745907110569946	1.4831004728744774
17300000	1.0760238120030579	1.4856499571853667
17350000	1.0774327557841106	1.4881733359151068
17400000	1.0788173741443439	1.49067027061696
17450000	1.0801775005588476	1.4931404313441565
17500000	1.0815129702631967	1.4955834966505328
17550000	1.0828236202824508	1.497999153576921
17600000	1.0841092894595585	1.500387097624029
17650000	1.0853698184831582	1.5027470327125307
17700000	1.0866050499147741	1.505078671131059
17750000	1.0878148282154045	1.5073817334727795
17800000	1.0889989997714933	1.509655948561206
17850000	1.0901574129202873	1.5119010533658899
17900000	1.0912899179745765	1.5141167929086041
17950000	1.092396367246811	1.516302920160616
18000000	1.093476615072603	1.518459195931628
18050000	1.0945305178336011	1.5205853887509442
18100000	1.0955579339797512	1.5226812747413978
18150000	1.0965587240509311	1.524746637486564
18200000	1.097532750697973	1.526781267891751
18250000	1.0984798787030674	1.5287849640392546
18300000	1.0993999749995518	1.5307575310383377
18350000	1.100292908691095	1.5326987808703798
18400000	1.1011585510702702	1.5346085322296186
18450000	1.1019967756365274	1.5364866103598975
18500000	1.102807458113573	1.5383328468878072
18550000	1.103590476466151	1.5401470796525965
18600000	1.1043457109162456	1.5419291525332073
18650000	1.105073043958699	1.5436789152727834
18700000	1.10577236037626	1.5453962233009646
18750000	1.1064435472540672	1.547080937554293
18800000	1.1070864939935738	1.5487329242950112
18850000	1.1077010923259245	1.5503520549285421
18900000	1.1082872363247906	1.5519382058199103
18950000	1.108844822418676	1.5534912581093627
19000000	1.1093737494026983	1.5550110975274183
19050000	1.1098739184498587	1.556497614209578
19100000	1.1103452331218127	1.5579507025109047
19150000	1.1107875993791434	1.5593702608206677
19200000	1.1112009255911597	1.560756191377247
19250000	1.1115851225452218	1.562108400083465
19300000	1.1119401034556091	1.5634267963225112
19350000	1.1122657839719423	1.564711292774613
19400000	1.11256208218717	1.5659618052345916
19450000	1.1128289186451341	1.5671779375497976
19500000	1.1130662163477256	1.5683589971897793
19550000	1.1132739007616423	1.5695049265721395
19600000	1.1134518998247631	1.5706156867006935
19650000	1.113600143952151	1.571691238884719
19700000	1.1137185660417002	1.5727315447822154
19750000	1.1138071014794353	1.5737365664396439
19800000	1.1138656881444837	1.5747062663282296
19850000	1.1138942664137284	1.575640607376908
19900000	1.1138927791661584	1.5765395530019837
19950000	1.1138611717869311	1.5774030671335861
20000000	1.1137993921711573	1.578231114238989
20050000	1.1137073907274266	1.579023659342872
20100000	1.1135851203810856	1.5797806680445896
20150000	1.1134325365772832	1.5805021065325255
20200000	1.1132495972837968	1.5811879415955905
20250000	1.1130362629936545	1.5818381406319402
20300000	1.1127924967275666	1.5824526716549747
20350000	1.1125182640361837	1.5830315032966829
20400000	1.1122135330021876	1.583574604808399
20450000	1.11187827424224	1.5840819460590303
20500000	1.1115124609087939	1.5845534975308178
20550000	1.111116068691788	1.5849892303126898
20600000	1.1106890758202328	1.5853891160912676
20650000	1.1102314630637065	1.5857531271395777
20700000	1.1097432137337728	1.586081236303531
20750000	1.1092243136853326	1.586373416986221
20800000	1.1086747513179265	1.5866296431300955
20850000	1.108094517576999	1.5868498891970553
20900000	1.1074836059551376	1.587034130146532
20950000	1.1068420124933005	1.5871823414115942
21000000	1.1061697357820475	1.5872944988731332
21050000	1.1054667769627824	1.5873705788321757
21100000	1.1047331397290248	1.587410557980372
21150000	1.1039688303277175	1.5874144133687047
21200000	1.1031738575605907	1.587382122374466
21250000	1.102348232785582	1.5873136626665436
21300000	1.1014919699183376	1.5872090121690625
21350000	1.1006050854337963	1.5870681490234226
21400000	1.0996875983678722	1.586891051548774
21450000	1.098739530319245	1.5866776982009698
21500000	1.0977609054512718	1.5864280675300333
21550000	1.0967517504940258	1.586142138136182
21600000	1.0957120947464773	1.5858198886244375
21650000	1.0946419700788237	1.5854612975578646
21700000	1.09354141093498	1.585066343409467
21750000	1.092410454335238	1.5846350045127775
21800000	1.0912491398791033	1.584167255365666
21850000	1.090057509748323	1.5836628215538957
21900000	1.0888356087101034	1.5831216493169642
21950000	1.0875834841205385	1.5825438857700624
22000000	1.0863011859282454	1.5819296740502187
22050000	1.0849887666782232	1.5812791533865236
22100000	1.083646281515939	1.5805924591680727
22150000	1.0822737881916464	1.579869723009665
22200000	1.0808713470649483	1.5791110728152982
22250000	1.0794390211096052	1.5783166328395029
22300000	1.0779768759186013	1.577486523746549
22350000	1.0764849797094667	1.5766208626675753
22400000	1.074963403329869	1.5757197632556654
22450000	1.073412220263475	1.5747833357389236
22500000	1.0718315066360877	1.5738116869715777
22550000	1.0702213412220671	1.5728049204831493
22600000	1.068581805451034	1.5717631365257299
22650000	1.0669129834148658	1.5706864321193938
22700000	1.065214961874984	1.5695749010957885
22750000	1.0634878302699406	1.5684286341399296
22800000	1.0617316807233048	1.5672477188302427
22850000	1.0599466080518518	1.5660322396768758
22900000	1.0581327097740614	1.56478227815832
22950000	1.056290086118921	1.5634979127563684
23000000	1.0544188400350432	1.5621792189894423
23050000	1.0525190772000954	1.5608262694443151
23100000	1.0505909060305414	1.5594391338062619
23150000	1.0486344376917043	1.5580178788876637
23200000	1.0466497861081403	1.5565625686550912
23250000	1.0446370679743353	1.5550732642548981
23300000	1.0425964027657175	1.5535500240373414
23350000	1.0405279127499891	1.5519929035792643
23400000	1.0384317229987794	1.550401955705354
23450000	1.0363079613996131	1.548777230508005
23500000	1.0341567586682012	1.5471187753658033
23550000	1.031978248361047	1.5454266349606607
23600000	1.029772566888371	1.5437008512936072
23650000	1.0275398535273534	1.541941463699274
23700000	1.0252802504356893	1.5401485088590738
23750000	1.0229939026654609	1.5383220208131023
23800000	1.020680958177319	1.5364620309707757
23850000	1.0183415678549799	1.5345685681202181
23900000	1.0159758855200267	1.5326416584364175
23950000	1.0135840679470205	1.5306813254881564
24000000	1.0111662748789163	1.5286875902437411
24050000	1.008722669042781	1.5266604710755287
24100000	1.0062534161658114	1.5245999837632753
24150000	1.0037586849916502	1.5225061414963048
24200000	1.001238647296998	1.5203789548745155
24250000	0.9986934779085166	1.518218431908228
24300000	0.9961233547200204	1.5160245780168846
24350000	0.9935284587099581	1.5137973960266051
24400000	0.9909089739591732	1.5115368861666045
24450000	0.9882650876689485	1.5092430460057182
24500000	0.9855969901793254	1.5069157401904898
24550000	0.982904874987699	1.5045549890756538
24600000	0.98018893876768	1.5021610000275902
24650000	0.9774493813882302	1.4997339756043477
24700000	0.974686405933055	1.4972741136027583
24750000	0.9719002187202603	1.4947816071041127
24800000	0.969091029322267	1.4922566445184238
24850000	0.9662590505859745	1.489699409627298
24900000	0.9634044986531796	1.4871100816254406
24950000	0.9605275929812398	1.4844888351608128
25000000	0.9576285563639781	1.481835840373462
25050000	0.9547076149528306	1.4791512629330472
25100000	0.9517649982782274	1.4764352640750782
25150000	0.9488009392712097	1.4736880006358888
25200000	0.9458156742852716	1.470909625086361
25250000	0.9428094431184337	1.4681002855644218
25300000	0.9397824890355332	1.4652601259063291
25350000	0.9367350587907389	1.4623892856767675
25400000	0.933667402650278	1.4594879001977688
25450000	0.9305797744153768	1.4565561005764784
25500000	0.927472431445411	1.4535940137317869
25550000	0.9243456346812631	1.4506017624198406
25600000	0.9211996486688787	1.4475794652584564
25650000	0.9180347415830274	1.444527236750454
25700000	0.9148511852512549	1.4414451873059297
25750000	0.9116492551780304	1.4383334232634883
25800000	0.9084292305690841	1.4351920469104564
25850000	0.9051913943559292	1.4320211565020944
25900000	0.9019360332205664	1.428820846279835
25950000	0.898663437620369	1.425591206488566
26000000	0.8953739018131435	1.4223323233929817
26050000	0.8920677238823588	1.4190442792930318
26100000	0.888745205762548	1.415727152538489
26150000	0.8854066532648728	1.4123810175426652
26200000	0.882052376102845	1.4090059447953078
26250000	0.8786826879182066	1.405602000874701
26300000	0.8752979063069602	1.402169248459011
26350000	0.871898352845545	1.3987077463369046
26400000	0.8684843531171518	1.3952175494174839
26450000	0.8650562367381776	1.3916987087395702
26500000	0.8616143373848038	1.3881512714803836
26550000	0.8581589928197001	1.3845752809636644
26600000	0.8546905449188457	1.380970776667279
26650000	0.8512093396984529	1.3773377942303688
26700000	0.8477157273419964	1.3736763654600934
26750000	0.844210062227331	1.3699865183380298
26800000	0.8406927029538886	1.366268277026291
26850000	0.8371640123699503	1.3625216618734355
26900000	0.8336243575999734	1.3587466894202376
26950000	0.8300741100719672	1.354943372405407
27000000	0.826513645544902	1.3511117197713338
27050000	0.8229433441361367	1.3472517311752077
27100000	0.8193635903488456	1.343363315136951
27150000	0.8157747730994334	1.3394466573268033
27200000	0.8121772857449147	1.335502048424923
27250000	0.8085715261102377	1.3315297763456113
27300000	0.804957896515528	1.3275301262908992
27350000	0.801336803803237	1.3235033808031855
27400000	0.7977086593651519	1.3194498198169753
27450000	0.7940738791692569	1.3153697207097461
27500000	0.7904328837864018	1.311263358351984
27550000	0.7867860984167473	1.307131005156423
27600000	0.7831339529159538	1.3029729311265237
27650000	0.7794768818210732	1.2987894039042236
27700000	0.7758153243760973	1.2945806888169988
27750000	0.772149724557122	1.2903470489242679
27800000	0.7684805310970788	1.2860887450631735
27850000	0.7648081975099739	1.2818060358937784
27900000	0.7611331821145866	1.277499177943707
27950000	0.7574559480575624	1.273168425652273
28000000	0.7537769633358326	1.2688140314141234
28050000	0.7500967008182965	1.2644362456224405
28100000	0.7464156382666884	1.2600353167117333
28150000	0.7427342583555461	1.2556114912002614
28200000	0.7390530486912039	1.2511650137321264
28250000	0.7353725018297139	1.246696127119072
28300000	0.7316931152935928	1.2422050723820346
28350000	0.7280153915873077	1.2376920887924867
28400000	0.7243398382113724	1.233157413913616
28450000	0.7206669676749524	1.2286012836413887
28500000	0.7169972975068427	1.2240239322455444
28550000	0.7133313502647028	1.2194255924105732
28600000	0.7096696535423913	1.21480649527673
28650000	0.7060127399752695	1.2101668704811377
28700000	0.7023611472433123	1.2055069461990484
28750000	0.6987154180718608	1.2008269491853143
28800000	0.6950761002298488	1.1961271048161461
28850000	0.6914437465253177	1.1914076371312254
28900000	0.6878189147980337	1.1866687688762476
28950000	0.6842021679090009	1.1819107215459816
29000000	0.6805940737266611	1.1771337154279322
29050000	0.6769952051095661	1.1723379696466991
29100000	0.6734061398852826	1.1675237022091363
29150000	0.6698274608252895	1.1626911300504255
29200000	0.6662597556156237	1.1578404690811743
29250000	0.6627036168230016	1.1529719342356772
29300000	0.659159641856146	1.1480857395214723
29350000	0.6556284329220368	1.1431820980703506
29400000	0.6521105969767869	1.138261222190975
29450000	0.6486067456708329	1.1333233234232956
29500000	0.6451174952881343	1.1283686125949477
29550000	0.6416434666790444	1.1233972998798498
29600000	0.6381852851865163	1.1184095948592256
29650000	0.6347435805653006	1.1134057065853071
29700000	0.6313189868937742	1.1083858436479843
29750000	0.6279121424780326	1.103350214244709
29800000	0.6245236897478734	1.098299026253969
29850000	0.6211542751442891	1.0932331462809723
29900000	0.6178045489980721	1.0881541549782607
29950000	0.6144751653991485	1.0830624341963324
30000000	0.6111667820562267	1.0779583382883606
30050000	0.6078800601463632	1.0728422282272223
30100000	0.604615664154039	1.0677144718092877
30150000	0.6013742616993293	1.0625754438612747
30200000	0.5981565233547662	1.057425526449956
30250000	0.5949631224504864	1.0522651090944874
30300000	0.5917947348672548	1.0470945889810714
30350000	0.5886520388169727	1.0419143711796341
30400000	0.5855357146102802	1.036724868862142
30450000	0.5824464444108759	1.0315265035221293
30500000	0.5793849119761798	1.02631970519495
30550000	0.5763518023840034	1.0211049126782015
30600000	0.5733478017448838	1.015882573751694
30650000	0.570373596899773	1.0106531453962648
30700000	0.5674298751028044	1.0054170940106402
30750000	0.5645173236888706	1.0001748956254697
30800000	0.5616366297257894	0.9949270361135306
30850000	0.5587884796508671	0.9896740113950063
30900000	0.5559735588917067	0.9844163276366086
30950000	0.5531925514711472	0.9791545014431726
31000000	0.5504461395962761	0.9738890600402172
31050000	0.5477350032314939	0.9686205414457886
31100000	0.5450598196556773	0.9633494946297317
31150000	0.5424212630035343	0.9580764796583495
31200000	0.5398200037913158	0.9528020678221836
31250000	0.5372567084271035	0.9475268417444375
31300000	0.5347320387059744	0.9422513954673084
31350000	0.5322466512904117	0.9369763345132289
31400000	0.5298011971763967	0.9317022759177244
31450000	0.5273963211457197	0.9264298482302872
31500000	0.5250326612051067	0.9211596914793223
31550000	0.5227108480128574	0.9158924570968577
31600000	0.5204315042937726	0.9106288077983214
31650000	0.5181952442432418	0.9053694174122636
31700000	0.5160026729214461	0.9001149706544543
31750000	0.5138543856387258	0.8948661628402989
31800000	0.5117509673332582	0.8896236995290081
31850000	0.5096929919422684	0.8843882960924059
31900000	0.5076810217681053	0.8791606772006804
31950000	0.5057156068405815	0.873941576216774
32000000	0.5037972842770801	0.8687317344904653
32050000	0.5019265776419959	0.8635319005425153
32100000	0.5001039963071785	0.8583428291285615
32150000	0.4983300348150918	0.8531652801717048
32200000	0.4966051722464919	0.8480000175519948
32250000	0.4949298715944784	0.8428478077402588
32300000	0.4933045791468286	0.8377094182629525
32350000	0.49172972387856956	0.8325856159839441
32400000	0.4902057168567756	0.8274771651884023
32450000	0.4887329506596155	0.822384825453237
32500000	0.4873117988116776	0.8173093492878744
32550000	0.48594261523761917	0.812251784590592
32600000	0.4846257337361679	0.8072141403137313
32650000	0.4833614674764984	0.8021970846572369
32700000	0.4821501085189675	0.7972011349755812
32750000	0.4809919273621522	0.7922268349666417
32800000	0.4798871725180827	0.7872747554714755
32850000	0.47883607011749274	0.7823454952654315
32900000	0.4778388235468235	0.7774396818335867
32950000	0.4768956131186396	0.7725579721224275
33000000	0.4760065957769944	0.7677010532585338
33050000	0.4751719048391781	0.7628696432237358
33100000	0.4743916497751471	0.7580644914748317
33150000	0.47366591602580543	0.7532863794944458
33200000	0.4729947648611466	0.7485361212579996
33250000	0.47237823327913386	0.7438145636000485
33300000	0.4718163339460019	0.7391225864614377
33350000	0.47130905517853267	0.7344611029968392
33400000	0.4708563609686456	0.7298310595202924
33450000	0.4704581910505016	0.7252334352644124
33500000	0.47011446101010845	0.7206692419269598
33550000	0.46982506243726235	0.7161395229765795
33600000	0.4695898631194599	0.7116453526877258
33650000	0.46940870727724576	0.7071878348732035
33700000	0.46928141584028793	0.7027681012814194
33750000	0.46920778676329616	0.6983873096245048
33800000	0.4691875953807331	0.6940466412029843
33850000	0.4692205947991231	0.68974729809283
33900000	0.4693065163255949	0.6854904998616462
33950000	0.4694450699311649	0.6812774797825626
34000000	0.4696359447471431	0.6771094805173378
34050000	0.46987880959290806	0.6729877492443745
34100000	0.47017331353320235	0.6689135322129817
34150000	0.4705190864630014	0.6648880687125126
34200000	0.4709157397179322	0.6609125844540489
34250000	0.4713628667081271	0.6569882843733177
34300000	0.4718600435733745	0.6531163448765342
34350000	0.4724068298573615	0.6492979055659694
34400000	0.4730027691987792	0.6455340604991772
34450000	0.4736473900370548	0.6418258490549023
34500000	0.4743402063304559	0.6381742464994673
34550000	0.4750807182843445	0.634580154369585
34600000	0.4758684130873412	0.631044390810558
34650000	0.4767027656532453	0.6275676810320577
34700000	0.47758323936654623	0.624150648066352
34750000	0.4785092868294531	0.620793804034977
34800000	0.4794803506084129	0.6174975421483756
34850000	0.48049586397816524	0.6142621296777513
34900000	0.4815552516614531	0.6110877021480058
34950000	0.4826579305626046	0.6079742590039476
35000000	0.4838033104932748	0.6049216609976881
35050000	0.484990794888751	0.6019312078189053
35100000	0.4862197815133041	0.5990050100576788
35150000	0.4874896631531877	0.5961437939624025
35200000	0.4887998282959722	0.5933483227837402
35250000	0.49014966179503044	0.5906193958610808
35300000	0.49153854551806764	0.5879578454428427
35350000	0.492965858978722	0.5853645327315904
35400000	0.4944309799503488	0.5828403431669771
35450000	0.49593328506120976	0.5803861809800602
35500000	0.49747215037039483	0.5780029630736457
35550000	0.4990469519238914	0.5756916123041231
35600000	0.5006570662903324	0.5734530502599516
35650000	0.5023018710760135	0.5712881896496095
35700000	0.5039807454189023	0.5691979264265739
35750000	0.5056930704614011	0.5671831317900554
35800000	0.5074382298017461	0.5652446442071255
35850000	0.5092156099239701	0.5633832616041532
35900000	0.5110246006064514	0.5615997338729531
35950000	0.5128645953091201	0.5598947558297503
36000000	0.514734991539468	0.5582689607533269
36050000	0.5166351911975601	0.5567229146130136
36100000	0.5185646009002979	0.5552571110782561
36150000	0.5205226322852397	0.5538719673801399
36200000	0.5225087022943133	0.5525678210724633
36250000	0.5245222334378143	0.5513449277166416
36300000	0.526562654039102	0.5502034594918538
36350000	0.5286293984604437	0.5491435047102781
36400000	0.5307219073104842	0.5481650681977179
36450000	0.53283962763384	0.547268072482995
36500000	0.5349820130833384	0.5464523597255847
36550000	0.5371485240754319	0.5457176943003338
36600000	0.5393386279293428	0.5450637659508069
36650000	0.5415517989904898	0.5444901934187238
36700000	0.5437875187387641	0.5439965284559247
36750000	0.5460452758822278	0.5435822601269483
36800000	0.5483245664367974	0.5432468193142898
36850000	0.5506248937924909	0.5429895833442273
36900000	0.5529457687668073	0.5428098806583898
36950000	0.5552867096457995	0.5427069954644947
37000000	0.5576472422134003	0.542680172308505
37050000	0.560026899769558	0.5427286205195094
37100000	0.5624252231377217	0.5428515184875666
37150000	0.5648417606622049	0.5430480177433363
37200000	0.5672760681959642	0.543317246816331
37250000	0.5697277090792864	0.5436583148559494
37300000	0.5721962541098993	0.544070315005966
37350000	0.5746812815049783	0.5445523275288148
37400000	0.5771823768555334	0.5451034226808413
37450000	0.5796991330736212	0.5457226633436716
37500000	0.5822311503328401	0.5464091074200264
37550000	0.5847780360025226	0.5471618100047992
37600000	0.5873394045760565	0.547979831524767
37650000	0.589914877593715	0.5488643048161306
37700000	0.5925040835604014	0.5498158368504992
37750000	0.5951066578586575	0.5508333190278121
37800000	0.5977222426573119	0.5519156467365774
37850000	0.6003504868160907	0.5530617199102292
37900000	0.6029910457865306	0.5542704435028923
37950000	0.6056435815095018	0.5555407278982942
38000000	0.608307762309638	0.5568714892638347
38050000	0.6109832627869606	0.5582616498602012
38100000	0.6136697637059755	0.5597101383153996
38150000	0.6163669518824865	0.561215889870678
38200000	0.6190745200683926	0.5627778466045644
38250000	0.6217921668346814	0.5643949576401062
38300000	0.6245195964528688	0.5660661793393965
38350000	0.6272565187750655	0.5677904754885983
38400000	0.6300026491129017	0.5695668174759041
38450000	0.6327577081154754	0.5713941844642272
38500000	0.635521421646524	0.5732715635598561
38550000	0.6382935206609721	0.5751979499778462
38600000	0.6410737410810358	0.5771723472045424
38650000	0.6438618236720162	0.5791937671573082
38700000	0.6466575139179411	0.5812612303413072
38750000	0.6494605618971778	0.5833737660029866
38800000	0.6522707221581596	0.585530412279767
38850000	0.655087753595326	0.5877302163453623
38900000	0.6579114193254121	0.5899722345500741
38950000	0.660741486564171	0.5922555325553821
39000000	0.6635777265036484	0.5945791854621391
39050000	0.6664199141900884	0.5969422779316916
39100000	0.6692678284025665	0.5993439042992741
39150000	0.6721212515324249	0.6017831686790613
39200000	0.6749799694636006	0.6042591850603133
39250000	0.6778437714538984	0.6067710773940995
39300000	0.6807124500172929	0.6093179796701507
39350000	0.6835858008073109	0.6118990359834394
39400000	0.6864636225015671	0.6145134005901614
39450000	0.6893457166874828	0.6171602379528418
39500000	0.6922318877492716	0.6198387227743543
39550000	0.6951219427562061	0.6225480400206957
39600000	0.6980156913522384	0.6252873849324114
39650000	0.7009129456469904	0.6280559630246161
39700000	0.7038135201081741	0.6308529900756064
39750000	0.7067172314554574	0.6336776921040909
39800000	0.7096238985558246	0.6365293053351143
39850000	0.7125333423204512	0.6394070761547761
39900000	0.7154453856031219	0.6423102610538788
39950000	0.7183598531002215	0.6452381265606605
40000000	0.7212765712523248	0.6481899491627909
40050000	0.7241953681473899	0.6511650152188273
40100000	0.7271160734256054	0.6541626208593343
40150000	0.7300385181858758	0.6571820718778904
40200000	0.7329625348939899	0.660222683612199
40250000	0.7358879572924661	0.6632837815506286
40300000	0.7388146203121096	0.6663649180549021
40350000	0.7417423599852659	0.6694655893169408
40400000	0.7446710133608186	0.672585135473353
40450000	0.747600418420904	0.6757229257946437
40500000	0.7505304139993796	0.6788783571970323
40550000	0.7534608397020374	0.6820508528258433
40600000	0.7563915358285849	0.6852398607069566
40650000	0.7593223432963763	0.6884448524629273
40700000	0.7622531035659321	0.6916653220905026
40750000	0.7651836585682156	0.6949007847963913
40800000	0.7681138506337023	0.6981507758882539
40850000	0.7710435224232179	0.7014148497180187
40900000	0.7739725168605732	0.7046925786747361
40950000	0.7769006770669705	0.707983552224311
41000000	0.7798278462972077	0.7112873759935647
41050000	0.7827538678776628	0.7146036708961968
41100000	0.7856785851460688	0.7179320722983176
41150000	0.7886018413930673	0.7212722292213414
41200000	0.7915234798055566	0.7246238035801227
41250000	0.7944433434118131	0.7279864694543229
41300000	0.7973612750283977	0.7313599123910881
41350000	0.80027711720884	0.7347438287372119
41400000	0.8031907121940906	0.7381379249990422
41450000	0.8061019018647517	0.7415419172284784
41500000	0.8090105276950632	0.7449555304334835
41550000	0.8119164307086595	0.7483784980116108
41600000	0.8148194514360726	0.7518105612051218
41650000	0.8177194298739925	0.7552514685763374
41700000	0.8206162054462629	0.758700975501934
41750000	0.8235096169666207	0.7621588436849546
41800000	0.8263995026031588	0.7656248406833708
41850000	0.8292856998445128	0.7690987394540816
41900000	0.8321680454677615	0.7725803179112939
41950000	0.835046375508033	0.7760693584982775
42000000	0.8379205252298012	0.7795656477715398
42050000	0.8407903290998762	0.783068975996504
42100000	0.8436556207620625	0.7865791367538263
42150000	0.846516233013491	0.7900959265555265
42200000	0.849371997782599	0.7936191444701404
42250000	0.8522227461087574	0.7971485917561473
42300000	0.8550683081235257	0.8006840715029577
42350000	0.8579085130335314	0.8042253882787789
42400000	0.8607431891049472	0.8077723477847086
42450000	0.8635721636495706	0.8113247565144419
42500000	0.8663952630124739	0.8148824214189964
42550000	0.869212312561224	0.8184451495758975
42600000	0.8720231366766493	0.8220127478622878
42650000	0.8748275587451414	0.8255850226314471
42700000	0.877625401152475	0.8291617793922414
42750000	0.8804164852791336	0.8327428224910357
42800000	0.8832006314971146	0.8363279547956292
42850000	0.885977659168208	0.8399169773807975
42900000	0.8887473866437222	0.8435096892150427
42950000	0.8915096312656449	0.8471058868481711
43000000	0.8942642093692132	0.8507057670253517
43050000	0.8970109362868849	0.8543096228757169
43100000	0.8997496263536773	0.8579173432565904
43150000	0.9024800929138659	0.8615288241699008
43200000	0.9052021483290127	0.8651439685759091
43250000	0.907915603987313	0.8687626859994216
43300000	0.9106202703142248	0.8723848921510976
43350000	0.9133159567843793	0.8760105085629276
43400000	0.9160024719347274	0.8796394622370141
43450000	0.9186796233789172	0.8832716853068231
43500000	0.9213472178228685	0.8869071147101315
43550000	0.924005061081529	0.8905456918729274
43600000	0.926652958096775	0.8941873624035662
43650000	0.9292907129564529	0.8978320757965229
43700000	0.931918128914513	0.9014797851451146
43750000	0.9345350084122294	0.9051304468626001
43800000	0.937141153100466	0.9087840204111016
43850000	0.9397363638629792	0.9124404680378166
43900000	0.942320440840707	0.9160997545180217
43950000	0.9448931834570489	0.9197618469044007
44000000	0.9474543904440765	0.9234267142822462
44050000	0.950003859869677	0.9270943275301206
44100000	0.95254138916558	0.9307646590855793
44150000	0.9550667751562547	0.9344376827155872
44200000	0.9575798140886381	0.9381133732912782
44250000	0.9600803016626805	0.9417917065667324
44300000	0.9625680330626586	0.9454726589614649
44350000	0.9650428029892523	0.9491562073463438
44400000	0.9675044056923345	0.9528423288326703
44450000	0.9699526350044616	0.9565310005641778
44500000	0.9723872843750216	0.9602221995117232
44550000	0.9748081469050259	0.9639159022704643
44600000	0.977215015382499	0.9676120848593334
44650000	0.9796076823184513	0.9713107225226375
44700000	0.9819859399833941	0.9750117895336327
44750000	0.9843495804443789	0.978715258999936
44800000	0.9866983956025162	0.9824211026706609
44850000	0.9890321772309638	0.9861292907451699
44900000	0.9913507170133357	0.9898397916833707
44950000	0.993653806582518	0.9935525720174814
45000000	0.9959412375598504	0.9972675961652215
45050000	0.9982128015946544	1.0009848262443986
45100000	1.0004682904040691	1.0047042218888707
45150000	1.0027074958131779	1.0084257400658947
45200000	1.0049302097953807	1.0121493348948762
45250000	1.007136224513003	1.0158749574675616
45300000	1.009325332358095	1.0196025556697248
45350000	1.011497325993403	1.023332074004422
45400000	1.0136519983934846	1.0270634534169043
45450000	1.0157891428859356	1.0307966311212948
45500000	1.0179085531927063	1.0345315404291524
45550000	1.0200100234714733	1.0382681105800682
45600000	1.0220933483570487	1.0420062665744465
45650000	1.0241583230027933	1.0457459290086544
45700000	1.0262047431220112	1.0494870139127248
45750000	1.028232405029296	1.0532294325908291
45800000	1.0302411056818135	1.0569736008713844
45850000	1.0322306427204793	1.0607204806181685
45900000	1.0342008145110255	1.0644699253647816
45950000	1.0361514201849147	1.0682217489655883
46000000	1.0380822596800943	1.0719757645756713
46050000	1.0399931337815538	1.075731784819377
46100000	1.0418838441616738	1.0794896219642478
46150000	1.0437541934203345	1.0832490880999437
46200000	1.0456039851247716	1.0870099953217371
46250000	1.047433023849151	1.090772155918145
46300000	1.049241115213847	1.0945353825622282
46350000	1.0510280659244007	1.0982994885060842
46400000	1.0527936838101428	1.102064287778021
46450000	1.0545377778624556	1.1058295953818915
46500000	1.0562601582726652	1.1095952274980498
46550000	1.057960636469537	1.1133610016853623
46600000	1.0596390251563663	1.1171267370837055
46650000	1.061295138347639	1.1208922546163576
46700000	1.0629287914052543	1.1246573771916815
46750000	1.064539801074289	1.12842192990349
46800000	1.066127985518293	1.1321857402294673
46850000	1.0676931643540977	1.1359486382270214
46900000	1.069235158686129	1.139710456725937
46950000	1.0707537911402092	1.143471031517186
47000000	1.0722488858968378	1.1472302015372724
47050000	1.0737202687239373	1.1509878090474677
47100000	1.0751677670090594	1.154743699807316
47150000	1.0765912097910322	1.1584977232417892
47200000	1.077990427791052	1.1622497326014753
47250000	1.0793652534431966	1.1659995851152085
47300000	1.0807155209243686	1.169747142134556
47350000	1.0820410661836444	1.173492269269593
47400000	1.0833417269710375	1.1772348365154248
47450000	1.0846173428656605	1.180974718368927
47500000	1.085867755303285	1.1847117939352099
47550000	1.0870928076032946	1.1884459470233293
47600000	1.0882923449950261	1.1921770662308058
47650000	1.0894662146434952	1.1959050450165358
47700000	1.0906142656745068	1.1996297817617168
47750000	1.0917363491991456	1.203351179818439
47800000	1.0928323183376483	1.207069147545641
47850000	1.0939020282426501	1.2107835983321478
47900000	1.0949453361218187	1.2144944506065698
47950000	1.0959621012598593	1.218201627833861
48000000	1.0969521850399067	1.2219050584983895
48050000	1.0979154509642977	1.225604676073409
48100000	1.0988517646747298	1.2293004189768604
48150000	1.0997609939718067	1.2329922305134797
48200000	1.1006430088339767	1.2366800588032263
48250000	1.1014976814358652	1.2403638566960882
48300000	1.1023248861660098	1.2440435816733646
48350000	1.103124499643997	1.2477191957355667
48400000	1.1038964007370131	1.251390665277112
48450000	1.1046404705758102	1.2550579609480397
48500000	1.105356592570098	1.2587211623717873
48550000	1.1060446524233607	1.2623811620197305
48600000	1.1067045381471188	1.2660377307005444
48650000	1.1073361400746313	1.2696903221320819
48700000	1.1079393508740565	1.2733383928313728
48750000	1.1085140655610726	1.2769814028709179
48800000	1.109060181510972	1.280618816614895
48850000	1.1095775984702376	1.2842501034335716
48900000	1.1100662185676107	1.2878747383943008
48950000	1.110525946324661	1.2914922029275697
49000000	1.1109566886658695	1.2951019854666688
49050000	1.1113583549282335	1.2987035820596464
49100000	1.1117308568704098	1.3022964969523292
49150000	1.1120741086814014	1.3058802431413001
49200000	1.112388026988804	1.3094543428958418
49250000	1.112672530866622	1.3130183282479744
49300000	1.1129275418426687	1.3165717414498408
49350000	1.113152983905561	1.320114135397819
49400000	1.113348783511321	1.3236450740228545
49450000	1.1135148695896022	1.3271641326466534
49500000	1.113651173549546	1.3306708983034716
49550000	1.1137576292852884	1.3341649700273908
49600000	1.1138341731811279	1.337645959105061
49650000	1.113880744116366	1.3411134892940306
49700000	1.1138972834698395	1.3445671970068904
49750000	1.1138837351241522	1.3480067314615596
49800000	1.1138400454696242	1.3514317547981667
49850000	1.1137661634079743	1.3548419421630584
49900000	1.1136620403557398	1.3582369817605753
49950000	1.113527630247464	1.361616574873321
50000000	1.113362889538649	1.3649804358517306
50050000	1.1131677772085005	1.3683282920738185
50100000	1.1129422547624714	1.3716598838760676
50150000	1.112686286234621	1.3749749644564637
50200000	1.1123998381898055	1.3782732997507507
50250000	1.11208287972571	1.381554668283027
50300000	1.1117353824747411	1.38481886099184
50350000	1.1113573206057885	1.3880656810329728
50400000	1.1109486708258751	1.3912949435601507
50450000	1.110509412381705	1.3945064754849046
50500000	1.110039527061127	1.3977001152168522
50550000	1.1095389991945235	1.4008757123856665
50600000	1.1090078156561423	1.4040331275459925
50650000	1.10844596586538	1.4071722318665847
50700000	1.1078534417880364	1.4102929068049168
50750000	1.1072302379375465	1.413395043768509
50800000	1.1065763513762086	1.4164785437641934
50850000	1.1058917817164176	1.4195433170365175
50900000	1.1051765311219182	1.4225892826964617
50950000	1.1044306043090897	1.4256163683416074
51000000	1.103654008548274	1.4286245096688666
51050000	1.1028467536651605	1.431613650080837
51100000	1.1020088520422386	1.4345837402868193
51150000	1.1011403186203301	1.437534737899475
51200000	1.1002411709002107	1.4404666070280705
51250000	1.0993114289443349	1.4433793178692054
51300000	1.0983511153786742	1.446272846295866
51350000	1.0973602553946784	1.4491470046948012
51400000	1.096338876751369	1.4520000765711056
51450000	1.0952870097775804	1.454831267121282
51500000	1.0942046873743514	1.4576401440605566
51550000	1.0930919450174834	1.460426284352394
51600000	1.09194882076027	1.4631892743429096
51650000	1.0907753552364068	1.4659287098721387
51700000	1.0895715916630984	1.468644196363105
51750000	1.0883375758443545	1.471335348889632
51800000	1.0870733561745056	1.4740017922238329
51850000	1.0857789836419236	1.4766431608641863
51900000	1.084454511832971	1.4792590990451202
51950000	1.0830999969361808	1.4818492607289844
52000000	1.0817154977466705	1.4844133095812952
52050000	1.080301075670804	1.4869509189301124
52100000	1.0788567947311016	1.4894617717103908
52150000	1.0773827215714067	1.4919455603941327
52200000	1.0758789254623187	1.494401986907149
52250000	1.0743454783068878	1.4968307625332127
52300000	1.0727824546465905	1.4992316078063752
52350000	1.0711899316675773	1.5016042523921902
52400000	1.0695679892072074	1.5039484349585694
52450000	1.0679167097608673	1.506263903036973
52500000	1.0662361784890861	1.5085504128746214
52550000	1.0645264832249395	1.510807729278382
52600000	1.0627877144817575	1.5130356254509756
52650000	1.061019965461131	1.5152338828201137
52700000	1.0592233320612263	1.5174022908611635
52750000	1.0573979128854016	1.5195406469139114
52800000	1.0555438092511416	1.521648755993977
52850000	1.0536611251992931	1.5237264305994034
52900000	1.0517499675036246	1.5257734905129325
52950000	1.0498104456806943	1.52778976260045
53000000	1.0478426720000376	1.5297750806060628
53050000	1.0458467614946696	1.5317292849442556
53100000	1.0438228319719114	1.5336522224895417
53150000	1.0417710040245256	1.5355437463640198
53200000	1.0396914010421805	1.5374037157232103
53250000	1.0375841492232278	1.5392319955405378
53300000	1.0354493775868017	1.541028456390801
53350000	1.0332872179852324	1.542792974232957
53400000	1.0310978051167858	1.5445254301925202
53450000	1.028881276538711	1.5462257103438712
53500000	1.02663777268061	1.5478937054927362
53550000	1.0243674368581202	1.5495293109591006
53600000	1.0220704152869096	1.5511324263607826
53650000	1.0197468570969868	1.552702955397895
53700000	1.0173969143473183	1.5542408056383927
53750000	1.0150207420407555	1.5557458883049007
53800000	1.012618498139267	1.5572178327436244
53850000	1.0101903435794768	1.5586555657748211
53900000	1.0077364422885016	1.560058937161938
53950000	1.0052569612000908	1.5614278838123963
54000000	1.0027520702710588	1.5627623432985935
54050000	1.0002219424980163	1.5640622539105646
54100000	0.9976667539343862	1.5653275547045415
54150000	0.9950866837077171	1.5665581855475186
54200000	0.99248191403727	1.5677540871579252
54250000	0.9898526302518993	1.5689152011425043
54300000	0.9871990208082044	1.5700414700294965
54350000	0.9845212773089606	1.5711328372982243
54400000	0.9818195945218212	1.572189247405167
54450000	0.9790941703982907	1.5732106458066213
54500000	0.9763452060929613	1.5741969789780315
54550000	0.9735729059830146	1.5751481944300783
54600000	0.9707774776879798	1.5760642407216117
54650000	0.9679591320897503	1.5769450674695038
54700000	0.9651180833528473	1.5777906253555105
54750000	0.9622545489449407	1.5786008661302136
54800000	0.9593687496576054	1.5793757426141197
54850000	0.9564609096273273	1.580115208696
54900000	0.9535312563567434	1.5808192193285269
54950000	0.9505800207361176	1.5814877305212958
55000000	0.9476074370650471	1.5821206993312915
55050000	0.9446137430744012	1.5827180838508679
55100000	0.9415991799484766	1.5832798431933115
55150000	0.9385639923473844	1.5838059374760507
55200000	0.9355084284296438	1.5842963278015747
55250000	0.9324327398750009	1.5847509762361232
55300000	0.9293371819074484	1.5851698457862096
55350000	0.9262220133184649	1.5855529003730369
55400000	0.9230874964904457	1.58590010480486
55450000	0.9199338974203488	1.5862114247473589
55500000	0.9167614857435267	1.5864868266920682
55550000	0.913570534757761	1.586726277922928
55600000	0.910361321447484	1.5869297464810004
55650000	0.9071341265081925	1.5870972011274065
55700000	0.9038892343710409	1.5872286113045373
55750000	0.9006269332276212	1.5873239470955818
55800000	0.8973475150549169	1.5873831791824258
55850000	0.8940512756404332	1.5874062788019663
55900000	0.8907385146074933	1.587393217700886
55950000	0.8874095354407092	1.5873439680889347
56000000	0.8840646455116054	1.5872585025907602
56050000	0.8807041561044093	1.5871367941963312
56100000	0.8773283824419885	1.5869788162099898
56150000	0.8739376437119417	1.5867845421981814
56200000	0.8705322630928295	1.58655394593589
56250000	0.8671125677805491	1.5862870013518255
56300000	0.8636788890148348	1.585983682472392
56350000	0.860231562105891	1.5856439633644777
56400000	0.8567709264611442	1.5852678180770916
56450000	0.8532973256121024	1.5848552205818898
56500000	0.8498111072413251	1.5844061447126114
56550000	0.8463126232094894	1.583920563420418
56600000	0.8428022295825375	1.5833981750046022
56650000	0.8392802866589101	1.5828388594796527
56700000	0.8357471589968364	1.5822427793275846
56750000	0.8322032154416875	1.5816100927781231
56800000	0.8286488291533622	1.5809409538830272
56850000	0.8250843776337107	1.5802355125881067
56900000	0.8215102427539566	1.579493914802977
56950000	0.81792681078213	1.5787163024685897
57000000	0.8143344724104639	1.5779028136225812
57050000	0.8107336227827566	1.577053582462476
57100000	0.8071246615216647	1.5761687394067903
57150000	0.8035079927559156	1.5752484111540679
57200000	0.7998840251473968	1.5742927207398931
57250000	0.7962531719181183	1.5733017875919153
57300000	0.7926158508769934	1.5722757275829227
57350000	0.7889724844464271	1.5712146530820024
57400000	0.7853234996886577	1.5701186730038261
57450000	0.781669328331839	1.5689878928560903
57500000	0.77801040679579	1.567822414785152
57550000	0.774347176217407	1.5666223376198904
57600000	0.7706800824756488	1.5653877569138295
57650000	0.7670095762160849	1.564118764985552
57700000	0.763336112874924	1.5628154509574408
57750000	0.759660152702473	1.5614779007927733
57800000	0.7559821607859747	1.560106197331202
57850000	0.7523026070717365	1.558700420322652
57900000	0.7486219663864965	1.55726064645966
57950000	0.7449407184579386	1.5557869494081853
58000000	0.7412593479342853	1.5542793998369218
58050000	0.7375783444028671	1.55273806544513
58100000	0.7338982024075882	1.5511630109890229
58150000	0.7302194214651818	1.549554298306724
58200000	0.7265425060801501	1.5479119863418247
58250000	0.7228679657582779	1.5462361311655604
58300000	0.719196315018604	1.544526785997632
58350000	0.7155280734037119	1.542784001225689
58400000	0.7118637654882252	1.541007824423499
58450000	0.7082039208853432	1.5391983003678182
58500000	0.7045490742512892	1.5373554710539876
58550000	0.7008997652874893	1.5354793757102663
58600000	0.6972565387403432	1.5335700508109245
58650000	0.693619944398379	1.5316275300881088
58700000	0.6899905370866358	1.5296518445424967
58750000	0.6863688766580592	1.527643022452756
58800000	0.6827555279817136	1.5256010893838179
58850000	0.6791510609275963	1.5235260681939848
58900000	0.675556050347827	1.52141797904088
58950000	0.6719710760539769	1.5192768393862464
59000000	0.6683967227902977	1.517102663999619
59050000	0.6648335802025807	1.5148954649608621
59100000	0.661282242802396	1.5126552516615985
59150000	0.6577433099264158	1.5103820308055247
59200000	0.6542173856905527	1.5080758064076292
59250000	0.65070507893859	1.5057365797923168
59300000	0.6472070031850158	1.5033643495904423
59350000	0.6437237765517232	1.5009591117352663
59400000	0.6402560216982537	1.498520859457331
59450000	0.636804365745236	1.4960495832782612
59500000	0.6333694401906772	1.4935451814847531
59550000	0.6299518808187333	1.4910075632903723
59600000	0.6265523276006021	1.4884369441553573
59650000	0.6231714245871484	1.4858335447454247
59700000	0.6198098197928841	1.4831975809483033
59750000	0.6164681650709058	1.4805292639199916
59800000	0.6131471159783992	1.4778288001295934
59850000	0.6098473316322922	1.4750963914027588
59900000	0.6065694745546721	1.472332234963753
59950000	0.6033142105075392	1.4695365234761757
60000000	0.6000822083164956	1.4667094450823517
60050000	0.5968741396829618	1.4638511834414145
60100000	0.5936906789845176	1.4609619177661053
60150000	0.590532503062956	1.458041822858304
60200000	0.5874002909996695	1.4550910691433159
60250000	0.5842947238779732	1.45210982270293
60300000	0.5812164845319987	1.4490982453072723
60350000	0.5781662572817892	1.4460564944454715
60400000	0.5751447276542665	1.4429847233551538
60450000	0.5721525820897314	1.4398830810507937
60500000	0.5691905076336115	1.4367517123509281
60550000	0.5662591916131665	1.4335907579042686
60600000	0.563359321298921	1.4304003542147172
60650000	0.5604915835505953	1.4271806336653154
60700000	0.5576566644473775	1.423931724541145
60750000	0.5548552489023817	1.4206537510511994
60800000	0.5520880202612125	1.4173468333492512
60850000	0.5493556598845852	1.4140110875537366
60900000	0.5466588467150156	1.410646625766681
60950000	0.5439982568276276	1.407253556091691
61000000	0.5413745629652246	1.4038319826510388
61050000	0.5387884340577866	1.4003820056018652
61100000	0.5362405347266627	1.3969037211515327
61150000	0.5337315247737726	1.393397221572155
61200000	0.5312620586562272	1.3898625952143409
61250000	0.5288327849468261	1.38629992652018
61300000	0.5264443457810144	1.3827092960355143
61350000	0.5240973762909141	1.3790907804215267
61400000	0.5217925040271736	1.3754444524656961
61450000	0.5195303483694429	1.3717703810921573
61500000	0.51731151992638	1.3680686313715147
61550000	0.5151366199261821	1.3643392645301666
61600000	0.5130062395987331	1.3605823379591842
61650000	0.5109209595505333	1.356797905222817
61700000	0.508881349133694	1.352986016066677
61750000	0.5068879658103405	1.349146716425678
61800000	0.5049413545138702	1.3452800484318017
61850000	0.503042047008605	1.3413860504217658
61900000	0.5011905612494257	1.3374647569446885
61950000	0.4993874007430962	1.3335161987698338
62000000	0.49763305391300944	1.3295404028945437
62050000	0.4959279934691975	1.3255373925524636
62100000	0.49427267578546724	1.3215071872221762
62150000	0.4926675402855999	1.317449802636373
62200000	0.4911130088405786	1.3133652507917
62250000	0.48960948517885394	1.3092535451897083
62300000	0.48815735431166707	1.305114837443311
62350000	0.486756981975472	1.3009494297578086
62400000	0.48540871409349334	1.2967576299816574
62450000	0.4841128762584536	1.2925397442160222
62500000	0.48286977323847224	1.2882960768798555
62550000	0.48167968850810866	1.2840269307743757
62600000	0.48054288380646953	1.2797326071469823
62650000	0.4794595987242604	1.2754134057546485
62700000	0.4784300503215455	1.2710696249268212
62750000	0.47745443277795385	1.26670156162787
62800000	0.47653291707691137	1.2623095115191156
62850000	0.47566565072542116	1.257893769020467
62900000	0.4748527575107614	1.253454627371707
62950000	0.4740943372953465	1.2489923786934494
63000000	0.47339046585086325	1.2445073140477998
63050000	0.47274119473264303	1.239999723498749
63100000	0.47214655119505994	1.2354698961723254
63150000	0.4716065381485969	1.230918120316532
63200000	0.47112113415904	1.2263446833610923
63250000	0.4706902934890902	1.221749871977032
63300000	0.4703139461825039	1.217133972136116
63350000	0.4699919981906948	1.2124972691701608
63400000	0.46972433154154075	1.2078400478302487
63450000	0.4695108045499712	1.2031625923458542
63500000	0.4693512520697304	1.1984651864839089
63550000	0.46924548578552533	1.1937481136078123
63600000	0.4691932945446283	1.189011656736411
63650000	0.4691944447267978	1.1842560986029556
63700000	0.46924868065127945	1.1794817217140452
63750000	0.469355725019452	1.1746888084085771
63800000	0.46951527939158527	1.1698776409167018
63850000	0.4697270246960265	1.1650485014187955
63900000	0.4699906217690339	1.1602016721044528
63950000	0.47030571192335713	1.155337435231504
64000000	0.4706719175435893	1.1504560731850586
64050000	0.4710888427062298	1.14555786853657
64100000	0.4715560738223347	1.1406431041029244
64150000	0.47207318030058054	1.1357120630055457
64200000	0.47263971522853077	1.1307650287295061
64250000	0.4732552160698736	1.1258022851826348
64300000	0.47391920537537713	1.1208241167546151
64350000	0.4746311915053316	1.1158308083760455
64400000	0.47539066936123103	1.1108226455774566
64450000	0.4761971211245111	1.1057999145482529
64500000	0.47705001700015653	1.1007629021955636
64550000	0.47794881596306865	1.0957118962029673
64600000	0.4788929665051331	1.090647185089065
64650000	0.4798819073809781	1.0855690582658646
64700000	0.48091506835050923	1.0804778060969378
64750000	0.48199187091637746	1.075373719955312
64800000	0.4831117290546173	1.070257092281048
64850000	0.48427404993679424	1.065128216638458
64900000	0.4854782346421001	1.059987387772909
64950000	0.4867236788579159	1.0548349016671583
65000000	0.4880097735674859	1.0496710555971585
65050000	0.489335905723444	1.044496148187275
65100000	0.4907014589060296	1.0393104794648405
65150000	0.49210581396494685	1.0341145304803592
65200000	0.49354834964392946	1.0289106948418028
65250000	0.4950284431871593	1.023699897636175
65300000	0.49654547092681595	1.0184824791066696
65350000	0.49809880885110386	1.0132587894198517
65400000	0.499687833152238	1.0080291889593915
65450000	0.5013119207539213	1.0027940486261062
65500000	0.5029704498179839	0.9975537501439968
65550000	0.5046628002298953	0.9923086863719163
65600000	0.506388354062982	0.9870592616204137
65650000	0.5081464960212413	0.9818058919732325
65700000	0.5099366138607209	0.9765490056128466
65750000	0.5117580987894993	0.9712890431493159
65800000	0.5136103458463855	0.966026457951634
65850000	0.5154927542584838	0.9607617164806203
65900000	0.5174047277778618	0.9554952986222628
65950000	0.5193456749975857	0.950227698020283
66000000	0.5213150096474392	0.9449594224065099
66050000	0.5233121508696899	0.9396909939274816
66100000	0.5253365234753038	0.9344229494654804
66150000	0.5273875581810299	0.9291558409519932
66200000	0.5294646918278259	0.9238902356713367
66250000	0.5315673675811051	0.9186267165519287
66300000	0.5336950351133141	0.9133658824423855
66350000	0.5358471507693657	0.9081083483693072
66400000	0.5380231777154674	0.9028547457732705
66450000	0.5402225860719029	0.8976057227191558
66500000	0.5424448530303196	0.8923619440765314
66550000	0.544689462956097	0.8871240916653607
66600000	0.5469559074763581	0.8818928643618191
66650000	0.549243685554206	0.876668978158476
66700000	0.5515523035497439	0.8714531661725259
66750000	0.5538812752684579	0.866246178595159
66800000	0.5562301219975145	0.8610487825744856
66850000	0.5585983725305435	0.8558617620237495
66900000	0.5609855631814326	0.8506859173458095
66950000	0.563391237787704	0.845522065064082
67000000	0.5658149477039671	0.8403710373493096
67050000	0.5682562517860005	0.8352336814306355
67100000	0.5707147163659376	0.8301108588785561
67150000	0.5731899152190807	0.8250034447463758
67200000	0.5756814295227908	0.8199123265558071
67250000	0.5781888478079525	0.8148384031113665
67300000	0.5807117659034375	0.8097825831272145
67350000	0.583249786874028	0.8047457836490928
67400000	0.5858025209522028	0.7997289282530301
67450000	0.5883695854642171	0.7947329450015714
67500000	0.590950604750846	0.7897587641374284
67550000	0.5935452100831887	0.7848073154936908
67600000	0.5961530395738884	0.7798795255991399
67650000	0.5987737380841244	0.7749763144567752
67700000	0.6014069571266987	0.7700985919734885
67750000	0.6040523547655589	0.7652472540189327
67800000	0.6067095955120442	0.760423178092125
67850000	0.6093783502181576	0.7556272185752634
67900000	0.6120582959671473	0.7508602015557124
67950000	0.6147491159616562	0.7461229191992532
68000000	0.617450499409699	0.741416123660567
68050000	0.6201621414087118	0.7367405332223357
68100000	0.6228837428278925	0.7320977628057521
68150000	0.6256150101890696	0.7274889996602524
68200000	0.6283556555462849	0.7229148399380747
68250000	0.6311053963643054	0.7183759133867378
68300000	0.6338639553962404	0.713872884470169
68350000	0.6366310605604428	0.7094064534414296
68400000	0.6394064448168597	0.7049773573479619
68450000	0.6421898460429958	0.7005863709476867
68500000	0.6449810069096259	0.6962343075115214
68550000	0.6477796747564138	0.6919220194850405
68600000	0.6505856014675521	0.6876503989790992
68650000	0.6533985433475645	0.6834203780563355
68700000	0.6562182609973668	0.6792329287776708
68750000	0.6590445191907234	0.6750890629703065
68800000	0.6618770867511751	0.6709898316764149
68850000	0.6647157364295573	0.6669363242398568
68900000	0.6675602447821866	0.662929666987032
68950000	0.6704103920498072	0.6589710214574984
69000000	0.6732659620373734	0.6550615821405519
69050000	0.6761267419947479	0.6512025736756943
69100000	0.6789925224983786	0.6473952474780911
69150000	0.6818630973340288	0.6436408777549171
69200000	0.6847382633806117	0.6399407568851554
69250000	0.6876178204951963	0.6362961901440701
69300000	0.6905015713992263	0.6327084897644296
69350000	0.6933893215660143	0.629178968339609
69400000	0.696280879109545	0.6257089315890138
69450000	0.6991760546746401	0.6222996705236996
69500000	0.7020746613285173	0.6189524530693867
69550000	0.7049765144537862	0.6156685152249682
69600000	0.7078814316429084	0.612449051856527
69650000	0.7107892325941614	0.6092952072491896
69700000	0.7136997390091275	0.6062080655610437
69750000	0.7166127744917412	0.6031886413438716
69800000	0.7195281644489153	0.6002378703136028
69850000	0.7224457359927744	0.5973566005680127
69900000	0.7253653178445046	0.5945455844592256
69950000	0.728286740239857	0.591805471332934
70000000	0.7312098348363052	0.5891368013440061
70050000	0.7341344346218829	0.5865400005486181
70100000	0.7370603738257157	0.5840153774557711
70150000	0.7399874878302527	0.5815631211959823
70200000	0.7429156130852241	0.5791833014323517
70250000	0.745844587023317	0.5768758700999247
70300000	0.7487742479775992	0.5746406650143612
70350000	0.7517044351006797	0.5724774153420724
70400000	0.754634988285636	0.5703857488729388
70450000	0.7575657480886887	0.5683652009857159
70500000	0.760496555653656	0.5664152251473712
70550000	0.763427252638168	0.5645358061002909
70600000	0.7663576811416709	0.562730691372633
70650000	0.7692876836351944	0.5610010258305888
70700000	0.7722171028929186	0.5593472669359043
70750000	0.7751457819255112	0.5577698641718474
70800000	0.7780735639152612	0.5562692534970438
70850000	0.7810002921529892	0.554845851770256
70900000	0.7839258099767544	0.5535000512485914
70950000	0.7868499607123383	0.5522322142568858
71000000	0.7897725876155218	0.5510426681184457
71050000	0.7926935338161393	0.5499317004275166
71100000	0.7956126422639206	0.5488995547321774
71150000	0.7985297556761054	0.5479464266835142
71200000	0.8014447164868402	0.5470724606933696
71250000	0.8043573667983379	0.54627774712934
71300000	0.8072675483338198	0.5455623200623924
71350000	0.8101751023922061	0.5449261555700177
71400000	0.8130798698045765	0.5443691705864788
71450000	0.8159816908923736	0.5438912222817864
71500000	0.8188804054273657	0.5434921079426152
71550000	0.8217758525933344	0.5431715653216277
71600000	0.824667870949513	0.5429292734165019
71650000	0.827556298395735	0.5427648536364167
71700000	0.8304409721393128	0.5426778713116045
71750000	0.8333217286636194	0.5426678375007782
71800000	0.8361984036983751	0.5427342110515488
71850000	0.8390708321916199	0.5428764008702314
71900000	0.8419388482833801	0.5430937683594336
71950000	0.8448022852809924	0.5433856299844666
72000000	0.8476609756361011	0.5437512599326012
72050000	0.8505147509232951	0.5441898928325095
72100000	0.8533634418203953	0.5447007265046231
72150000	0.8562068780903547	0.5452829247165946
72200000	0.8590448885647859	0.545935619921414
72250000	0.8618773011290777	0.5466579159589677
72300000	0.8647039427091077	0.5474488907048674
72350000	0.8675246392595207	0.5483075986532059
72400000	0.8703392157535745	0.5492330734224611
72450000	0.8731474961745164	0.5502243301760853
72500000	0.8759493035085041	0.5512803679513806
72550000	0.8787444597390235	0.5524001718920574
72600000	0.881532785842813	0.55358271538144
72650000	0.8843141017872584	0.5548269620746218
72700000	0.887088226529258	0.5561318678290047
72750000	0.8898549780155187	0.5574963825335961
72800000	0.8926141731842913	0.5589194518382199
72850000	0.895365627968499	0.5604000187844139
72900000	0.8981091573002616	0.5619370253402922
72950000	0.9008445751167796	0.56352941384203
73000000	0.9035716943675706	0.5651761283449149
73050000	0.9062903270230248	0.5668761158871217
73100000	0.9090002840842736	0.5686283276695011
73150000	0.9117013755943294	0.5704317201547544
73200000	0.914393410650498	0.5722852560894097
73250000	0.9170761974180183	0.5741879054520036
73300000	0.9197495431449241	0.5761391010234779
73350000	0.9224132541780928	0.578139172061502
73400000	0.9250671359804673	0.5801869510676463
73450000	0.9277109931494116	0.5822811882758311
73500000	0.9303446294361962	0.5844206706705349
73550000	0.932967847766569	0.5866042206649238
73600000	0.9355804502623964	0.5888306947973674
73650000	0.9381822382643501	0.5910989824524149
73700000	0.9407730123556073	0.593408004611038
73750000	0.9433525723865388	0.5957567126338699
73800000	0.9459207175003665	0.5981440870802281
73850000	0.9484772461597499	0.6005691365649192
73900000	0.9510219561742874	0.6030308966541299
73950000	0.953554644728895	0.6055284288011525
74000000	0.956075108413041	0.6080608193221952
74050000	0.958583143250803	0.6106271784121426
74100000	0.9610785447317247	0.6132266391997979
74150000	0.9635611078424415	0.6158583568418708
74200000	0.9660306270990405	0.6185215076547708
74250000	0.9684868965801408	0.6212152882830871
74300000	0.9709297099606462	0.6239389149035267
74350000	0.9733588605461593	0.6266916224629682
74400000	0.9757741413080105	0.6294726639492383
74450000	0.9781753449188908	0.6322813096931785
74500000	0.98056226378904	0.6351168467005308
74550000	0.9829346901029806	0.6379785780121859
74600000	0.985292415856748	0.6408658220913361
74650000	0.9876352328956037	0.6437779122360937
74700000	0.9899629329521956	0.6467141960161653
74750000	0.9922753076851323	0.6496740347322134
74800000	0.9945721487179496	0.6526568028965631
74850000	0.9968532476784328	0.6556618877339697
74900000	0.9991183962382755	0.6586886887011987
74950000	1.001367386153032	0.6617366170242254
75000000	1.0036000093023476	0.6648050952519049
75050000	1.0058160577304267	0.6678935568250142
75100000	1.0080153236867242	0.6710014456596183
75150000	1.0101975996668153	0.6741282157437573
75200000	1.0123626784534308	0.6772733307465004
75250000	1.0145103531576143	0.6804362636384585
75300000	1.016640417259995	0.6836164963228869
75350000	1.018752664652125	0.6868135192765558
75400000	1.0208468896778706	0.6900268311996055
75450000	1.022922887174827	0.6932559386736384
75500000	1.0249804525157256	0.6965003558273374
75550000	1.0270193816498139	0.6997596040089354
75600000	1.0290394711441795	0.703033211464893
75650000	1.0310405182249902	0.7063207130241638
75700000	1.033022320818634	0.7096216497874654
75750000	1.0349846775927263	0.7129355688209955
75800000	1.0369273879969627	0.716262022854047
75850000	1.0388502523037957	0.7196005699800203
75900000	1.0407530716489135	0.7229507733603231
75950000	1.042635648071494	0.7263122009306956
76000000	1.044497784554215	0.7296844251094879
76050000	1.046339285062998	0.7330670225074577
76100000	1.0481599545864717	0.7364595736386504
76150000	1.0499595991751183	0.7398616626319476
76200000	1.0517380259801037	0.7432728769428771
76250000	1.0534950432917565	0.7466930348324804
76300000	1.0552304605776832	0.750122145561626
76350000	1.0569440885205073	0.7535599010242127
76400000	1.0586357390552	0.7570060052504308
76450000	1.060305225406001	0.7604601783669434
76500000	1.0619523621229099	0.7639221557245117
76550000	1.0635769651177218	0.767391687065877
76600000	1.0651788516996104	0.7708685357315674
76650000	1.0667578406102225	0.7743524779014334
76700000	1.0683137520582993	0.7778433018698244
76750000	1.0698464077537784	0.7813408073524353
76800000	1.0713556309413912	0.7848448048229525
76850000	1.0728412464337307	0.7883551148777348
76900000	1.0743030806437812	0.7918715676268525
76950000	1.0757409616169045	0.7953940021099001
77000000	1.0771547190622617	0.7989222657350771
77050000	1.0785441843836756	0.802456213740122
77100000	1.07990919070992	0.8059957086737415
77150000	1.0812495729244191	0.8095406198962659
77200000	1.0825651676943704	0.8130908230983157
77250000	1.0838558134992584	0.8166461998363337
77300000	1.0851213506587862	0.8202066370838947
77350000	1.086361621360185	0.8237720267977631
77400000	1.0875764696849248	0.8273422654977178
77450000	1.0887657416348109	0.8309172538592225
77500000	1.0899292851574605	0.8344968963180575
77550000	1.091066950171169	0.838081100686086
77600000	1.0921785885891486	0.8416697777773595
77650000	1.093264054343151	0.8452628410438172
77700000	1.0943232034064714	0.8488602062198712
77750000	1.0953558938163253	0.8524617909752015
77800000	1.0963619856956133	0.8560675145751281
77850000	1.0973413412740598	0.8596772975479587
77900000	1.0982938249087433	0.8632910613587377
77950000	1.0992193031040056	0.8669087280888637
78000000	1.1001176445307557	0.8705302201210646
78050000	1.1009887200451645	0.8741554598292509
78100000	1.1018324027067568	0.8777843692727966
78150000	1.1026485677959073	0.8814168698948253
78200000	1.1034370928307398	0.8850528822240995
78250000	1.1041978575834452	0.8886923255801444
78300000	1.1049307440960163	0.8923351177812578
78350000	1.105635636695406	0.8959811748550841
78400000	1.106312422008124	0.8996304107514494
78450000	1.1069609889742715	0.9032827370571894
78500000	1.1075812288610267	0.9069380627127114
78550000	1.1081730352755872	0.9105962937300661
78600000	1.108736304177578	0.9142573329123225
78650000	1.1092709338909392	0.9179210795740597
78700000	1.1097768251152955	0.9215874292628217
78750000	1.1102538809368248	0.9252562734813925
78800000	1.1107020068386295	0.9289274994107822
78850000	1.111121110710629	0.9326009896338282
78900000	1.1115111028589775	0.936276621859352
78950000	1.111871896015023	0.939954439424138
79000000	1.1122034053438146	0.9436352846395856
79050000	1.112505548452178	0.9473192159203017
79100000	1.1127782453963615	0.9510061467949574
79150000	1.1130214186892717	0.9546959931497702
79200000	1.113234993307311	0.958388673098133
79250000	1.113418896696826	0.9620841068567383
79300000	1.1135730587801838	0.9657822166278515
79350000	1.113697411961488	0.9694829264874028
79400000	1.1137918911319464	0.9731861622785809
79450000	1.1138564336749075	0.9768918515106204
79500000	1.1138909794705747	0.9805999232624906
79550000	1.1138954709004176	0.9843103080912059
79600000	1.1138698528512885	0.9880229379444818
79650000	1.1138140727192618	0.9917377460774769
79700000	1.1137280804132117	0.995454666973368
79750000	1.1136118283581358	0.9991736362675155
79800000	1.1134652714982471	1.0028945906749758
79850000	1.1132883672998424	1.0066174679211448
79900000	1.1130810757539633	1.0103422066752978
79950000	1.1128433593788658	1.0140687464868225
80000000	1.1125751832223094	1.0177970277239299
80050000	1.112276514863683	1.0215269915146434
80100000	1.1119473244159783	1.0252585796898759
80150000	1.1115875845276286	1.028991734728396
80200000	1.1111972703842252	1.0327263997035045
80250000	1.110776359710124	1.0364625182312452
80300000	1.1103248327699573	1.0402000344199664
80350000	1.109842672370067	1.0439388928210764
80400000	1.1093298638598692	1.047679038380821
80450000	1.1087863951331625	1.051420416392929
80500000	1.1082122566294017	1.055162972451971
80550000	1.107607441334939	1.0589066524072828
80600000	1.106971944784255	1.062651402317309
80650000	1.106305765061185	1.066397168404235
80700000	1.10560890280016	1.0701438970087622
80750000	1.1048813611874722	1.073891534544912
80800000	1.1041231459625735	1.0776400274547233
80850000	1.103334265419426	1.0813893221627386
80900000	1.102514730407913	1.0851393650301555
80950000	1.1016645543353207	1.088890102308546
81000000	1.100783753167907	1.0926414800930386
81050000	1.0998723454325603	1.0963934442748715
81100000	1.0989303522185718	1.10014594049323
81150000	1.0979577971795182	1.1038989140862792
81200000	1.0969547065352787	1.1076523100413311
81250000	1.0959211090741832	1.11140607294406
81300000	1.0948570361553127	1.1151601469267207
81350000	1.093762521710959	1.118914475615305
81400000	1.0926376022492474	1.1226690020755952
81450000	1.0914823168569403	1.1264236687580698
81500000	1.0902967072024228	1.1301784174416365
81550000	1.0890808175388835	1.1339331891761608
81600000	1.0878346947077033	1.1376879242237812
81650000	1.086558388142044	1.1414425619989954
81700000	1.0852519498706663	1.1451970410075276
81750000	1.083915434521967	1.1489512987839736
81800000	1.0825488993282537	1.152705271828252
81850000	1.0811524041302574	1.1564588987953477
81900000	1.0797260113818894	1.16021308654433
81950000	1.0782697861552586	1.163968333593162
82000000	1.0767837961459412	1.1677242749864138
82050000	1.0752681116785183	1.1714805448518146
82100000	1.073722805712384	1.1752367769063135
82150000	1.0721479538478251	1.1789926049643515
82200000	1.0705436343323904	1.1827476634470238
82250000	1.0689099280675305	1.1865015878907714
82300000	1.067246918615542	1.1902540154542296
82350000	1.0655546922067924	1.1940045854218326
82400000	1.0638333377472498	1.19775293970277
82450000	1.062082946826307	1.2014987233238794
82500000	1.0603036137249113	1.2052415849150688
82550000	1.0584954354240033	1.2089811771858698
82600000	1.0566585116132545	1.2127171573917364
82650000	1.0547929447001265	1.2164491877887313
82700000	1.0528988398192376	1.2201769360752712
82750000	1.05097630484204	1.2239000758196377
82800000	1.0490254503868228	1.2276182868720062
82850000	1.0470463898290177	1.2313312557597929
82900000	1.0450392393118388	1.2350386760651777
82950000	1.0430041177572276	1.238740248783722
83000000	1.0409411468771228	1.2424356826630623
83050000	1.0388504511850494	1.2461246945207392
83100000	1.0367321580080215	1.2498070095402922
83150000	1.0345863974987775	1.253482361544831
83200000	1.0324133026483115	1.2571504932473765
83250000	1.030213009298746	1.2608111564773528
83300000	1.0279856561565044	1.2644641123826972
83350000	1.0257313848058072	1.2681091316071444
83400000	1.023450339722481	1.2717459944423344
83450000	1.0211426682880762	1.2753744909544835
83500000	1.0188085208043054	1.2789944210854478
83550000	1.0164480505077818	1.282605594728103
83600000	1.0140614135850694	1.286207831776052
83650000	1.0116487691880396	1.2898009621477557
83700000	1.0092102794495252	1.293384825785283
83750000	1.0067461094992876	1.2969592726279342
83800000	1.004256427480263	1.300524162561104
83850000	1.0017414045651247	1.3040793653407958
83900000	0.9992012149731234	1.3076247604943012
83950000	0.9966360359872249	1.3111602371975994
84000000	0.9940460479715332	1.314685694130122
84050000	0.991431434388992	1.3182010393075685
84100000	0.9887923818193792	1.3217061898935258
84150000	0.9861290799775727	1.325201071990684
84200000	0.9834417217320797	1.328685620412496
84250000	0.9807305031238607	1.3321597784361607
84300000	0.9779956233853977	1.3356234975378427
84350000	0.9752372849600487	1.3390767371110754
84400000	0.9724556935216401	1.3425194641693134
84450000	0.9696510579943377	1.3459516530336164
84500000	0.9668235905727597	1.3493732850064644
84550000	0.9639735067423448	1.3527843480327082
84600000	0.961101025299967	1.3561848193187436
84650000	0.9582063683747899	1.359574194358693
84700000	0.9552897614493712	1.362951811202036
84750000	0.9523514333809985	1.3663171017697981
84800000	0.9493916164232504	1.3696695069012228
84850000	0.9464105462478059	1.3730084768619888
84900000	0.9434084619664601	1.3763334718150282
84950000	0.9403856061533865	1.3796439622541208
85000000	0.9373422248675909	1.3829394294005417
85050000	0.9342785676756086	1.386219365563127
85100000	0.9311948876743976	1.389483274462211
85150000	0.9280914415144502	1.3927306715179806
85200000	0.924968489423107	1.3959610841038559
85250000	0.9218262952280731	1.399174051765594
85300000	0.9186651263811416	1.402369126406875
85350000	0.9154852539821101	1.4055458724421883
85400000	0.9122869528028803	1.4087038669179117
85450000	0.9090705013117697	1.411842699602504
85500000	0.9058361816979844	1.4149619730468017
85550000	0.9025842798963043	1.4180613026154403
85600000	0.8993150856119135	1.4211403164904575
85650000	0.8960288923454416	1.4241986556481707
85700000	0.8927259974181514	1.4272359738104463
85750000	0.8894067019973105	1.430251937371493
85800000	0.8860713111217225	1.4332462253013414
85850000	0.8827201337274143	1.4362185290271616
85900000	0.879353482673492	1.439168552293601
85950000	0.8759716747681388	1.4420960110033094
86000000	0.8725750307947568	1.4450006330388188
86050000	0.869163875538266	1.4478821580669508
86100000	0.8657385378115174	1.4507403373268972
86150000	0.8622993504818648	1.4535749334031172
86200000	0.8588466504978267	1.4563857199841788
86250000	0.8553807789158965	1.459172481608643
86300000	0.8519020809274422	1.4619350133990756
86350000	0.8484109058857147	1.4646731207852375
86400000	0.844907607332951	1.4673866192174903
86450000	0.8413925430275518	1.4700753338714072
86500000	0.8378660749713481	1.4727390993445613
86550000	0.8343285694369099	1.4753777593464223
86600000	0.8307803969949142	1.4779911663822634
86650000	0.8272219325415542	1.480579181431939
86700000	0.8236535553259591	1.4831416736243614
86750000	0.8200756489776263	1.4856785199084674
86800000	0.8164886015338342	1.48818960472142
86850000	0.8128928054670369	1.4906748196547652
86900000	0.8092886577122008	1.4931340631192114
86950000	0.8056765596940576	1.4955672400086708
87000000	0.8020569173542845	1.4979742613641562
87050000	0.7984301411785334	1.5003550440380908
87100000	0.7947966462233377	1.5027095103595551
87150000	0.7911568521428082	1.5050375878009437
87200000	0.7875111832151304	1.5073384150177493
87250000	0.7838600683688112	1.5096108129954864
87300000	0.7802039412086281	1.5118545106879389
87350000	0.7765432400412527	1.5140692450826143
87400000	0.77287840790049	1.516254758611163
87450000	0.7692098925721048	1.5184107991921902
87500000	0.765538146618166	1.5205371202637576
87550000	0.7618636274008458	1.5226334808060547
87600000	0.75818679710565	1.5246996453547106
87650000	0.7545081227639666	1.526735384005201
87700000	0.7508280762749133	1.5287404724087759
87750000	0.7471471344263602	1.5307146917603354
87800000	0.7434657789150866	1.532657828778651
87850000	0.7397844963659808	1.5345696756793237
87900000	0.7361037783501739	1.536450030140849
87950000	0.7324241214020364	1.538298695264154
88000000	0.7287460270349124	1.5401154795259395
88050000	0.7250700017555096	1.541900196726174
88100000	0.7213965570768128	1.5436526659300494
88150000	0.7177262095293808	1.5453727114047031
88200000	0.714059480670956	1.5470601625510123
88250000	0.7103968970941721	1.548714853830727
88300000	0.7067389904322894	1.5503366246892307
88350000	0.7030862973627418	1.551925319474176
88400000	0.6994393596083726	1.5534807873502527
88450000	0.6957987239361847	1.5550028822103268
88500000	0.692164942153403	1.556491462583181
88550000	0.6885385711006856	1.5579463915380798
88600000	0.6849201726422648	1.5593675365863677
88650000	0.6813103136528311	1.5607547695803097
88700000	0.677709566000923	1.5621079666093634
88750000	0.6741185065285883	1.5634270078940742
88800000	0.6705377170271134	1.5647117776777737
88850000	0.666967784208521	1.5659621641162467
88900000	0.6634092996726239	1.5671780591655413
88950000	0.6598628598693189	1.5683593584680706
89000000	0.6563290660558685	1.569505961237162
89050000	0.652808524248875	1.570617770140199
89100000	0.6493018451706224	1.5716946911804888
89150000	0.6458096441894919	1.5727366335779929
89200000	0.6423325412541175	1.573743509649043
89250000	0.6388711608209402	1.574715234685166
89300000	0.6354261317748368	1.575651726831127
89350000	0.6319980873424267	1.576552906962307
89400000	0.6285876649977447	1.5774186985615137
89450000	0.6251955063598561	1.5782490275953258
89500000	0.6218222570820753	1.579043822390068
89550000	0.6184685667323655	1.5798030135074996
89600000	0.6151350886645407	1.5805265336203087
89650000	0.6118224798798798	1.581214317387485
89700000	0.6085314008787246	1.5818663013296543
89750000	0.6052625155016713	1.582482423704438
89800000	0.6020164907599439	1.5830626243819106
89850000	0.5987939966545303	1.5836067178141418
89900000	0.5955957059837	1.584114020206034
89950000	0.5924222941384553	1.584584501288708
90000000	0.5892744388855704	1.5850182335676486
90050000	0.586152820137778	1.585415287174931
90100000	0.5830581197107693	1.5857757299418946
90150000	0.5799910210665897	1.5860996274689207
90200000	0.5769522090431184	1.586387043192363
90250000	0.573942369569279	1.5866380384486634
90300000	0.5709621893656621	1.5868526725357006
90350000	0.5680123556302772	1.5870310027714112
90400000	0.5650935557091674	1.5871730845497218
90450000	0.5622064767516536	1.5872789713938418
90500000	0.5593518053500184	1.5873487150069532
90550000	0.556530227163442	1.5873823653203452
90600000	0.5537424265261149	1.5873799705390328
90650000	0.5509890860394101	1.5873415771849075
90700000	0.5482708861481171	1.5872672301374564
90750000	0.5455885047007601	1.5871569726720973
90800000	0.5429426164940799	1.5870108464961739
90850000	0.540333892801845	1.5868288917826436
90900000	0.5377630008881734	1.586611147201513
90950000	0.535230603505686	1.5863576499490513
91000000	0.5327373583788073	1.5860684357748283
91050000	0.5302839176726687	1.5857435390066157
91100000	0.5278709274481109	1.5853829925731904
91150000	0.5254990271033755	1.5849868280250803
91200000	0.5231688488031683	1.584555075553291
91250000	0.5208810168958488	1.5840877640060487
91300000	0.5186361473195938	1.5835849209036004
91350000	0.5164348469984885	1.583046572451104
91400000	0.5142777132295557	1.5824727435496448
91450000	0.5121653330618757	1.5818634578054154
91500000	0.5100982826689688	1.5812187375370879
91550000	0.5080771267157917	1.580538603781417
91600000	0.5061024177216985	1.5798230762971026
91650000	0.5041746954208682	1.5790721735669422
91700000	0.5022944861217524	1.5782859127983093
91750000	0.5004623020671798	1.5774643099219792
91800000	0.49867864079683716	1.5766073795893354
91850000	0.49694398451390276	1.5757151351679852
91900000	0.49525879945768353	1.574787588735806
91950000	0.49362353528414404	1.5738247510734515
92000000	0.4920386244562905	1.5728266316553423
92050000	0.4905044816463797	1.5717932386391604
92100000	0.4890215031519683	1.5707245788538737
92150000	0.48759006632784613	1.5696206577863108
92200000	0.48621052903588036	1.5684814795663027
92250000	0.4848832291148089	1.5673070469504147
92300000	0.4836084838720176	1.5660973613042812
92350000	0.48238658959927133	1.564852422583565
92400000	0.4812178211143786	1.5635722293135494
92450000	0.4801024313306734	1.5622567785673835
92500000	0.4790406508561577	1.5609060659429876
92550000	0.4780326876240643	1.559520085538631
92600000	0.477078726556502	1.5580988143190762
92650000	0.47617892926276567	1.5566420534335896
92700000	0.47533343377374104	1.555149894382599
92750000	0.47454235431375164	1.5536225267220072
92800000	0.4738057811110328	1.552060135254656
92850000	0.47312378024788365	1.5504629000898305
92900000	0.47249639355138395	1.548830996701025
92950000	0.47192363852542346	1.5471645959820002
93000000	0.4714055083245994	1.5454638643011682
93050000	0.47094197177038044	1.5437289635543288
93100000	0.4705329734097553	1.5419600512157932
93150000	0.47017843361640205	1.5401572803879202
93200000	0.4698782487342404	1.5383207998490935
93250000	0.46963229126303946	1.5364507541001697
93300000	0.469440410085584	1.5345472834094178
93350000	0.4693024307357216	1.5326105238559844
93400000	0.4692181557064398	1.5306406073719006
93450000	0.46918736479696604	1.5286376617826614
93500000	0.4692098154977014	1.5266018108463988
93550000	0.46928524341168165	1.5245331742916706
93600000	0.4694133627110839	1.52243186785389
93650000	0.4695938666271832	1.5202980033104152
93700000	0.4698264279720389	1.518131688514322
93750000	0.47011069969007835	1.5159330274268787
93800000	0.47044631543764537	1.5137021201487464
93850000	0.4708328901885034	1.51143906294992
93900000	0.47127002086320813	1.5091439482984332
93950000	0.4717572869801972	1.5068168648878455
94000000	0.4722942513264138	1.5044578976635272
94050000	0.4728804606452436	1.5020671278477662
94100000	0.47351544633951587	1.4996446329637068
94150000	0.47419872518733125	1.4971904868581463
94200000	0.47492980006847196	1.494704759723201
94250000	0.4757081606991723	1.4921875181168616
94300000	0.47653328437306625	1.4896388249824537
94350000	0.4774046367061509	1.487058739667022
94400000	0.4783216723836834	1.484447317938653
94450000	0.47928383590695167	1.4818046120027566
94500000	0.4802905623379754	1.4791306705173173
94550000	0.48134127804022425	1.4764255386071403
94600000	0.4824354014135549	1.4736892578771033
94650000	0.4835723436216428	1.470921866424432
94700000	0.4847515093102838	1.4681233988500213
94750000	0.48597229731504366	1.4652938862688156
94800000	0.48723410135680784	1.4624333563192682
94850000	0.48853631072394044	1.4595418331718981
94900000	0.4898783109398045	1.4566193375369665
94950000	0.49125948441454514	1.453665886671286
95000000	0.49267921108012996	1.4506814943841932
95050000	0.49413686900773585	1.4476661710426972
95100000	0.4956318350066916	1.444619923575831
95150000	0.49716348520427744	1.4415427554782296
95200000	0.49873119560577966	1.4384346668129562
95250000	0.5003343426343125	1.4352956542136084
95300000	0.5019723036499788	1.4321257108857224
95350000	0.5036444574480767	1.4289248266075165
95400000	0.5053501847360933	1.4256928481077902
95450000	0.507088868589359	1.4224295926419526
95500000	0.5088598948852724	1.4191353094507466
95550000	0.5106626527160967	1.4158102579467775
95600000	0.5124965347803981	1.41245469338419
95650000	0.5143609377532548	1.4090688669041405
95700000	0.516255262635424	1.405653025578951
95750000	0.5181789150817021	1.402207412454972
95800000	0.5201313057087809	1.3987322665941888
95850000	0.522111850382933	1.3952278231145923
95900000	0.5241199704878863	1.3916943132293482
95950000	0.5261550931733299	1.3881319642847925
96000000	0.5282166515844557	1.3845409997972762
96050000	0.5303040850730503	1.3809216394888904
96100000	0.5324168393905981	1.3772740993220998
96150000	0.5345543668639233	1.3735985915333084
96200000	0.5367161265539067	1.3698953246653898
96250000	0.5389015843978179	1.3661645035992038
96300000	0.5411102133358242	1.3624063295841353
96350000	0.5433414934222277	1.3586210002676773
96400000	0.5455949119220133	1.3548087097240922
96450000	0.5478699633932785	1.350969648482179
96500000	0.5501661497560999	1.3471040035521795
96550000	0.5524829803484271	1.3432119584518554
96600000	0.5548199719695508	1.339293693231769
96650000	0.5571766489117256	1.3353493844998028
96700000	0.559552542980485	1.3313792054449576
96750000	0.5619471935041942	1.3273833258604637
96800000	0.5643601473333891	1.3233619121662477
96850000	0.5667909588304145	1.3193151274307997
96900000	0.5692391898498832	1.3152431313924822
96950000	0.5717044097104452	1.3111460804803348
97000000	0.5741861951583684	1.3070241278344201
97050000	0.5766841303234072	1.302877423325772
97100000	0.5791978066673991	1.2987061135760003
97150000	0.5817268229260643	1.2945103419766166
97200000	0.584270785044412	1.2902902487081502
97250000	0.5868293061061981	1.2860459707591252
97300000	0.589402006257821	1.2817776419449762
97350000	0.5919885126270361	1.27748539292699
97400000	0.5945884592368851	1.2731693512313602
97450000	0.5972014869151786	1.2688296412684539
97500000	0.599827243199887	1.2644663843523989
97550000	0.6024653822407586	1.260079698721102
97600000	0.6051155646974906	1.255669699556824
97650000	0.6077774576347587	1.2512364990074443
97700000	0.610450734414368	1.2467802062085631
97750000	0.6131350745848375	1.2423009273065935
97800000	0.6158301637686405	1.2377987654830178
97850000	0.6185356935473885	1.233273820979993
97900000	0.6212513613451666	1.2287261911275023
97950000	0.6239768703102568	1.224155970372275
98000000	0.6267119291954697	1.21956325030871
98050000	0.6294562522372731	1.2149481197120564
98100000	0.6322095590339282	1.2103106645741384
98150000	0.6349715744227927	1.205650968141918
98200000	0.6377420283569833	1.2009691109592384
98250000	0.6405206557815604	1.1962651798175559
98300000	0.6433071965093621	1.1915400412693375
98350000	0.6461013950966742	1.186794463775548
98400000	0.6489030007188316	1.1820287808474723
98450000	0.6517117670459137	1.1772433279959098
98500000	0.6545274521186405	1.172438442847312
98550000	0.6573498182245723	1.1676144652609899
98600000	0.6601786317747451	1.162771737447378
98650000	0.6630136631808253	1.1579106040873484
98700000	0.6658546867328873	1.1530314124525507
98750000	0.6687014804778856	1.1481345125267457
98800000	0.6715538260989355	1.1432202571280916
98850000	0.6744115087954531	1.138289002032332
98900000	0.677274317164232	1.1333411060968168
98950000	0.6801420430815397	1.1283769313852803
99000000	0.6830144815862812	1.1233968432932833
99050000	0.6858914307642952	1.1184012106742085
99100000	0.6887726916338441	1.1133904059656818
99150000	0.6916580680323304	1.1083648053162796
99200000	0.694547366504319	1.1033247887123474
99250000	0.6974403961908741	1.0982707401047467
99300000	0.7003369687202812	1.093203047535314
99350000	0.7032368981001773	1.0881221032627912
99400000	0.7061400006111267	1.0830283038879576
99450000	0.7090460947016872	1.0779220504776594
99500000	0.711955000884972	1.0728037486874036
99550000	0.7148665416367661	1.0676738088821334
99600000	0.7177805412952037	1.0625326462547777
99650000	0.7206968259620297	1.0573806809421025
99700000	0.7236152234054882	1.0522183381373607
99750000	0.7265355629648196	1.0470460481991721
99800000	0.7294576754564381	1.0418642467560097
99850000	0.732381393081752	1.036673374805608
99900000	0.7353065493366798	1.031473878808537
99950000	0.7382329789228634	1.026266210775113
100000000	0.741160517660588	1.0210508283447357