0	0.6225018907922314	0.6225018907922314
50000	0.6059208090658617	0.6059372758842452
100000	0.5899080205929719	0.5899744105280178
150000	0.5745478053431216	0.5746984783210526
200000	0.5599256302759948	0.5601950482723871
250000	0.5461272635702537	0.5465504676203861
300000	0.5332376559763434	0.5338496812578097
350000	0.5213395781301065	0.5221724655404054
400000	0.5105120217244675	0.5115995802049983
450000	0.5008283985644595	0.5022026541764424
500000	0.49235460325254354	0.49404140053734946
550000	0.4851470390425496	0.48717014115521434
600000	0.4792507366483179	0.48163217703974803
650000	0.47469771549224393	0.477454907693521
700000	0.47150573917965216	0.47464960451616195
750000	0.4696775973272203	0.47321544409396066
800000	0.46920100402045023	0.47313465758894924
850000	0.4700491442307732	0.47437475545738045
900000	0.4721818332443458	0.4768914069079386
950000	0.4755471925425285	0.4806304049015077
1000000	0.4800836995487454	0.485531041091824
1050000	0.48572244510664764	0.49152152469670235
1100000	0.49238943286921044	0.49852106385071937
1150000	0.5000077752510464	0.5064500427840254
1200000	0.5084996742635958	0.5152313321264972
1250000	0.5177881145476654	0.5247912113959895
1300000	0.527798233450022	0.5350602336436555
1350000	0.5384583644626042	0.5459688341528269
1400000	0.5497007735633958	0.55744389464232
1450000	0.5614621227660026	0.5694197556659307
1500000	0.5736837025959172	0.5818384444944779
1550000	0.5863114769736506	0.5946488046574232
1600000	0.5992959819002551	0.6078056351308551
1650000	0.6125921149914992	0.6212688162198177
1700000	0.6261588475187451	0.6349993625234365
1750000	0.6399588850403158	0.6489569561655171
1800000	0.6539582974762462	0.6631060400063308
1850000	0.6681261348727842	0.6774156740688089
1900000	0.6824340412283182	0.691858674015773
1950000	0.696855875607031	0.7064108498744491
2000000	0.7113673472856881	0.721050314956468
2050000	0.7259456697687081	0.7357567879731159
2100000	0.7405692370651361	0.7505095584212189
2150000	0.7552173245509862	0.7652874130529099
2200000	0.7698698159548009	0.7800693472386346
2250000	0.7845069574298074	0.7948343786802837
2300000	0.7991091392525631	0.8095616795482853
2350000	0.8136567053680693	0.8242309058053916
2400000	0.8281297907484465	0.8388227363177911
2450000	0.8425081863193662	0.853319625717954
2500000	0.8567712310163751	0.8677069316095773
2550000	0.8708977303492179	0.8819701263785874
2600000	0.8848659006688336	0.8960837000010065
2650000	0.8986533381454382	0.9100177153800475
2700000	0.9122370112769898	0.9237409699483004
2750000	0.925593275557707	0.9372235000285547
2800000	0.9386979087503319	0.9504393888467343
2850000	0.9515261650288447	0.9633695643896135
2900000	0.9640528460962646	0.9760041803640185
2950000	0.9762523872411031	0.9883401047289168
3000000	0.9880989561817425	1.000348234605045
3050000	0.999566562465592	1.011983592282994
3100000	1.0106291751435028	1.0232035529241459
3150000	1.0212608464324946	1.0339711839364927
3200000	1.0314358391129774	1.0442574473537443
3250000	1.0411287554804936	1.054042207539287
3300000	1.0503146657852116	1.0633140957511955
3350000	1.0589692342423709	1.072069452217023
3400000	1.0670688408796356	1.0802969323868927
3450000	1.0745906976979311	1.0879534038185281
3500000	1.0815129578550045	1.0950087382180904
3550000	1.087814816829311	1.1014376073435528
3600000	1.0934766047791908	1.10721873761426
3650000	1.098479869571996	1.1123344029270605
3700000	1.1028074502133078	1.1167697252915576
3750000	1.1064435406516187	1.1205118877542974
3800000	1.109373744163372	1.1235493319848096
3850000	1.1115851187323806	1.1258689084955864
3900000	1.113066214022563	1.127439099395454
3950000	1.1138071007007573	1.128256462607755
4000000	1.1137993929951788	1.1283243795690656
4050000	1.1130362654738002	1.1276441410495597
4100000	1.1115124650955095	1.1262150244081373
4150000	1.109224319625899	1.1240343351143989
4200000	1.1061697435204016	1.1210974144284316
4250000	1.1023482423621345	1.117397616072003
4300000	1.0977609169027296	1.1129262553704178
4350000	1.092410467694418	1.107672531923726
4400000	1.0863012012238893	1.1016258483315944
4450000	1.0794390383661803	1.0948025250892204
4500000	1.0718315258735822	1.087226903804171
4550000	1.0634878515036488	1.078919837558742
4600000	1.0544188632753326	1.0698990678721712
4650000	1.0446370932264055	1.060179540451888
4700000	1.0341567859318217	1.049773677378937
4750000	1.022993931934695	1.03869162344382
4800000	1.0111663061418288	1.0269414858532433
4850000	0.9986935111468579	1.0145295897611248
4900000	0.9855970253682036	1.0014621923736056
4950000	0.9719002558277898	0.9877698740836021
5000000	0.9576285953509107	0.9734883680150703
5050000	0.942809483937773	0.9586498658651408
5100000	0.9274724740420038	0.9432867921872377
5150000	0.9116492994881431	0.9274321322883305
5200000	0.8953739477640186	0.9111196980119115
5250000	0.8786827354275992	0.8943843173406382
5300000	0.861614386360503	0.8772619273109206
5350000	0.8442101125666642	0.8597895435953048
5400000	0.8265136971342184	0.8420050754049995
5450000	0.8085715788243794	0.8239507150574547
5500000	0.7904329374881655	0.805686300610188
5550000	0.7721497790967082	0.7872545195269793
5600000	0.7537770185502944	0.7687028325277042
5650000	0.7353725575424185	0.7500877408564285
5700000	0.7169973535269543	0.7314739880573446
5750000	0.6987154741938713	0.7129327596522681
5800000	0.680594129729999	0.6945387820201495
5850000	0.6627036724717609	0.6763664176485865
5900000	0.6451175503309767	0.6584851203752472
5950000	0.6279121966483322	0.6409548953783899
6000000	0.6111668350725523	0.6238305289460244
6050000	0.5949631740175156	0.6071946914841595
6100000	0.5793849617861669	0.5911387129497037
6150000	0.5645173714238033	0.5757613444551988
6200000	0.5504461849308355	0.5611634334444437
6250000	0.5372567510325408	0.5474420135003291
6300000	0.5250327007541069	0.5346854356644056
6350000	0.5138544218112481	0.5229700210776481
6400000	0.5037973167670886	0.5123583791825825
6450000	0.49492990011733956	0.5028992414366014
6500000	0.48731182311187676	0.4946412732431144
6550000	0.48099194722086114	0.487666599803019
6600000	0.4760066110189333	0.4820217242233157
6650000	0.47237824377814175	0.4777361973879994
6700000	0.47011446669290313	0.47482414117006344
6750000	0.4692077876110384	0.473283780456987
6800000	0.4696359407946325	0.47309789734065144
6850000	0.47136285804069883	0.4742350814930389
6900000	0.474340193078875	0.4766516093125895
6950000	0.478509269163284	0.4802937576193663
7000000	0.483803288613308	0.48510035017911735
7050000	0.4901496359253534	0.49101477869357324
7100000	0.4974721207506387	0.49796491903822704
7150000	0.5056930373395946	0.5058569001636506
7200000	0.5147349551657772	0.5146024635163405
7250000	0.5245221940593376	0.5241195448443167
7300000	0.5349819709399978	0.5343324525325174
7350000	0.5460452312037183	0.5451718506470656
7400000	0.5576471952171012	0.5565745849343582
7450000	0.5697276599690133	0.5684833845973902
7500000	0.5822310992982871	0.580846465259777
7550000	0.5951066050754042	0.5936170498682587
7600000	0.6083077079395891	0.6067522302034594
7650000	0.6217921110268355	0.6202039834608697
7700000	0.6355213645379738	0.6339241629229218
7750000	0.6494605036142724	0.6478713748692096
7800000	0.6635776671632516	0.6620098559462337
7850000	0.6778437111646998	0.6763084846124381
7900000	0.692231826613113	0.6907399334348578
7950000	0.7067171695686459	0.7052799325320068
8000000	0.721276508706907	0.7199066157653157
8050000	0.7358878941774529	0.7345999220471465
8100000	0.7505303504019031	0.7493410242205897
8150000	0.7651835945746143	0.7641117393924982
8200000	0.7798277819940231	0.7788933211534759
8250000	0.7944432788866985	0.7936676547649508
8300000	0.8090104630375994	0.8084151931209125
8350000	0.8235095522690279	0.8231140464057298
8400000	0.8379204605875495	0.8377403072974983
8450000	0.8522226816210763	0.8522686703979923
8500000	0.8663951987827472	0.8666733903019286
8550000	0.8804164214151955	0.8809296018447733
8600000	0.8942641459835353	0.8950149859551574
8650000	0.9079155411970853	0.9089117029375652
8700000	0.921347155749982	0.9226084348589603
8750000	0.934534947183155	0.9361021221333422
8800000	0.9474543301896606	0.9493832185316778
8850000	0.9600802425178443	0.9624158876359575
8900000	0.9723872264783886	0.9751573198730266
8950000	0.9843495239378266	0.9875636398479085
9000000	0.9959411825880007	0.9995937631536849
9050000	1.0071361712226599	1.0112128990469007
9100000	1.01790850173225	1.0223952014635571
9150000	1.0282323555480464	1.0331252195802665
9200000	1.0380822123276465	1.0433980268752459
9250000	1.0474329787747028	1.0532181451591907
9300000	1.056260115624338	1.0625786281374052
9350000	1.0645397609984566	1.0714265314816271
9400000	1.072248848537467	1.0797236027418542
9450000	1.0793652189412106	1.0874370831056588
9500000	1.085867723795952	1.0945394676730702
9550000	1.0917363208195012	1.101008357196184
9600000	1.0969521599162124	1.1068258757327476
9650000	1.1014976596911064	1.1119778297984935
9700000	1.1053565743215192	1.1164527487410063
9750000	1.108514050919758	1.120240905893302
9800000	1.1109566777363602	1.1233333832180197
9850000	1.1126725237465718	1.1256986644400293
9900000	1.1136511703294119	1.127313122771068
9950000	1.1138837358869176	1.1281810158618915
10000000	1.1133628943595728	1.1283045867966146
10050000	1.1120828886720981	1.1276841409462377
10100000	1.1100395401921213	1.1263180973495253
10150000	1.1072302553039262	1.124203006404433
10200000	1.1036540301922604	1.1213335358309215
10250000	1.0993114548994007	1.1177024276232792
10300000	1.0942047176650225	1.113300429239664
10350000	1.0883376104860016	1.108116202833131
10400000	1.0817155367452878	1.1021354613417937
10450000	1.0743455216588527	1.09536525578301
10500000	1.066236226180895	1.087833313677749
10550000	1.0573979648933807	1.0795641782176115
10600000	1.047842728290024	1.0705791205878166
10650000	1.037584209750224	1.0608964998752415
10700000	1.0266378373883975	1.0505320672934642
10750000	1.0150208108614858	1.039499232241229
10800000	1.0027521431248025	1.0278093080627413
10850000	0.9898527070461661	1.0154717572210683
10900000	0.9763452867221828	1.0024944592375327
10950000	0.9622546332899247	0.9888840306762182
11000000	0.9476075249923971	0.9746603014184712
11050000	0.9324328312365037	0.9598706972378003
11100000	0.9167615803755118	0.9445481561738193
11150000	0.90062703095029	0.9287260474597737
11200000	0.8840647461283315	0.9124391173015172
11250000	0.8671126710771536	0.8957237977270861
11300000	0.8498112129853257	0.8786184116001594
11350000	0.8322033233815214	0.8611632346831672
11400000	0.8143345822746947	0.8434003652209464
11450000	0.7962532834146215	0.8253733437066804
11500000	0.7780105196109397	0.8071264640551763
11550000	0.7596602665003223	0.7887051128948123
11600000	0.7412594623557802	0.7701717741569423
11650000	0.7228680804205162	0.7515745804790681
11700000	0.7045491887468657	0.7329649313382727
11750000	0.6863689905545628	0.7144058346811306
11800000	0.668396835630013	0.6959705335804577
11850000	0.6507051902385184	0.6777398191286447
11900000	0.6333695494429886	0.6597980643340624
11950000	0.6164682717439802	0.6422283145947045
12000000	0.60008231185673	0.6251070884192659
12050000	0.584294823712572	0.608499772845646
12100000	0.5691906031745757	0.592457645466392
12150000	0.5548553395519309	0.5770510247410362
12200000	0.5413746481228389	0.5623818394779253
12250000	0.5288328640180366	0.5485497072977494
12300000	0.5173115923333189	0.535654642710308
12350000	0.5068880310038886	0.5237912565708198
12400000	0.4976331113861731	0.5130441238398614
12450000	0.4896095344807631	0.5034845731338984
12500000	0.482869813988157	0.49516890163325367
12550000	0.4774544646768909	0.48813784512941166
12600000	0.4733904886932237	0.4824170462621883
12650000	0.47069030716869564	0.478028401125747
12700000	0.46935125658296256	0.4750193158960572
12750000	0.46935572046375235	0.47338723866551097
12800000	0.47067190411160337	0.4731110530493466
12850000	0.47325519403977595	0.4741571097284018
12900000	0.4770499867230059	0.47648046034123853
12950000	0.4819918328016011	0.4800265738012353
13000000	0.488009728067615	0.4847333698325203
13050000	0.4950283907828681	0.4905333989382197
13100000	0.5029703910042479	0.49735601183470884
13150000	0.5117580340634758	0.5051293895250475
13200000	0.5213149394983861	0.5137833169437471
13250000	0.5315672924824443	0.5232523658119118
13300000	0.5424447734337753	0.5334482699328265
13350000	0.5538811916000823	0.5442863769231381
13400000	0.5658148603618076	0.5556916839049845
13450000	0.5781887571610719	0.5675979642497465
13500000	0.5909505111394359	0.5799468765955976
13550000	0.6040522585018883	0.5926870829659249
13600000	0.6174504007796843	0.6057733895899327
13650000	0.6311052956295139	0.6191659129939034
13700000	0.6449809043095688	0.6328292645688609
13750000	0.6590444149453141	0.6467317384441497
13800000	0.6732658563494663	0.6608444117138313
13850000	0.687617713553126	0.6751339507892178
13900000	0.7020745533085937	0.6895666174890097
13950000	0.7166126655606547	0.7041140946073348
14000000	0.7312097251534135	0.7187507382906353
14050000	0.7458444767427951	0.7334529915635137
14100000	0.7604964449264863	0.7481989375410014
14150000	0.7751456709013118	0.7629679771165885
14200000	0.7897724764441937	0.7777406201223402
14250000	0.8043572556315299	0.7924983819567667
14300000	0.8188802944197536	0.8072237792212243
14350000	0.8333216179739961	0.8219004175965002
14400000	0.8476608654282684	0.8365147806287277
14450000	0.8618771915725584	0.851054884247543
14500000	0.8759491947790534	0.8654994495620114
14550000	0.8898548702954584	0.879821818201753
14600000	0.903571587845936	0.8939912300752783
14650000	0.9170760922905361	0.907974428074779
14700000	0.9303445259050923	0.9217378303778065
14750000	0.9433524706601911	0.9352501848945662
14800000	0.9560750087054922	0.9484854942390353
14850000	0.9684867991104776	0.9614258722610378
14900000	0.9805621687806574	0.9740639029161153
14950000	0.9922752153648959	0.9864040600246586
15000000	1.0035999198996737	0.9984487438101592
15050000	1.0145102669034856	1.0101528550308168
15100000	1.0249803696416542	1.021467923984763
15150000	1.034984598329686	1.0323480026739726
15200000	1.0444977091315595	1.0427524508014892
15250000	1.0534949719361368	1.0526481793221123
15300000	1.0619522950572051	1.0620106971308867
15350000	1.0698463451960625	1.070824049299431
15400000	1.0771546612247995	1.079079881971685
15450000	1.0838557605875652	1.086775934688326
15500000	1.0899292373694083	1.0939089238097726
15550000	1.0953558513413226	1.1004300327195269
15600000	1.1001176075489931	1.1063102088076207
15650000	1.1041978262652097	1.1115310778337497
15700000	1.1075812033660903	1.116076469874025
15750000	1.1102538614139013	1.1199320912510422
15800000	1.1122033919300813	1.1230850903410934
15850000	1.1134188895175066	1.1255235706078404
15900000	1.1138909786385784	1.1272360870237585
15950000	1.1136118339737415	1.1282111481993273
16000000	1.1125751953728906	1.1284367360742737
16050000	1.1107763784699052	1.1278995065883102
16100000	1.1082122820592368	1.1265696793121307
16150000	1.104881393334634	1.1244489933287292
16200000	1.100783792065882	1.1215543710217755
16250000	1.0959211547424639	1.117899134642193
16300000	1.090296759646283	1.113493342354614
16350000	1.0839154937322206	1.1083440580483876
16400000	1.0767838620986714	1.102455564462702
16450000	1.06891000072379	1.095829529350283
16500000	1.0603036930303777	1.088465134775904
16550000	1.0509763907266372	1.0803591805047938
16600000	1.040941239254591	1.0715061740902734
16650000	1.0302131080661667	1.0618997300162203
16700000	1.018808625841581	1.0515569181257545
16750000	1.006746220668561	1.0405102272034314
16800000	0.9940461651165722	1.02878928976446
16850000	0.9807306260693814	1.016421695425274
16900000	0.9668237191237121	1.0034333468662988
16950000	0.9523515673218007	0.9898487737975185
17000000	0.9373423639613171	0.9756914190571568
17050000	0.9218264392156109	0.9609839109436685
17100000	0.9058363302971346	0.9457483370022117
17150000	0.8894068549018634	0.9300065368758909
17200000	0.8725751876735244	0.9137804356680055
17250000	0.8553809394117096	0.897105557174587
17300000	0.8378662387000309	0.8800390543980575
17350000	0.8200758155269232	0.8626142377425391
17400000	0.8020570862827975	0.8448681931106017
17450000	0.7838602392049	0.8268435544031131
17500000	0.7655383188588639	0.8085887359414669
17550000	0.7471473075363252	0.7901577633975414
17600000	0.7287462004454386	0.771609546454246
17650000	0.7103970702023268	0.7530064450505136
17700000	0.6921651143213411	0.7344120319488316
17750000	0.6741186770831697	0.7158880632444268
17800000	0.6563292342886861	0.6974908415741683
17850000	0.6388713259889361	0.67927222447358
17900000	0.6218224184089486	0.6613019806105191
17950000	0.6052626721803442	0.6436535357802323
18000000	0.5892745900819849	0.6264122678704305
18050000	0.5739425144278636	0.6096727558321018
18100000	0.559351943001131	0.5935331268747256
18150000	0.5455886342704229	0.5780891315654607
18200000	0.5327374790009292	0.5634288634892223
18250000	0.5208811277269868	0.5496289076423537
18300000	0.510098382905492	0.5367523808684483
18350000	0.5004623909643404	0.5248491695705315
18400000	0.4920387013484246	0.5139990441445131
18450000	0.48488329343551284	0.5042982208425348
18500000	0.47904070215702155	0.4958200608807499
18550000	0.4745423922800963	0.48862652944422336
18600000	0.471405532786709	0.4827652092237421
18650000	0.4696323022016927	0.4782674631722479
18700000	0.4692098130432942	0.4751476927336299
18750000	0.47011068411529033	0.4734035892331502
18800000	0.47229422303300317	0.47301723924690886
18850000	0.4757081202000859	0.47395691564202364
18900000	0.48029051023630015	0.4761793659468707
18950000	0.4859722342814922	0.47965003630143316
19000000	0.49267913783063677	0.4843115819215884
19050000	0.5003342599090582	0.49007872443376255
19100000	0.5088598034301082	0.49686696651298307
19150000	0.5181788156325231	0.5045938590323448
19200000	0.5282165448547764	0.5131800407957245
19250000	0.5389014710694675	0.5225500411744135
19300000	0.5501660304728084	0.5326328507863815
19350000	0.5619470688677044	0.5433622760833536
19400000	0.5741860657266578	0.5546770994814724
19450000	0.5868291723934013	0.5665210677770363
19500000	0.599827105677533	0.5788423865997887
19550000	0.613134933684063	0.5915842557379541
19600000	0.6267117853099266	0.6046870641242891
19650000	0.6405205092707763	0.6180992351206834
19700000	0.6545273033116493	0.6317764399778646
19750000	0.6687013296769868	0.6456804436096644
19800000	0.683014329070814	0.6597780938578294
19850000	0.6974402422209207	0.6740404274154573
19900000	0.7119548457049298	0.6884418643151609
19950000	0.726535406806797	0.7029594617203649
20000000	0.741160360747599	0.7175721962049705
20050000	0.7558090125773369	0.7322602414346477
20100000	0.7704612652388205	0.7470031339981082
20150000	0.7850973747473001	0.7617786862550817
20200000	0.7996977330111084	0.7765673015345461
20250000	0.8142426785020171	0.7913484237748187
20300000	0.8287123347331274	0.8061003154939499
20350000	0.8430864762905068	0.8208002529769237
20400000	0.8573444219731142	0.83542496115195
20450000	0.8714649544118015	0.8499513180969798
20500000	0.8854262653545715	0.8643573476901025
20550000	0.899205925618912	0.8786234943182222
20600000	0.9127808785228751	0.8927341328664178
20650000	0.9261274554168987	0.9066792099370694
20700000	0.9392214117527601	0.9204543942614659
20750000	0.9520379819494525	0.9340386612719276
20800000	0.9645519511544957	0.9473951075038424
20850000	0.9767377418590827	0.960482515517925
20900000	0.9885695132123276	0.97325878176522
20950000	1.0000212707989162	0.9856846176010597
21000000	1.011066984599531	0.9977270769724669
21050000	1.0216807128476717	1.00936239472743
21100000	1.03183672953125	1.020577707812989
21150000	1.0415096533627923	1.0313714277983237
21200000	1.0506745761568694	1.0417522810946722
21250000	1.0593071887047043	1.051704904361201
21300000	1.0673839024199312	1.0611744448786724
21350000	1.0748819652410846	1.070119859901686
21400000	1.0817795705098279	1.0785052712029637
21450000	1.0880559577927826	1.086300795794931
21500000	1.0936915048724196	1.093482579798891
21550000	1.0986678103920942	1.1000322502686672
21600000	1.102967766895521	1.1059359992988531
21650000	1.1065756242456635	1.1111834831256187
21700000	1.1094770436367913	1.1157666734595133
21750000	1.1116591426217024	1.119676584732769
21800000	1.113110531759939	1.1228698706480884
21850000	1.1138213436495568	1.1253321715833253
21900000	1.1137832552325593	1.1270630094592655
21950000	1.1129895043616496	1.1280606318624973
22000000	1.11143490168328	1.1283219893496088
22050000	1.109115838929836	1.1278426851732903
22100000	1.1060302947235316	1.126616899402839
22150000	1.1021778389782582	1.1246372895753878
22200000	1.097559636945604	1.1218948699834455
22250000	1.0921784538905168	1.1183788716532954
22300000	1.0860386613036521	1.1140765851458023
22350000	1.0791462454646787	1.108970179531663
22400000	1.071508819067192	1.103069716658345
22450000	1.0631356365047084	1.0964017340790284
22500000	1.0540376133021037	1.0889889567563364
22550000	1.0442273500609887	1.0808507136235677
22600000	1.0337191611741916	1.0720032901908594
22650000	1.0225291084568326	1.062460223178745
22700000	1.0106750397420836	1.0522325538458737
22750000	0.9981766324013758	1.0413290569168931
22800000	0.9850554416734705	1.0297564636262495
22850000	0.9713349536261924	1.01751970068549
22900000	0.9570406425297332	1.0046221724433702
22950000	0.9422000323911259	0.9910790196558978
23000000	0.9268427623848747	0.9769361981665954
23050000	0.9110006559117942	0.96222668398226
23100000	0.8947077930221842	0.9469830069143044
23150000	0.8780005859429334	0.9312383620999974
23200000	0.8609178574399854	0.9150269289676116
23250000	0.8435009217125076	0.8983841157245954
23300000	0.8257936674322182	0.8813467069099012
23350000	0.8078426423833938	0.8639528836020169
23400000	0.7896971388909315	0.8462420787281013
23450000	0.7714092788015184	0.8282546254671697
23500000	0.7530340961528037	0.810032804038146
23550000	0.7346296147643457	0.7916393490261702
23600000	0.7162569167406535	0.7731195542530472
23650000	0.6979801962156347	0.7545198975953216
23700000	0.6798667905179325	0.7358976293868019
23750000	0.6619871782444677	0.7173200393888641
23800000	0.644414930481871	0.6988625808851908
23850000	0.6272265976712946	0.6806057441693634
23900000	0.6105015105481113	0.6626308036561206
23950000	0.5943214695528449	0.6450148641447568
24000000	0.5787702936857229	0.6278259288826048
24050000	0.5639331978313635	0.6111189003876678
24100000	0.5498959682805403	0.5949491350864958
24150000	0.5367439109365312	0.5794133415176432
24200000	0.5245605569946623	0.5646091482308547
24250000	0.5134261279336851	0.5506379629610204
24300000	0.5034157858801647	0.5375994354926164
24350000	0.4945977258263641	0.5255860394288375
24400000	0.4870311998763343	0.5146789850058129
24450000	0.4807645956001859	0.504945647529332
24500000	0.47583371395677404	0.49643843952304856
24550000	0.4722604000077626	0.48919488680181555
24600000	0.4700516663659703	0.4832419223753836
24650000	0.4691994133899107	0.4786397292797828
24700000	0.4696807951545666	0.4754132464354521
24750000	0.4714592148295818	0.47356029335776023
24800000	0.4744858689709875	0.47306468125340584
24850000	0.478701708941394	0.47389680843632453
24900000	0.4840396574580193	0.4760149315604539
24950000	0.4904269120919446	0.4793669610137699
25000000	0.49778718298482794	0.48389260278187723
25050000	0.5060427428246306	0.48952566412472714
25100000	0.5151162053864309	0.4961963553609472
25150000	0.5249319874533992	0.5038334614235855
25200000	0.5354174424189012	0.5123733033149692
25250000	0.5465036794913662	0.5217326227042498
25300000	0.5581260994857764	0.5318204930071134
25350000	0.5702246874958825	0.5425554076970723
25400000	0.5827441058973338	0.5538646543362794
25450000	0.595633629949859	0.5656836053073554
25500000	0.6088469644105312	0.5779549657349012
25550000	0.6223419743709384	0.5906280052064706
25600000	0.6360803579429689	0.6036577876216537
25650000	0.6500272830534926	0.6170044027422211
25700000	0.6641510058102277	0.6306321933976401
25750000	0.6784224838184248	0.6445089632225727
25800000	0.6928149944832764	0.6586007878764872
25850000	0.7073037656751576	0.6728695034215835
25900000	0.7218656240751126	0.687283241497511
25950000	0.7364786649557626	0.7018137112077337
26000000	0.7511219459880271	0.7164354515140803
26050000	0.7657752068069135	0.7311252477769684
26100000	0.7804186154428168	0.745861672478939
26150000	0.7950325422642786	0.7606247326479364
26200000	0.8095973617335289	0.7753956096988481
26250000	0.8240932820075056	0.7901564796086417
26300000	0.8385002021952845	0.8048904024287864
26350000	0.8527975968864907	0.8195817847562
26400000	0.8669644273799064	0.8342184646460541
26450000	0.8809790788584652	0.8487823358690563
26500000	0.894819322571409	0.8632497525197478
26550000	0.9084623018959707	0.8775928406072521
26600000	0.9218845409610844	0.8917806599597405
26650000	0.9350619743281297	0.9057808931620444
26700000	0.9479699960436593	0.9195620525447008
26750000	0.9605835262121648	0.9330960974618466
26800000	0.972877093089436	0.9463612335924737
26850000	0.9848249285747142	0.95934454884368
26900000	0.9964010748880648	0.9720440633926503
26950000	1.0075795001625818	0.9844678496152273
27000000	1.0183342206625197	0.9965922098425269
27050000	1.0286394273601565	1.008368270802885
27100000	1.0384696146667183	1.0197486626541166
27150000	1.047799709215131	1.030689313774761
27200000	1.056605196732379	1.0411525271320974
27250000	1.0648622452133265	1.051108924230519
27300000	1.0725478228112053	1.0605381708306847
27350000	1.0796398090871508	1.0694286059910347
27400000	1.0861170985057447	1.0777760361962017
27450000	1.0919596953190946	1.0855820121138395
27500000	1.097148799241681	1.0928205987218562
27550000	1.101666881575464	1.0994443844106752
27600000	1.1054977516934774	1.1054309427842532
27650000	1.1086266140244876	1.1107606846907256
27700000	1.1110401158966057	1.1154166144686022
27750000	1.1127263867897104	1.1193839115801492
27800000	1.1136750697121989	1.1226494089660912
27850000	1.1138773455546287	1.1252010263128407
27900000	1.1133259513799838	1.1270271968146872
27950000	1.1120151936872762	1.1281163103600191
28000000	1.1099409577323363	1.1284561843654388
28050000	1.1071007140082116	1.1280253491777732
28100000	1.1034935229793232	1.1268017109472568
28150000	1.0991200391308193	1.1247999906058859
28200000	1.0939825153400928	1.1220333759357723
28250000	1.0880848085043158	1.118511785264789
28300000	1.0814323872692955	1.1142421402115181
28350000	1.0740323426044118	1.10922858044159
28400000	1.0658934018592896	1.1034726286291108
28450000	1.0570259468236087	1.0969733142546225
28500000	1.0474420361954904	1.0897272655116224
28550000	1.03715543274942	1.0817287797409345
28600000	1.0261816353848352	1.0729698972536803
28650000	1.014537916134208	1.0634532771872207
28700000	1.0022433621173055	1.0532085480215176
28750000	0.9893189223485938	1.0422657734312526
28800000	0.9757874592393361	1.0306525609642854
28850000	0.9616738045858865	1.018394441205755
28900000	0.9470048198015145	1.005515196999265
28950000	0.9318094601299622	0.9920371585804806
29000000	0.9161188425726744	0.977981480254327
29050000	0.899966317264195	0.9633684152959758
29100000	0.8833875420348449	0.9482176082062287
29150000	0.8664205598968427	0.9325484275193356
29200000	0.8491058791655084	0.9163831366604028
29250000	0.8314865558622122	0.8997767544356466
29300000	0.8136082779152976	0.8827685280576246
29350000	0.7955194504465354	0.865392956128357
29400000	0.7772712810631531	0.8476891680404504
29450000	0.7589178635181479	0.8297012882760084
29500000	0.7405162572945806	0.8114785211801504
29550000	0.7221265595437638	0.7930748264786966
29600000	0.7038119642878764	0.7745480453413884
29650000	0.6856388018112146	0.7559583517208701
29700000	0.6676765486493967	0.7373659594399479
29750000	0.6499977955137931	0.7188281258211271
29800000	0.6326781568905002	0.700396439767166
29850000	0.6157961020629708	0.6821338949858499
29900000	0.5994326832121409	0.6641077283815888
29950000	0.5836711325484812	0.6463943693466954
30000000	0.5685962978988144	0.6290820400867242
30050000	0.5542938858804738	0.6122659157848389
30100000	0.5408494850940708	0.5960424019231242
30150000	0.5283473501418241	0.5805033851142618
30200000	0.5168689420740665	0.5657313756688437
30250000	0.5064912428212869	0.5517962872225363
30300000	0.4972848898224407	0.5387542446692283
30350000	0.4893122101571378	0.5266624308086201
30400000	0.4826252666379973	0.5156255945832346
30450000	0.4772640552165901	0.5057300347009149
30500000	0.47325500653014896	0.49705148155663526
30550000	0.47060993826380276	0.4896535575007966
30600000	0.4693255761888005	0.48358497586082844
30650000	0.4693837121272251	0.4788779130417092
30700000	0.47075200384452875	0.47554747186111823
30750000	0.47338535600515985	0.47359211131869056
30800000	0.4772277648197224	0.4729948893112176
30850000	0.48221447145990576	0.473725344544885
30900000	0.4882742554754464	0.47575130388610143
30950000	0.4953317085170407	0.47904272157334116
31000000	0.5033093553668626	0.48352437301293805
31050000	0.5121295260005174	0.48911619910892
31100000	0.5217159215199993	0.4957376935749616
31150000	0.5319948523149728	0.5033093041949058
31200000	0.5428961551133549	0.5117536319460615
31250000	0.5543538153513774	0.5209964017535994
31300000	0.5663063329339292	0.5309671974322645
31350000	0.5786968743841432	0.541599967850405
31400000	0.5914732543933245	0.5528333204550953
31450000	0.6045877866188576	0.5646107005093268
31500000	0.617997038686614	0.5768753612342735
31550000	0.6316615208088595	0.5895618961218382
31600000	0.6455453319440654	0.6026116480369963
31650000	0.6596157824219296	0.6159741865129806
31700000	0.673843007637997	0.6296060687637224
31750000	0.688199583844573	0.6434697446090399
31800000	0.7026601541953643	0.657532583191906
31850000	0.7172010709611758	0.6717659963273448
31900000	0.7318000581236446	0.6861446309829313
31950000	0.7464358972724426	0.7006456010780601
32000000	0.761088138784969	0.7152477259843081
32050000	0.7757368395744936	0.7299304122476273
32100000	0.7903623281853164	0.744669646904189
32150000	0.8049449976364896	0.759444148831669
32200000	0.8194651261264109	0.7742333446757858
32250000	0.8339027254765687	0.7890160089925239
32300000	0.8482374169899795	0.8037702726328985
32350000	0.8624483342123277	0.818473832612047
32400000	0.8765140519006175	0.8331043877699931
32450000	0.890412540319763	0.8476403214540787
32500000	0.9041211438000849	0.8620616405717431
32550000	0.9176165822988319	0.8763511566023272
32600000	0.9308749745202272	0.8904958561087127
32650000	0.9438718809653952	0.9044889477501225
32700000	0.956582365111809	0.9183179242623927
32750000	0.9689810707675307	0.9319507307375953
32800000	0.981042313514502	0.9453491268136476
32850000	0.9927401840530465	0.9584722514509136
32900000	1.0040486611913468	0.9712800493518721
32950000	1.0149417321925926	0.9837368731111187
33000000	1.0253935182012195	0.9958147738090745
33050000	1.035378402519173	1.0074959792605211
33100000	1.0448711595929476	1.0187741680639526
33150000	1.0538470827005124	1.0296543575551862
33200000	1.0622821084908467	1.0401417004362572
33250000	1.0701529367233928	1.0501880117240168
33300000	1.0774371437749208	1.0597462262578488
33350000	1.0841132887210208	1.0687761573654044
33400000	1.0901610110522366	1.0772435627337633
33450000	1.0955611193439285	1.085120735289109
33500000	1.100295670457752	1.0923863071882631
33550000	1.1043480391046812	1.0990244978529344
33600000	1.1077029778390712	1.1050240301207186
33650000	1.1103466677751266	1.1103769007072097
33700000	1.1122667605169525	1.1150771405753608
33750000	1.113452411967763	1.1190935453297273
33800000	1.113894308830151	1.1223924376152006
33850000	1.1135846887261809	1.1249707994096279
33900000	1.112517354952656	1.1268248982215616
33950000	1.1106876869435243	1.127950168511669
34000000	1.1080926475389143	1.1283411072546685
34050000	1.10473078816038	1.1279911460572414
34100000	1.1006022529667567	1.1268925034747748
34150000	1.095708783017204	1.1250360202184635
34200000	1.0900537214005164	1.1224109791890842
34250000	1.0836420202057868	1.119004911772557
34300000	1.0764802501124602	1.114799938755016
34350000	1.0685766132710335	1.109789784464895
34400000	1.0599409600327176	1.103999626811197
34450000	1.050584809970573	1.0974523935785885
34500000	1.040521377519337	1.090167407796613
34550000	1.0297656024495256	1.082160761920615
34600000	1.0183341852863703	1.0734456264231422
34650000	1.0062456276884995	1.0640325089518896
34700000	0.9935202777173631	1.0539294799456251
34750000	0.9801803798582203	1.0431423815152117
34800000	0.9662501295984849	1.031675038750027
34850000	0.9517557323300178	1.0195294968062787
34900000	0.9367254663180965	1.0067094468495976
34950000	0.9211897494698743	0.9932527866848722
35000000	0.905181209635345	0.9791962245657028
35050000	0.888734758178757	0.9645717527768889
35100000	0.8718876665591987	0.9494114425865858
35150000	0.8546796456431569	0.933747786208873
35200000	0.8371529274223638	0.9176139818362906
35250000	0.8193523487037593	0.9010441507506518
35300000	0.801325436145297	0.8840734694610534
35350000	0.783122491693214	0.8667381938416431
35400000	0.7647966769857937	0.8490755471864202
35450000	0.7464040945687681	0.8311234415274812
35500000	0.7280038627514455	0.8129370201231513
35550000	0.7096581795476169	0.7945696572721908
35600000	0.6914323693157044	0.7760616400140052
35650000	0.6733949033721129	0.7574632133117646
35700000	0.655617382958054	0.7388344793603363
35750000	0.6381744695016	0.7202443704206244
35800000	0.6211437432294499	0.7017684981071912
35850000	0.6046054670779948	0.683485817753579
35900000	0.5886422289573493	0.6654742827964126
35950000	0.573338432414704	0.6478059601638613
36000000	0.5587796046010363	0.6305423585589964
36050000	0.5450514924368038	0.6137324593598058
36100000	0.5322389244631168	0.5974524688993116
36150000	0.5204244284867219	0.581797900307858
36200000	0.5096866147717509	0.5668676719391761
36250000	0.5000983611907064	0.5527636141238809
36300000	0.4917248687960688	0.539584372154034
36350000	0.48462169001290717	0.5274203002290594
36400000	0.47883286131870756	0.5163497943371947
36450000	0.47438929080895625	0.5064372003458468
36500000	0.4713075516974084	0.4977321715658426
36550000	0.4695892112898514	0.4902701859701738
36600000	0.4692207814755356	0.4840988378137339
36650000	0.47017431683226074	0.47928103975559583
36700000	0.47240862008632284	0.4758339377923914
36750000	0.4758709539476361	0.4737597264828717
36800000	0.48049911394354256	0.47304595546159445
36850000	0.486223695276241	0.4736661168730835
36900000	0.49297038886694977	0.4755809451703193
36950000	0.5006621635737663	0.47874026954337645
37000000	0.5092212259561772	0.483085233478516
37050000	0.5185706880631192	0.4885506911683575
37100000	0.52863591090203	0.49506760590821786
37150000	0.5393455221026974	0.5025686293037506
37200000	0.5506321288129663	0.5109859033436599
37250000	0.5624327609843875	0.5202255682197905
37300000	0.5746890870931256	0.5301995827435704
37350000	0.5873474457276333	0.5408285107784789
37400000	0.6003587341526136	0.5520410479780326
37450000	0.6136781904851802	0.5637734463112171
37500000	0.6272651006891318	0.5759688751756019
37550000	0.6410824560307488	0.5885767455118611
37600000	0.6550965814514952	0.6015520118526092
37650000	0.6692767507633862	0.6148544567176579
37700000	0.6835948007581922	0.6284479519279479
37750000	0.6980247532329236	0.6422981873724216
37800000	0.7125424515028921	0.6563642941277805
37850000	0.7271252161050528	0.6706095334990896
37900000	0.7417515229862733	0.6850021137889313
37950000	0.7564007064270593	0.6995138988156112
38000000	0.7710526881852641	0.714119686210946
38050000	0.7856877337840403	0.7287966180507505
38100000	0.8002862364548317	0.7435237010190854
38150000	0.8148285289328634	0.7582814165255815
38200000	0.8292947230538636	0.7730514035722063
38250000	0.8436645768901466	0.787816198706174
38300000	0.8579173889731514	0.8025590249318233
38350000	0.8720319189657639	0.8172655832656535
38400000	0.8859863339642187	0.8319205661209265
38450000	0.8997581794227593	0.8465032562617276
38500000	0.9133243735050576	0.8609887489511365
38550000	0.9266612234768226	0.875348727806971
38600000	0.9397444625685715	0.8895526978149669
38650000	0.9525493055615901	0.9035697153720089
38700000	0.9650505211894103	0.9173705884680092
38750000	0.9772225193081239	0.9309304238611243
38800000	0.9890394506768764	0.9442312836636796
38850000	1.0004753171102565	0.9572646056307678
38900000	1.0115040897210221	0.9700329747593369
38950000	1.0220998329673265	0.9825358659968509
39000000	1.0322368322551307	0.9947314323313049
39050000	1.0418897229235167	1.0065725292686634
39100000	1.0510336185569127	1.0180128691171446
39150000	1.0596442367210637	1.0290106119491689
39200000	1.0676980204047117	1.039531202459969
39250000	1.0751722536616568	1.0495490282855617
39300000	1.0820451701819611	1.059047845456576
39350000	1.0882960537704651	1.0680201225663142
39400000	1.093905329968548	1.0764655891270285
39450000	1.0988546483146526	1.0843823305214995
39500000	1.1031269549939973	1.0917206078401873
39550000	1.106706555872016	1.0984475329135548
39600000	1.1095791701341373	1.1045395496100732
39650000	1.1117319749617889	1.109976347640906
39700000	1.1131536418573504	1.1147405393271768
39750000	1.113834365386326	1.118817151482061
39800000	1.1137658852313743	1.1221930197402203
39850000	1.1129415025491536	1.1248561473754402
39900000	1.1113560916870517	1.1267950687984394
39950000	1.1090061083535594	1.1279982406330566
40000000	1.1058895953447094	1.1284522774042913
40050000	1.102006186911627	1.128123803235304
40100000	1.0973571128133583	1.1270142585673746
40150000	1.0919452030375865	1.1251367110187385
40200000	1.0857748940927938	1.1225009815299245
40250000	1.0788522376821579	1.1191139168728683
40300000	1.0711849124654311	1.11497960463551
40350000	1.0627822395037265	1.1100995370984745
40400000	1.0536552018668486	1.1044727311336784
40450000	1.0438164687670377	1.0980958118682913
40500000	1.0332804244698284	1.0909630686970662
40550000	1.0220632021252747	1.0830664936043333
40600000	1.010182722563893	1.0743989998760797
40650000	0.9976587380137255	1.0649796409945689
40700000	0.9845128806202503	1.0548391343360168
40750000	0.970768715590774	1.0440054276019266
40800000	0.9564517987407427	1.0325040134620203
40850000	0.941589738190736	1.0203582792651116
40900000	0.926212259948755	1.007589814217476
40950000	0.9103512771100067	0.9942186906388615
41000000	0.8940409624104391	0.9802637365830171
41050000	0.8773178238736591	0.9657428192414541
41100000	0.8602207832818815	0.9506731623618992
41150000	0.8427912571649577	0.9350717267356907
41200000	0.825073239916296	0.91897517341678
41250000	0.8071133884826808	0.9024351423417571
41300000	0.788961107801693	0.8854843780611783
41350000	0.770668635730722	0.8681592368578761
41400000	0.7522911255718162	0.8505002544590994
41450000	0.7338867233830507	0.8325523925568719
41500000	0.7155166360082421	0.8143649957123572
41550000	0.6972451840774706	0.7959913402734431
41600000	0.6791398320598985	0.7774876517311778
41650000	0.6612711847357916	0.7589114867211766
41700000	0.6437129361850578	0.7403194345963408
41750000	0.6265417536282546	0.7217642032271648
41800000	0.6098370743849897	0.7033023584635151
41850000	0.5936807901911282	0.6849988339129804
41900000	0.5781567897331606	0.6669204495454665
41950000	0.5633503283943615	0.6491474330140391
42000000	0.5493471950432309	0.6317697567328919
42050000	0.5362326506506726	0.6148820799654021
42100000	0.5240901240760719	0.5985780242333036
42150000	0.5129996677010362	0.5829446703905236
42200000	0.5030362000928761	0.5680581890885532
42250000	0.4942675935024512	0.5539813033314909
42300000	0.48675269773492963	0.5407643409740485
42350000	0.48053942363153923	0.528495294946771
42400000	0.47566303228347045	0.5172746205328772
42450000	0.47214478309841096	0.5071885904372363
42500000	0.46999107964454206	0.498314473191934
42550000	0.4691932153899892	0.4907167465253645
42600000	0.46972776585664755	0.4844445410942993
42650000	0.4715576081228652	0.47953026846100616
42700000	0.474633484791374	0.4759893210605973
42750000	0.47889597897032526	0.4738206962275861
42800000	0.48427773755137765	0.47300837746682645
42850000	0.490705774845314	0.47352600088904057
42900000	0.49810370483784633	0.47536335169837474
42950000	0.5063937815602126	0.47846560904033775
43000000	0.5154986654739558	0.4827605402459618
43050000	0.5253428721614297	0.48817266887048194
43100000	0.5358538928209252	0.49462492660470087
43150000	0.5469630013413139	0.5020401905070172
43200000	0.5586057794571521	0.5103426404373872
43250000	0.5707224005129294	0.5194588949753111
43300000	0.5832577153108813	0.529318906433496
43350000	0.5961611821964827	0.5398566136785209
43400000	0.6093866796020696	0.551010363806437
43450000	0.6228922340381704	0.5627224090171281
43500000	0.6366396909332075	0.574924742141136
43550000	0.6505943503756334	0.587550934786372
43600000	0.6647245850415783	0.6005437361630201
43650000	0.6790014535384395	0.6138537790991138
43700000	0.6933983190792461	0.6274384187023684
43750000	0.7078904807707453	0.6412606917959454
43800000	0.7224548227606903	0.655288377267968
43850000	0.7370694849453221	0.6694931334889106
43900000	0.7517135577874907	0.6838496855692271
43950000	0.7663668029493619	0.6983350317596528
44000000	0.7810094008246786	0.7129276341734117
44050000	0.7956217256007407	0.7276035282524034
44100000	0.8101841481392528	0.7423380851094589
44150000	0.8246768666991208	0.7571100521662405
44200000	0.8390797653037457	0.7718981435421522
44250000	0.8533722993598302	0.7866808788616244
44300000	0.8675334079495003	0.8014365998979834
44350000	0.8815414520344814	0.8161436780288737
44400000	0.8953741776256046	0.8307809300246707
44450000	0.9090087027822767	0.8453282559363674
44500000	0.9224215271168485	0.8597675011526661
44550000	0.935588562291379	0.8740835224480913
44600000	0.9484851818147237	0.8882658507853102
44650000	0.96108628828166	0.90230714126284
44700000	0.9733663960490712	0.9161817442848808
44750000	0.985299727223143	0.9298550740263201
44800000	0.996860318740931	0.9432884977694939
44850000	1.0080221382744494	0.9564423055097775
44900000	1.0187592066684334	0.9692791238772966
44950000	1.0290457246463285	0.9817673826811996
45000000	1.0388562015832223	0.9938843452012951
45050000	1.0481655842484068	1.0056182198876982
45100000	1.056949383561769	1.0169689976804048
45150000	1.0651837975835214	1.0279473074228285
45200000	1.072845829161254	1.0385302408829178
45250000	1.0799133968862484	1.048664224656731
45300000	1.0863654382561814	1.0583052344030053
45350000	1.0921820041971917	1.0674145372877495
45400000	1.0973443443580084	1.0759600190265468
45450000	1.1018349828459084	1.0839165328836535
45500000	1.1056377843224774	1.091265478250331
45550000	1.1087380106108733	1.0979938544231804
45600000	1.1111223681806794	1.104093021650764
45650000	1.1127790470674463	1.1095573573427515
45700000	1.113697751948526	1.1143724811819546
45750000	1.1138697262326742	1.1184907103115087
45800000	1.1132877701268529	1.1219015981119893
45850000	1.1119462537194116	1.1245991677716134
45900000	1.109841126164801	1.1265771311937753
45950000	1.1069699220724054	1.1278287339750492
46000000	1.1033317661927853	1.1283465743416412
46050000	1.0989273774609591	1.1281224035017838
46100000	1.0937590734011	1.1271469123227278
46150000	1.0878307758231736	1.1254095072911725
46200000	1.0811480186530007	1.122898077312939
46250000	1.0737179586362184	1.119597586561242
46300000	1.0655493895472636	1.1154875016252375
46350000	1.056652760420126	1.110585473929421
46400000	1.0470401982016015	1.1049147927720808
46450000	1.036725535113505	1.0984949423328743
46500000	1.0257243409006318	1.0913420004929195
46550000	1.0140539600394038	1.083468965004221
46600000	1.0017335538903742	1.0748860226724095
46650000	0.9887841476986543	1.065600776572855
46700000	0.975228682281482	1.0556184466587855
46750000	0.9610920701927272	1.0449420606580275
46800000	0.9464012561206582	1.033572655225137
46850000	0.9311852812566359	1.0215095430829928
46900000	0.9154753513666868	1.0087735906342277
46950000	0.8993049083006361	0.9954058553115724
47000000	0.8827097046779985	0.9814381538130555
47050000	0.8657278814863737	0.9669018229050462
47100000	0.8484000483022412	0.9518280796329434
47150000	0.8307693657770504	0.9362483329934711
47200000	0.8128816298977158	0.9201944446629847
47250000	0.7947853572972868	0.9036989320077304
47300000	0.7765318705173074	0.8867951022475544
47350000	0.7581753815573242	0.8695171026017501
47400000	0.7397730712284246	0.8518998681882862
47450000	0.7213851606874923	0.8339865766904025
47500000	0.7030749699920762	0.8158391207441549
47550000	0.6849089565090208	0.7974954510571054
47600000	0.666956723473065	0.7789995229672867
47650000	0.6492909858970035	0.7604045559422858
47700000	0.6319874774179173	0.7417726704584987
47750000	0.6151247776626885	0.7231736030784304
47800000	0.5987840356253065	0.7046823288428563
47850000	0.5830485608794159	0.6863755724226633
47900000	0.5680032519854972	0.6683274273758077
47950000	0.5537338312791723	0.650604591632378
48000000	0.5403258587016664	0.6332619917154079
48050000	0.527863505944787	0.6163532921170737
48100000	0.5164280872590877	0.5999682722632554
48150000	0.5060963655183045	0.5842002378805589
48200000	0.4969386810234202	0.5691494192863762
48250000	0.48901698372829167	0.5549173929007166
48300000	0.4823828825976284	0.5416011886751035
48350000	0.4770758523026516	0.5292885270865464
48400000	0.47312175024712644	0.5180545963623169
48450000	0.4705317898793604	0.5079604557960677
48500000	0.469302086519012	0.49905288498048295
48550000	0.4694138415950886	0.491369948355738
48600000	0.47083416760573327	0.4849880239670332
48650000	0.47351749039553714	0.4799523957971094
48700000	0.47740740944520327	0.4762839945295821
48750000	0.482438860218953	0.4739888071656212
48800000	0.4885404097494832	0.47305761213335323
48850000	0.49563652654757434	0.47346657829342503
48900000	0.5036496931805622	0.4751786030780387
48950000	0.5125022668238143	0.478145223158176
49000000	0.5221180321611115	0.4823089060285042
49050000	0.5324234262897279	0.4876055265985441
49100000	0.5433484432567965	0.4939669392886893
49150000	0.554827245277491	0.5013331481496173
49200000	0.566798519023315	0.5096202032419189
49250000	0.5792056200629017	0.5187346018274407
49300000	0.5919965483892864	0.5285908370741305
49350000	0.6051237947088199	0.5391112381378435
49400000	0.618544092231087	0.5502256433028148
49450000	0.6322181031444684	0.5618709534881476
49500000	0.646110063490484	0.5739906029293926
49550000	0.6601874051717497	0.5865339729888642
49600000	0.6744203695391356	0.5994557644144369
49650000	0.6887816234556631	0.612715333122502
49700000	0.7032458858925545	0.6262758210408533
49750000	0.7177895708961423	0.6400962939919193
49800000	0.7323904510732178	0.6541344533257583
49850000	0.7470273444761428	0.668354132280537
49900000	0.7616798268343472	0.682723743302902
49950000	0.7763279703945076	0.6972154145393833
50000000	0.7909521101305504	0.7118042714721873
50050000	0.8055326377118661	0.7264678366191992
50100000	0.8200498233317723	0.7411855232785669
50150000	0.8344836652657809	0.7559382016106244
50200000	0.8488137668274697	0.7707078169083007
50250000	0.8630192402025394	0.7854770407715137
50300000	0.87707863645843	0.8002293650849657
50350000	0.8909699008424827	0.8149498449645738
50400000	0.9046703522939127	0.8296202523260524
50450000	0.9181566859050861	0.8442183740703086
50500000	0.9314049968790541	0.8587185485123167
50550000	0.9443908243474843	0.8730925115327499
50600000	0.9570892132420616	0.8873106816997994
50650000	0.9694747922588176	0.9013439077781249
50700000	0.9815218658249267	0.9151656355649601
50750000	0.9932045178767004	0.9287543580694367
50800000	1.0044967251905441	0.9420961051935117
50850000	1.0153724779791329	0.9551866300007508
50900000	1.025805905475453	0.9680306838359203
50950000	1.0357714042784618	0.980606087632088
51000000	1.045243767325603	0.9928674247575047
51050000	1.054198311487222	1.0047680084504338
51100000	1.0626110019429023	1.0162632258880004
51150000	1.0704585716954593	1.0273140714356461
51200000	1.0777186347994236	1.0378897097649091
51250000	1.084369792121237	1.0479688158469576
51300000	1.0903917287015559	1.05753967286199
51350000	1.0957653020492606	1.0665992122625532
51400000	1.1004726209553848	1.075151305643127
51450000	1.1044971146668598	1.0831715806213988
51500000	1.1078235924989004	1.0906104358626274
51550000	1.1104382941859166	1.0974398850339004
51600000	1.1123289314696938	1.1036357021515832
51650000	1.1134847215968633	1.1091772988746182
51700000	1.1138964135428757	1.1140472993908161
51750000	1.1135563078953252	1.1182309346813377
51800000	1.1124582714148312	1.1217153491557301
51850000	1.1105977473471134	1.1244888845610417
51900000	1.1079717625862682	1.1265403820183548
51950000	1.1045789327882902	1.1278585242025632
52000000	1.100419466507721	1.1284184901705232
52050000	1.0954951693816444	1.1281977012348998
52100000	1.0898094493170034	1.1272079190993578
52150000	1.0833673235526458	1.125458574034203
52200000	1.0761754283699898	1.1229562005876568
52250000	1.0682420321190942	1.1197046446796786
52300000	1.059577052113808	1.1157052204957227
52350000	1.0501920758338237	1.110956822624085
52400000	1.0401003867562595	1.1054559996583189
52450000	1.0293169950279637	1.0991969962163406
52500000	1.0178586730850294	1.0921717713254662
52550000	1.0057439962308137	1.0843702331755476
52600000	0.992993388100331	1.0757966961948724
52650000	0.9796291708693398	1.0664802099273407
52700000	0.9656756200120232	1.0564491959143116
52750000	0.9511590233725625	1.0457292540015766
52800000	0.9361077442927423	1.0343435365174647
52850000	0.9205522885281734	1.0223130705754775
52900000	0.904525374686363	1.0096570458961
52950000	0.8880620079247415	0.9963930857188175
53000000	0.8711995566471049	0.982537520015076
53050000	0.853977831920126	0.9681056835295271
53100000	0.8364391692801927	0.9531122665118197
53150000	0.8186285124915007	0.9375774093070747
53200000	0.8005934986190496	0.9215543591421106
53250000	0.7823845434559568	0.9050792671107595
53300000	0.7640549258459963	0.8881864909630319
53350000	0.7456608687116472	0.8709137461537675
53400000	0.7272616135684792	0.853302444020617
53450000	0.7089194839051676	0.8353978292720654
53500000	0.6906999309593744	0.817248824664219
53550000	0.6726715530574914	0.7989074768382906
53600000	0.6549060767699281	0.7804278966913651
53650000	0.637478284674398	0.7618646112358676
53700000	0.6204658706180246	0.7432703042151922
53750000	0.6039491992628059	0.7246975671494236
53800000	0.5880109428239794	0.7062102621986834
53850000	0.5727355649576688	0.6878675517233079
53900000	0.5582086207122468	0.6697409287533045
53950000	0.5445158436058338	0.6519135174787548
54000000	0.5317419977004859	0.6344759939149398
54050000	0.519969485434497	0.617521362845892
54100000	0.5092767219110802	0.601139302957035
54150000	0.4997363132632238	0.5854109944773939
54200000	0.49141310891809603	0.5704053251099335
54250000	0.48436223128286976	0.5561771156040027
54300000	0.4786272157313006	0.5427883993961642
54350000	0.47423841170216596	0.5303469871416947
54400000	0.47121179553498754	0.5189466831562586
54450000	0.4695483232321225	0.5086753697358019
54500000	0.46923390703453827	0.49961099809244625
54550000	0.47024003927343694	0.4918180771974704
54600000	0.4725250205971929	0.48534542834421174
54650000	0.47603568942460706	0.480225121213629
54700000	0.48070950590918876	0.47647244596829
54750000	0.4864768230785712	0.47408674963016334
54800000	0.49326318085289345	0.4730529583239081
54850000	0.5009914811275974	0.4733683456140512
54900000	0.5095839368317191	0.47500932220654807
54950000	0.5189637270148211	0.47791498699883894
55000000	0.5290563270094909	0.4820182989059153
55050000	0.53979051326009	0.48724780545675145
55100000	0.5510990645830265	0.4935293971208162
55150000	0.562919195424254	0.5007879835799159
55200000	0.5751927633094812	0.5089490094237502
55250000	0.5878662938852196	0.5179397529059385
55300000	0.6008908645118893	0.5276903771414299
55350000	0.6142218828375272	0.5381347247327609
55400000	0.6278187913315597	0.5492116489524489
55450000	0.6416447232028526	0.560854267481101
55500000	0.6556661299602845	0.572988573797262
55550000	0.6698523963530779	0.585549903965519
55600000	0.6841754546436214	0.5984823288996327
55650000	0.6986094071048989	0.6117374565068303
55700000	0.7131301632281332	0.6252733441195775
55750000	0.7277150962782929	0.639053509410723
55800000	0.7423427224434864	0.6530460218141532
55850000	0.7569924047930021	0.6672226515927157
55900000	0.7716440835023259	0.681558049276805
55950000	0.7862780332502352	0.6960289235251474
56000000	0.8008746482844356	0.7106119471182907
56050000	0.815414255342121	0.7252794095030624
56100000	0.8298769543650896	0.740008090405833
56150000	0.8442424867395406	0.754776007879791
56200000	0.8584901306001569	0.7695615369403455
56250000	0.872598622554452	0.7843432554782545
56300000	0.8865461049996449	0.7990999564250919
56350000	0.9003100980177148	0.8138108366556456
56400000	0.9138674946449024	0.8284558740747882
56450000	0.927194578122514	0.8430164003409266
56500000	0.9402670595506997	0.8574758656736399
56550000	0.9530601341913544	0.8718207814628064
56600000	0.9655485545064365	0.8860439935625046
56650000	0.9777067178799311	0.9001275233846754
56700000	0.9895087668609055	0.9140408531387562
56750000	1.000928699686951	0.9277483765763062
56800000	1.011940488805449	0.9412118133528463
56850000	1.0225182051075419	0.9543932288547345
56900000	1.0326361456278241	0.9672583979251217
56950000	1.0422689625413821	0.9797801069828032
57000000	1.0513917914077386	0.9919409084342289
57050000	1.0599803767653595	1.0037348656077283
57100000	1.0680111933668124	1.0151679678143621
57150000	1.0754615615583132	1.0262441194153165
57200000	1.0823097555422452	1.0369141502723502
57250000	1.0885351035111186	1.0471298919790966
57300000	1.0941180788993679	1.0568484293507336
57350000	1.0990403822589725	1.0660329526861785
57400000	1.1032850135193923	1.0746538433581874
57450000	1.1068363346359291	1.0826887834756018
57500000	1.109680122857925	1.09012211663231
57550000	1.1118036150545554	1.0969437186335986
57600000	1.1131955437177776	1.1031476166619127
57650000	1.1138461654163654	1.1087294649499129
57700000	1.113747282600157	1.1136470953502178
57750000	1.1128922597487207	1.1178731916186302
57800000	1.111276034923548	1.1213991739179232
57850000	1.108895127818427	1.1242167208333858
57900000	1.1057476454101856	1.1263175763975322
57950000	1.101833286293659	1.1276933198067836
58000000	1.0971533447429225	1.1283351125212286
58050000	1.091710715478543	1.1282334323888443
58100000	1.0855099000408814	1.1273778005645698
58150000	1.078557015575714	1.1257565041548296
58200000	1.0708598067340678	1.1233563155436945
58250000	1.0624276612765677	1.120154573420139
58300000	1.0532716298572629	1.1161496916410916
58350000	1.043404450346146	1.1113652481072085
58400000	1.0328405769366031	1.1058210053144717
58450000	1.0215962141768813	1.0995331549713463
58500000	1.0096893559661293	1.0925146642389365
58550000	0.9971398294681413	1.0847755582508727
58600000	0.9839693438217877	1.0763231531410322
58650000	0.9702015434677096	1.0671622537212349
58700000	0.9558620658672342	1.0572953308317001
58750000	0.9409786033614412	1.0467226955127278
58800000	0.9255809689047034	1.0354426909248156
58850000	0.9097011654049433	1.0234604843443627
58900000	0.8933734584071178	1.0108147985581764
58950000	0.8766344518595345	0.9975386652472401
59000000	0.8595231666927672	0.9836630280260624
59050000	0.8420811219029555	0.9692181922113923
59100000	0.824352417743374	0.9542341558967989
59150000	0.8063838204627739	0.9387408981999608
59200000	0.7882248477501379	0.9227686255251843
59250000	0.7699278536084853	0.9063479737940251
59300000	0.7515481107308641	0.8895101619931965
59350000	0.7331438875255423	0.8722870903147489
59400000	0.7147765156631195	0.8547127875717352
59450000	0.6965104423202727	0.836848053235087
59500000	0.6784132591028184	0.8187359800333028
59550000	0.6605556968935893	0.8004151723484301
59600000	0.6430115725793317	0.7819326304466857
59650000	0.6258576698324728	0.7633438556334696
59700000	0.6091735320461458	0.744712253583162
59750000	0.5930411415099681	0.7261076227334292
59800000	0.5775444555733014	0.7076035911416461
59850000	0.5627687687631397	0.6892740232366761
59900000	0.5487998707973416	0.6711886551012585
59950000	0.5357229755878413	0.6534084967593202
60000000	0.5236214071365866	0.6359829596618666
60050000	0.5125750458551217	0.6189829927527005
60100000	0.5026585636209246	0.6024973623486881
60150000	0.493939506704714	0.5866209665652924
60200000	0.48647631946798914	0.5714547068434834
60250000	0.48031643321267886	0.5570992537571803
60300000	0.4754945669388618	0.5436493984675104
60350000	0.47203139299343416	0.531189672738955
60400000	0.469932705478895	0.5197916062985316
60450000	0.46918919161496514	0.5095126532230535
60500000	0.4697768500441323	0.5003965508008787
60550000	0.471658034321833	0.492501543531628
60600000	0.47478303634001146	0.4859073160975642
60650000	0.4790920746003527	0.4806531816621567
60700000	0.48451752394563874	0.47676385891657563
60750000	0.49098621908228	0.474248620728141
60800000	0.49842168117776897	0.47310103557321576
60850000	0.5067461484923524	0.4732995981117287
60900000	0.5158823305372355	0.47480911620482635
60950000	0.5257548435186429	0.47758268182957
61000000	0.5362913177512284	0.4815640297236485
61050000	0.5474231926548939	0.48669008416971044
61100000	0.5590862313404532	0.4928980064385844
61150000	0.5712207955373296	0.500124332372803
61200000	0.5837719243551532	0.508274929382624
61250000	0.596689258915043	0.5172594623488681
61300000	0.6099268508773982	0.5269946973870085
61350000	0.6234428876320487	0.5374044972213515
61400000	0.6371993613277336	0.5484196378565779
61450000	0.6511617035897853	0.5599774892005707
61500000	0.6652984030310158	0.5720215941440561
61550000	0.6795806186382729	0.5845011713408524
61600000	0.69398179883058	0.597370557205141
61650000	0.7084773133785331	0.6105885927193941
61700000	0.7230441033593792	0.6241148781115485
61750000	0.7376603527951918	0.6379027286131673
61800000	0.7523051844851224	0.6519106300517735
61850000	0.7669583817067905	0.6661027089638337
61900000	0.7816001368505114	0.6804476833803356
61950000	0.796210827600961	0.6949180135169766
62000000	0.8107708209433662	0.7094891829361926
62050000	0.8252603050077238	0.7241390827541603
62100000	0.839659148545361	0.7388474735626889
62150000	0.8539467876371588	0.7535955011351244
62200000	0.8681021390479661	0.7683652426889637
62250000	0.8821035394584167	0.7831392658019868
62300000	0.8959287096198926	0.7979008771691457
62350000	0.9095547422896919	0.8126332052143427
62400000	0.9229581126135252	0.8273162356868967
62450000	0.9361147094355754	0.8419267182693467
62500000	0.9489998858369066	0.8564387012967737
62550000	0.9615885270376507	0.8708244344392112
62600000	0.9738551336525945	0.8850556869464828
62650000	0.9857739181697531	0.8991054892422177
62700000	0.9973189124324611	0.9129502402272637
62750000	1.0084640838515808	0.926572033756152
62800000	1.0191834580591987	0.9399609569209448
62850000	1.029451245740172	0.9531170165584022
62900000	1.0392419714436116	0.9660352271647907
62950000	1.0485306022820824	0.978677471923753
63000000	1.0572926745691138	0.9909984685559172
63050000	1.0655044166222523	1.0029524994087449
63100000	1.073142866164503	1.0144973320475463
63150000	1.080185980985602	1.0255975138527926
63200000	1.0866127417705118	1.036226617203274
63250000	1.0924032462585076	1.0463682193916317
63300000	1.0975387941560555	1.0560156385765285
63350000	1.1020019624834916	1.0651706458426216
63400000	1.105776671283196	1.073832872230167
63450000	1.1088482398500612	1.0819519505371153
63500000	1.1112034338584984	1.08949087538449
63550000	1.1128305039502773	1.0964210386168736
63600000	1.1137192165108498	1.1027180693163172
63650000	1.113860877496485	1.1083615920558305
63700000	1.113248350279305	1.113334685272096
63750000	1.1118760685518212	1.1176231693908019
63800000	1.109740045377373	1.1212148221865594
63850000	1.1068378794891776	1.1240985878997138
63900000	1.1031687599303905	1.1262638204348607
63950000	1.0987334700929565	1.1276953285048703
64000000	1.0935343921569973	1.1283565054659723
64050000	1.0875755128579445	1.1282503560500092
64100000	1.0808624314189932	1.1273854957119465
64150000	1.073402370385135	1.1257677979997114
64200000	1.0652041899852913	1.1234005821917288
64250000	1.0562784065346484	1.1202847539707572
64300000	1.0466372152732748	1.1164189027105156
64350000	1.0362945179228737	1.1117993600266234
64400000	1.0252659551342713	1.1064202250125463
64450000	1.0135689438965727	1.1002733623762317
64500000	1.001222719887765	1.0933483808036675
64550000	0.9882483846679151	1.0856381830631325
64600000	0.974668957551826	1.077164828235769
64650000	0.9605094319494066	1.0679572567363174
64700000	0.9457968359288966	1.0580412349958808
64750000	0.9305602967402911	1.0474397572048009
64800000	0.9148311090308349	1.0361733855576312
64850000	0.898642806487425	1.0242605470861277
64900000	0.8820312366453325	1.011717804795172
64950000	0.8650346385983732	0.9985601218862262
65000000	0.8476937233187272	0.9848011405496738
65050000	0.8300517562254065	0.9704535014580077
65100000	0.8121546415031317	0.9555295593713644
65150000	0.7940510074354652	0.9400697866531735
65200000	0.7757922916348117	0.9241183391779091
65250000	0.757432824477122	0.9077082608165579
65300000	0.7390299082188462	0.8908751526047206
65350000	0.7206438881188584	0.8736575576935127
65400000	0.7023382103340082	0.8560972078739126
65450000	0.6841794593293696	0.8382390645151517
65500000	0.6662373649854296	0.8201310709291098
65550000	0.6485847664673101	0.8018235232803882
65600000	0.6312975162849458	0.783367970431561
65650000	0.6144543039614857	0.764815579386415
65700000	0.5981363746416877	0.7462163299984288
65750000	0.5824271143346856	0.7276328558898766
65800000	0.567411471090841	0.7091201306559023
65850000	0.5531751813588701	0.6907409388836392
65900000	0.5398037744226254	0.672570655031363
65950000	0.5273813366657438	0.6546942637974745
66000000	0.5159890327708588	0.6372019819607795
66050000	0.5057034034932489	0.6201839349399421
66100000	0.4965944887721355	0.6037246540848571
66150000	0.4887238582360448	0.5878983270735498
66200000	0.4821426640568664	0.5727656704893676
66250000	0.476889857187422	0.558377356013708
66300000	0.4729907201079544	0.544827726067705
66350000	0.47045586128027983	0.5322182567743311
66400000	0.46928078587248967	0.5206439430636708
66450000	0.46944610627430994	0.510193374334799
66500000	0.4709183920193793	0.5009442711101135
66550000	0.47365159318703387	0.49296032678382135
66600000	0.4775889160768718	0.48628933907923333
66650000	0.48266499421022113	0.48096250407856483
66700000	0.4888081858216131	0.47699469181742166
66750000	0.49594283973912373	0.47438550799078993
66800000	0.5039913993561365	0.4731338418745354
66850000	0.5128762515822435	0.47324802589718756
66900000	0.5225212666788877	0.474684585592101
66950000	0.5328530099218863	0.4773883469799579
67000000	0.5438016336687879	0.48129684807599105
67050000	0.5553014774886537	0.48634212818559625
67100000	0.5672914150492301	0.4924525924232724
67150000	0.5797149909193298	0.4995548298796904
67200000	0.5925203901383932	0.5075752866738421
67250000	0.6056602800531072	0.5164417239418837
67300000	0.6190915589423805	0.5260844198445175
67350000	0.6327750403892	0.5364377618183597
67400000	0.6466750968999068	0.5474373473998452
67450000	0.6607592813185648	0.559003830142831
67500000	0.6749979403243307	0.5710647338776945
67550000	0.6893638307813524	0.58355706116419
67600000	0.7038317468957206	0.596426103369198
67650000	0.7183781639402481	0.6096243378683891
67700000	0.7329809026361312	0.6231104115958248
67750000	0.7476188170290806	0.6368482013354972
67800000	0.7622715077746537	0.6508059343078907
67850000	0.7769190620717258	0.6649553468551683
67900000	0.7915418209879073	0.6792708535510028
67950000	0.8061201745524674	0.6937285415194383
68000000	0.8206343847084145	0.7082998661873945
68050000	0.8350644359847328	0.7229579338279124
68100000	0.8493899135488777	0.7376793630652754
68150000	0.8635899081125656	0.7524417831210006
68200000	0.8776429469809436	0.7672235226581147
68250000	0.8915269503505527	0.7820034507269161
68300000	0.9052192117737018	0.7967609719249176
68350000	0.9186964015171679	0.8114761813298299
68400000	0.9319345913545003	0.8261301852075648
68450000	0.9449092991490612	0.840705589609054
68500000	0.9575955514141503	0.8551871490629298
68550000	0.9699679618839936	0.8695643637788276
68600000	0.9820008240005145	0.8838259221411217
68650000	0.993668215121089	0.8979458750477456
68700000	1.004944110187278	0.9118921685956556
68750000	1.0158025025663042	0.9256288713677361
68800000	1.0262175297892366	0.9391186792986272
68850000	1.0361636019625968	0.9523259499112563
68900000	1.045615530723052	0.9652199831866584
68950000	1.0545486567363342	0.977778134357484
69000000	1.0629389739076838	0.9899882788905994
69050000	1.0707632486680474	1.001850190097767
69100000	1.0779991329222787	1.013374681682525
69150000	1.084625269486494	1.0245391035745033
69200000	1.0906213890954792	1.0352904661652385
69250000	1.0959683983201536	1.045582575369959
69300000	1.1006484579936944	1.0553741139259127
69350000	1.1046450519961413	1.0646305994629404
69400000	1.1079430464855904	1.0733252243102736
69450000	1.1105287398843742	1.0814387269108918
69500000	1.1123899041264609	1.0889585404834083
69550000	1.1135158178445241	1.0958774898586925
69600000	1.1138972923191541	1.1021922798812631
69650000	1.113526691127067	1.1078845143834437
69700000	1.1123979445093617	1.1129058772185592
69750000	1.1105065595350578	1.1172430098471717
69800000	1.1078496271604132	1.1208851244030826
69850000	1.104425827282466	1.1238220852748506
69900000	1.1002354328581585	1.1260441419740106
69950000	1.0952803141108365	1.1275416260345352
70000000	1.0895639437769942	1.12830463001783
70050000	1.0830914042609847	1.128322679936991
70100000	1.0758693974673579	1.127584407344152
70150000	1.0679062579732228	1.1260772236871701
70200000	1.0592119700895866	1.1237841027750872
70250000	1.0497981892448593	1.1206834305706652
70300000	1.0396782680085435	1.1167930981032586
70350000	1.0288672869618836	1.1121332116030664
70400000	1.0173820905180084	1.1067201561856201
70450000	1.005241327699144	1.1005669630183712
70500000	0.9924654977957491	1.0936836071442926
70550000	0.9790770007634066	1.0860772493540174
70600000	0.9651001921594001	1.0777524351710257
70650000	0.9505614423832016	1.068711264415334
70700000	0.9354891999622268	1.0589535461884776
70750000	0.9199140586154214	1.0484769568136587
70800000	0.9038688278280147	1.0372789743072133
70850000	0.8873886066756831	1.0253861055771654
70900000	0.8705108606364679	1.012833723908259
70950000	0.8532755011106534	0.9996526860494951
71000000	0.8357249673159187	0.9858727136136005
71050000	0.8179043101125663	0.9715227414512184
71100000	0.7998612771120956	0.9566312248977282
71150000	0.7816463980922846	0.9412264122442238
71200000	0.7633130692349359	0.9253365869474033
71250000	0.7449176339613709	0.9089902827480215
71300000	0.7265194570976395	0.8922164740910126
71350000	0.7081809876831084	0.8750447442287456
71400000	0.6899678038678064	0.857521908969813
71450000	0.6719486309594336	0.8397038912512655
71500000	0.6541953207424044	0.8216252848615206
71550000	0.6367827767112636	0.8033277409535383
71600000	0.6197888059451983	0.7848606945040256
71650000	0.6032938742436819	0.766281265173117
71700000	0.5873807372898703	0.7476534476694772
71750000	0.5721339177114749	0.7290464043276741
71800000	0.557638996968966	0.710531756745612
71850000	0.5439816933079351	0.6921799350567206
71900000	0.5312467040402947	0.6740558778831641
71950000	0.5195163035803346	0.6562146455058009
72000000	0.5088687088909253	0.6387092636043984
72050000	0.4993762511758696	0.6216221837089985
72100000	0.49110342500639836	0.6050404756648352
72150000	0.48410491971845676	0.5890607870854311
72200000	0.47842376695438305	0.5737840443372937
72250000	0.4740897555429023	0.5593093391016399
72300000	0.47111826388237005	0.545728568892305
72350000	0.4695096366302271	0.5331224869176029
72400000	0.46924918740221466	0.5215584825001772
72450000	0.47030784829973105	0.5110900649291893
72500000	0.4726434207332507	0.5017624616521178
72550000	0.47620232225127673	0.4936627437730071
72600000	0.48092168135897706	0.4868554865398338
72650000	0.48673161266902093	0.4813833552837581
72700000	0.49355750866131065	0.47727433063601093
72750000	0.5013222074555327	0.47454048801303816
72800000	0.509947931052778	0.47317777556870405
72850000	0.5193579276718224	0.4731666966423079
72900000	0.529477788605555	0.47447375611424175
72950000	0.540236440251291	0.477053493084821
73000000	0.551566833794564	0.48085090078661785
73050000	0.5634063685079873	0.48580425571194863
73100000	0.5756970910020597	0.49186096448065686
73150000	0.5883857137865937	0.49894033840305446
73200000	0.601423493952525	0.5069491061367521
73250000	0.6147660081936497	0.5157998498725421
73300000	0.6283728549212828	0.5254113840956017
73350000	0.6422073086775439	0.5357089042935739
73400000	0.6562359469093125	0.5466239461982971
73450000	0.6704282646729458	0.5580941932096054
73500000	0.6847562890851118	0.5700631639134495
73550000	0.6991942023026324	0.5824798040094511
73600000	0.7137179794322709	0.595297998204047
73650000	0.7283050459435969	0.6084753746254413
73700000	0.7429339577831077	0.6219642313107991
73750000	0.7575841063689212	0.6357168388151623
73800000	0.772235449898537	0.6496921534441554
73850000	0.7868682718559143	0.6638546889506511
73900000	0.801462967200013	0.6781735336886175
73950000	0.8159998564103452	0.6926215125494097
74000000	0.8304590273200195	0.7071744640945394
74050000	0.8448202044584978	0.7218106049855326
74100000	0.859062645436214	0.7365099549380529
74150000	0.8731650637195424	0.7512537958759321
74200000	0.887105576961035	0.766024138734909
74250000	0.9008616798628888	0.7808029734256666
74300000	0.9144102403622362	0.7955726361213398
74350000	0.927727517737624	0.8103146432169327
74400000	0.9407892010508833	0.8250077104278828
74450000	0.9535704661638793	0.8396280012607684
74500000	0.9660460494103191	0.8541497155123621
74550000	0.9781903358658064	0.8685460315991267
74600000	0.9899774600498505	0.8827904365078302
74650000	1.001381416816582	0.8968584368329757
74700000	1.0123761801508673	0.9107295807321176
74750000	1.0229358275853382	0.9243896363530613
74800000	1.0330346679938036	0.9378326787462149
74850000	1.0426473705967114	0.9510590440085868
74900000	1.0517490931336733	0.9640444871001077
74950000	1.0603156073137416	0.9767466681160831
75000000	1.0683234198415978	0.9891204255411126
75050000	1.0757498875325149	1.001121750405132
75100000	1.082573325264563	1.0127115364113066
75150000	1.0887731057667593	1.0238585941707472
75200000	1.0943297505001202	1.0345415375572018
75250000	1.0992250111479733	1.044749368278314
75300000	1.1034419414861252	1.0544808239493637
75350000	1.1069649596465372	1.063742499325767
75400000	1.109779901014645	1.0725069956139806
75450000	1.1118740622059686	1.080724311483257
75500000	1.1132362367483115	1.088361220596079
75550000	1.113856743249129	1.095389100344733
75600000	1.1137274469516254	1.1017840082073
75650000	1.1128417756769624	1.1075263018987118
75700000	1.1111947312137134	1.1125999697630071
75750000	1.1087828972500258	1.1169918076420748
75800000	1.1056044449504523	1.120690542728853
75850000	1.1016591372600224	1.1236859710690321
75900000	1.096948332975495	1.1259679570273577
75950000	1.0914749915606012	1.127501202904936
76000000	1.085243679601803	1.1282715848831393
76050000	1.0782605797068054	1.128286472915792
76100000	1.0705335025432805	1.12755073187974
76150000	1.0620719026035785	1.1260668777363236
76200000	1.0528868981656099	1.1238351918276581
76250000	1.0429912958045522	1.1208537950226987
76300000	1.0323996196971315	1.1171186848281305
76350000	1.02112814585337	1.1126237394546972
76400000	1.0091949413126684	1.1073606935287046
76450000	0.9966199082540057	1.1013190909528856
76500000	0.9834248328966181	1.0944867622834504
76550000	0.9696334390086234	1.0868732023983567
76600000	0.9552714457981205	1.0785072802246676
76650000	0.9403666299339057	1.0694149948984217
76700000	0.9249488914297983	1.0596192665074544
76750000	0.9090503231249649	1.049140297336923
76800000	0.8927052834969614	1.0379958806303287
76850000	0.8759504725469366	1.026201674651316
76900000	0.8588250104860843	1.0137714602969912
76950000	0.8413705189125233	1.0007174025218153
77000000	0.8236312040776711	0.9870503396745752
77050000	0.8056539416717302	0.9727801309877624
77100000	0.7874883622737091	0.9579285728039668
77150000	0.7691869361669521	0.9425461033451968
77200000	0.7508050555616271	0.9266660780320533
77250000	0.7324011113271073	0.9103225673247367
77300000	0.7140365600470445	0.8935518463778109
77350000	0.6957759754933054	0.8763927057504872
77400000	0.6776870764018635	0.8588866191717357
77450000	0.659840719673668	0.8410777079310341
77500000	0.6423108448108943	0.8230124288895985
77550000	0.6251743516037876	0.804738906643583
77600000	0.6085108889999207	0.7863058365604687
77650000	0.5924025290906958	0.7677609551523488
77700000	0.5769332968524932	0.7491635891697301
77750000	0.5621885245867346	0.7305692625146597
77800000	0.5482540011165491	0.7120324711030839
77850000	0.5352148911520374	0.6936204905499919
77900000	0.5231544113008898	0.6754114643811556
77950000	0.5121522671190679	0.6574910501963482
78000000	0.5022828806560052	0.6399478085252939
78050000	0.49361346896309627	0.6228678567480337
78100000	0.48620206782205094	0.6063296001903808
78150000	0.4800956262039211	0.5903994809944165
78200000	0.47532831882303056	0.575129577729929
78250000	0.4719202295957235	0.560589009877148
78300000	0.46987654277990165	0.5468838294255625
78350000	0.4691873400318735	0.5341123036916936
78400000	0.4698280448278407	0.5223704329867014
78450000	0.47176048980065316	0.5117465934177425
78500000	0.474934519395749	0.5023174257934574
78550000	0.4792899911668128	0.4941450886609857
78600000	0.4847590116841108	0.4872758113231892
78650000	0.49126823969616834	0.48173957417768604
78700000	0.49874110687389606	0.47755069959955176
78750000	0.5070998385721335	0.4747128837360973
78800000	0.5162671956932025	0.47325455566413693
78850000	0.5261678968704359	0.4731588770095872
78900000	0.5367297128265153	0.47438554511610415
78950000	0.5478842493457275	0.47688432800120323
79000000	0.5595674513574036	0.4805966602353964
79050000	0.5717198690985609	0.4854575040593911
79100000	0.5842867298581713	0.4913973274657839
79150000	0.5972178572163566	0.4983440617172619
79200000	0.6104674756098692	0.5062249250402432
79250000	0.6239939327652696	0.514968030519533
79300000	0.6377593669537587	0.5245037593033522
79350000	0.6517293407121773	0.5347687262785656
79400000	0.6658724579583629	0.54568340881408
79450000	0.6801599774365886	0.557167294593946
79500000	0.6945654321710395	0.5691499273332993
79550000	0.7090642620249771	0.5815697825205194
79600000	0.7236334644694467	0.5943731924281913
79650000	0.7382512671562034	0.6075133334132286
79700000	0.7528968247668439	0.6209492768470225
79750000	0.7675499417845254	0.6346450958688751
79800000	0.7821908222311907	0.6485690127029046
79850000	0.7967998469693508	0.6626925646774741
79900000	0.8113573788336098	0.6769897605233507
79950000	0.8258435955960121	0.6914331893916228
80000000	0.8402383505511726	0.7059914288654394
80050000	0.8545210603129976	0.7206388090691486
80100000	0.8686706192301107	0.7353515491883112
80150000	0.8826653396437506	0.7501071692229977
80200000	0.8964829170263866	0.7648841749222807
80250000	0.910100418850322	0.7796618839678289
80300000	0.9234942958459218	0.7944203916640374
80350000	0.9366404141221386	0.8091406771489188
80400000	0.9495141064432151	0.8238048512944373
80450000	0.9620902407906773	0.8383965439665324
80500000	0.9743433041948071	0.8529020109963612
80550000	0.9862474997010043	0.8673124177608053
80600000	0.9977768542486612	0.881607290304557
80650000	1.008905335187761	0.8957583874586699
80700000	1.0196069731448394	0.9097327894846791
80750000	1.0298559889764523	0.9234948505346516
80800000	1.0396269226158381	0.937008760161016
80850000	1.0488947617255462	0.9502415587767934
80900000	1.0576350682131586	0.9631663078373229
80950000	1.0658241008451674	0.9757649952005992
81000000	1.073438932400554	0.9880307052573457
81050000	1.080457560035277	0.9999686372124658
81100000	1.0868590077751779	1.0115835420817418
81150000	1.0926234203111465	1.0228291420343976
81200000	1.0977321475302477	1.0336563311026135
81250000	1.1021678194729843	1.0440200329592444
81300000	1.1059144116541564	1.0538809266078233
81350000	1.108957300917147	1.0632071692544969
81400000	1.1112833122040084	1.0719749903091853
81450000	1.1128807568127936	1.0801683290228197
81500000	1.113739462875768	1.0877777790825776
81550000	1.1138507989256663	1.0947991218804796
81600000	1.113207691520663	1.1012292688310321
81650000	1.111804637972038	1.1070229206446087
81700000	1.1096377152621388	1.1121513336520272
81750000	1.106704586255438	1.1166007551482873
81800000	1.1030045042941325	1.1203587012344745
81850000	1.0985383172342056	1.1234136808571564
81900000	1.0933084719210238	1.1257548554897503
81950000	1.0873190200283078	1.1273716659925939
82000000	1.0805756260942112	1.1282534474745773
82050000	1.0730855784864248	1.1283890446542897
82100000	1.0648578039183	1.1277664340634135
82150000	1.0559028860234325	1.1263723550889286
82200000	1.0462330883800486	1.1241810408959987
82250000	1.0358623822626403	1.1211906698084095
82300000	1.0248064792890599	1.1174217813778622
82350000	1.0130828690301554	1.1128910635716538
82400000	1.0007108615583264	1.1076117336151767
82450000	0.9877116348331789	1.1015938526450317
82500000	0.974108286758984	1.0948445790482746
82550000	0.9599258917004561	1.0873683725098764
82600000	0.9451915612110481	1.0791671608972118
82650000	0.9299345087106518	1.0702404829304861
82700000	0.9141861178445512	1.060585621413835
82750000	0.8979800142587258	1.0501977451330364
82800000	0.8813521405309446	1.039086693910802
82850000	0.8643408339922313	1.0272880893193213
82900000	0.8469869071451751	1.0148330192932655
82950000	0.8293337303138935	1.0017509590993243
83000000	0.811427316020199	0.9880701392615884
83050000	0.7933164043373488	0.9738178692953631
83100000	0.7750525480849654	0.9590208275474207
83150000	0.7566901961449136	0.9437053261740174
83200000	0.7382867723356271	0.9278975597610836
83250000	0.7199027461133704	0.9116238463373929
83300000	0.7016016897965911	0.8949108706537571
83350000	0.6834503149619245	0.877790922433348
83400000	0.665518478078961	0.8603252289444415
83450000	0.6478791423114937	0.8425509852680461
83500000	0.630608278758187	0.8245054198682262
83550000	0.61378468638354	0.806232650431953
83600000	0.5974897058110534	0.7877839142672877
83650000	0.5818067985459022	0.7692172801035375
83700000	0.5668209608707457	0.7505966503295848
83750000	0.5526179417268402	0.731989892334199
83800000	0.5392832377264523	0.7134660276973119
83850000	0.5269008475314858	0.6950915713875078
83900000	0.5155517834748444	0.6769263429997587
83950000	0.5053123611221318	0.6590205419510926
84000000	0.4962523168240617	0.6414420247997097
84050000	0.4884328366898252	0.6242716048339458
84100000	0.4819046131691253	0.6075985427137982
84150000	0.47670607108406854	0.591520613869193
84200000	0.47286191633601365	0.5761380861020103
84250000	0.47038215169154074	0.5615477690984354
84300000	0.4692616725104152	0.5478379929466324
84350000	0.4694805035379252	0.5350851377407879
84400000	0.47100467368071397	0.5233519818341682
84450000	0.473787660332685	0.5126877781526463
84500000	0.47777228017523155	0.5031567291960943
84550000	0.48289286855436453	0.4948518225507458
84600000	0.4890775786185642	0.4878321453706209
84650000	0.4962506429561419	0.4821435476954205
84700000	0.5043344688083157	0.47781673973973177
84750000	0.5132514753318712	0.47486612137879114
84800000	0.5229256203400799	0.473289626855473
84850000	0.5332835987378213	0.47306947880032313
84900000	0.5442557221661235	0.4741737031560864
84950000	0.5557765081075723	0.476558223427361
85000000	0.5677850174433263	0.480169334090898
85050000	0.5802249836873865	0.48495298866019315
85100000	0.5930447766630292	0.49085345449934537
85150000	0.6061972399435015	0.49777960233663415
85200000	0.6196394363592803	0.5056418431631909
85250000	0.6333323303044051	0.5143554416053783
85300000	0.6472404301308761	0.5238410492336019
85350000	0.6613314089926109	0.5340250061591065
85400000	0.6755757182704619	0.5448394430380575
85450000	0.6899462042210833	0.5562222158153513
85500000	0.7044177357040002	0.5681167022825836
85550000	0.7189668486709545	0.5804714836627859
85600000	0.7335714114483933	0.5932399174171705
85650000	0.7482103136077446	0.6063748496961375
85700000	0.7628631803066064	0.6198232151108286
85750000	0.7775101133166387	0.6335378845377417
85800000	0.7921314594650566	0.6474783331265325
85850000	0.8067076068523688	0.6616095235136313
85900000	0.8212188089278359	0.675900947714032
85950000	0.8356450362751953	0.6903257975353632
86000000	0.8499658557608243	0.7048602343079966
86050000	0.8641603365101551	0.7194827294032057
86100000	0.8782069819949438	0.734173447136624
86150000	0.8920836873292348	0.7489136410830108
86200000	0.9057677206841283	0.7636848983343663
86250000	0.9192357275414413	0.7784677517842638
86300000	0.9324637563181669	0.7932439157766853
86350000	0.94542730371162	0.807993498783053
86400000	0.958101377945093	0.8226943892547
86450000	0.970460577942117	0.8373225898693115
86500000	0.9824791863295483	0.8518528446897171
86550000	0.9941312740714753	0.8662596014446954
86600000	1.0053908144719417	0.8805183299919705
86650000	1.0162318042580092	0.8946071779310054
86700000	1.0266283894684978	0.9085088831876377
86750000	1.036554993928003	0.9222127842016761
86800000	1.0459864481805397	0.9357163915157953
86850000	1.0548981168899654	0.9490089890699378
86900000	1.0632660228818391	0.9620541064291985
86950000	1.0710669661995649	0.9748086304114228
87000000	1.0782786367703339	0.9872282906645459
87050000	1.0848797195181956	0.9992715425291705
87100000	1.0908499910154559	1.0109031084968239
87150000	1.0961704070229543	1.022096675058438
87200000	1.1008231805281516	1.0328363884166154
87250000	1.1047918501407212	1.04311702042122
87300000	1.1080613389430694	1.0529429158503754
87350000	1.1106180041126086	1.0623130205260067
87400000	1.1124496778294821	1.071174639247598
87450000	1.1135457001545896	1.079487777281513
87500000	1.1138969447055524	1.087219274389669
87550000	1.1134958380714903	1.0943411208756835
87600000	1.1123363739904022	1.1008303737594403
87650000	1.1104141233659692	1.1066686249894155
87700000	1.1077262412247009	1.1118411974316695
87750000	1.1042714717112596	1.116336209954261
87800000	1.100050152191713	1.1201436134795404
87850000	1.095064217484102	1.1232542632187645
87900000	1.0893172051660458	1.1256452787653017
87950000	1.082814262823331	1.1272823502088918
88000000	1.0755621580050465	1.128169521785995
88050000	1.067569291543106	1.1283103239723997
88100000	1.0588457147804946	1.1277062175431682
88150000	1.0494031511367516	1.1263566718148017
88200000	1.0392550223240686	1.1242592072126096
88250000	1.0284164794164914	1.1214094039988896
88300000	1.0169044388706738	1.117800879934689
88350000	1.0047376235021668	1.1134252402696445
88400000	0.9919366083390937	1.1082720040389564
88450000	0.9785238712064359	1.1023279754328965
88500000	0.9645238478412108	1.0955888107740144
88550000	0.9499629913013895	1.0880804304205345
88600000	0.9348698354093978	1.0798291715011148
88650000	0.9192750619626315	1.070858000681068
88700000	0.9032115714444187	1.0611868999597909
88750000	0.886714556973961	1.0508331908688073
88800000	0.8698215812332233	1.0398118149050675
88850000	0.8525726560896977	1.0281355878961425
88900000	0.8350103245791201	1.0158154472902141
88950000	0.8171797447967618	1.0028607143403134
89000000	0.7991287750400967	0.9892793982170148
89050000	0.7809080592091917	0.9750814604890695
89100000	0.7625711109561032	0.9603107775447125
89150000	0.7441743943225705	0.945005354604294
89200000	0.7257773975483661	0.9291982205056323
89250000	0.7074426952979733	0.9129239068387652
89300000	0.6892359926647957	0.89621879663252
89350000	0.6712261419062118	0.8791213728086589
89400000	0.6534851199013687	0.8616723254170049
89450000	0.6360879508232851	0.8439144647597162
89500000	0.6191125545877104	0.8258923777888862
89550000	0.6026394975343663	0.8076517614354375
89600000	0.586751617966005	0.78923837461802
89650000	0.5715334963314239	0.770704952047688
89700000	0.5570707390029329	0.7521117159398283
89750000	0.5434490470673619	0.7335063517194358
89800000	0.5307530487992849	0.7149480619263748
89850000	0.5190648879188517	0.6965074610077716
89900000	0.508462580258123	0.678264276588484
89950000	0.4990181788967109	0.6603036898379334
90000000	0.49079582032195546	0.6427115683787288
90050000	0.48384975775748945	0.6255691741063468
90100000	0.47822251650908404	0.6089481935467825
90150000	0.47394332287413365	0.5929070300686704
90200000	0.47102695628219915	0.5774972032544364
90250000	0.46947315004728474	0.5628147845220207
90300000	0.46926662022518484	0.5489601632488883
90350000	0.4703777407414315	0.5360331462462486
90400000	0.47276381663712286	0.5241298473380508
90450000	0.4763708480290215	0.5133376303027075
90500000	0.48113563550590166	0.5037313932806317
90550000	0.486988059021222	0.4953712647570317
90600000	0.4938533671633546	0.48830159624072594
90650000	0.5016543374452637	0.4825510334505978
90700000	0.5103132036216466	0.4781334152216838
90750000	0.519753285227225	0.4750792073699996
90800000	0.5299002911293887	0.4734082087544106
90850000	0.540683298797854	0.4730972626424235
90900000	0.5520354324715694	0.47411117488502413
90950000	0.5638942765687392	0.4764038742332703
91000000	0.5762020668093307	0.47992003776889963
91050000	0.5889057023637393	0.4845970292044395
91100000	0.6019566196824455	0.4903669878319576
91150000	0.6153105640159117	0.49715891690219566
91200000	0.6289272891512018	0.5049006457795056
91250000	0.642770210353078	0.513520573699007
91300000	0.6568060303766587	0.5229520930650492
91350000	0.6710043539556585	0.5331226850718153
91400000	0.685337302445459	0.5439448619908507
91450000	0.6997791372957852	0.5553405011900538
91500000	0.7143058986699437	0.5672408866873431
91550000	0.7288950637202907	0.5795857177096079
91600000	0.7435252276705485	0.5923221417630954
91650000	0.7581758098494457	0.6054038267760291
91700000	0.7728267860827329	0.6187900753578172
91750000	0.787458448310919	0.6324449748158908
91800000	0.8020511919010572	0.6463365685421472
91850000	0.8165853308171395	0.6604360269324363
91900000	0.8310409405706128	0.6747159119394033
91950000	0.8453977286653738	0.6891425978517305
92000000	0.8596349320618085	0.7036865234666652
92050000	0.8737312410010519	0.7183217712989558
92100000	0.8876647483469159	0.7330244280868891
92150000	0.9014129234157573	0.7477721214027617
92200000	0.9149526090753645	0.7625436933982804
92250000	0.9282600407044266	0.7773190024395259
92300000	0.9413108854196811	0.792078847215011
92350000	0.9540802998033601	0.8068050101000265
92400000	0.9665430042051119	0.8214804165964306
92450000	0.978673371556664	0.8360894082879615
92500000	0.9904455285290688	0.8506213224906618
92550000	1.001833466786998	0.8650612780184861
92600000	1.0128111620559472	0.8793848384478279
92650000	1.0233526987186772	0.8935624721573117
92700000	1.0334323976988353	0.9075609821771348
92750000	1.0430249454714493	0.9213455390155598
92800000	1.0521055221609894	0.9348822679803522
92850000	1.0606499268446163	0.9481412159690409
92900000	1.0686346983669668	0.9610993861610493
92950000	1.0760372301885273	0.973743420027745
93000000	1.082835878025843	0.986071468070013
93050000	1.0890100592926735	0.9980932860253464
93100000	1.09454034360951	1.0097906790791114
93150000	1.0994085339081987	1.0211121109261867
93200000	1.103597737912381	1.0320101411720441
93250000	1.1070924300168548	1.0424412527365587
93300000	1.1098785038147672	1.052368498695608
93350000	1.1119433157260503	1.0617629813727558
93400000	1.1132757203601529	1.070604196544974
93450000	1.1138660983982243	1.0788794378955133
93500000	1.1137063779026792	1.086582542090959
93550000	1.112790050054696	1.0937122658932579
93600000	1.111112180382709	1.100250575568793
93650000	1.1086694165781745	1.106147419523508
93700000	1.1054599940002414	1.11138440324337
93750000	1.101483739950642	1.1159461336666232
93800000	1.0967420777565446	1.1198188560342057
93850000	1.0912380316352617	1.1229901040142816
93900000	1.0849762332337753	1.1254482862348745
93950000	1.077962930641255	1.1271822449214772
94000000	1.0702060005676692	1.1281808096317985
94050000	1.0617149642695818	1.1284323593005232
94100000	1.0525010076886967	1.1279243986600698
94150000	1.0425770061531454	1.1266393624854847
94200000	1.0319575538787866	1.1245526973163085
94250000	1.0206589984013372	1.1216795212970425
94300000	1.0086994799723819	1.1180368695774905
94350000	0.9960989758658302	1.113638207113917
94400000	0.9828793494685658	1.1084937597018807
94450000	0.9690644039705988	1.102610779762081
94500000	0.9546799404279556	1.095993757744514
94550000	0.9397538199445964	1.088644590042815
94600000	0.9243160297071037	1.0805627147784929
94650000	0.908398752604657	1.0717452280008781
94700000	0.8920364401711416	1.0621869950851297
94750000	0.8752658885888981	1.051885655894151
94800000	0.858126317482127	1.0408688524734868
94850000	0.840659451186765	1.0291688589278112
94900000	0.8229096020907253	1.0168152274213607
94950000	0.8049237554651439	1.0038358249244244
95000000	0.7867516549176066	0.9902571747849777
95050000	0.7684458871462133	0.9761047608149459
95100000	0.7500619640039184	0.9614033060102968
95150000	0.7316583989313356	0.9461770378622003
95200000	0.7132967735101551	0.9304499530404404
95250000	0.695041788154207	0.9142460961366206
95300000	0.6769612887204314	0.8975899223072602
95350000	0.6591262580397356	0.8805313170192945
95400000	0.6416107580333369	0.8631192262994217
95450000	0.6244918042685831	0.8453874418918855
95500000	0.6078491507199849	0.8273756694853589
95550000	0.5917649585182776	0.8091299532441906
95600000	0.5763233192184832	0.7907027404872281
95650000	0.561609601512766	0.7721524183126821
95700000	0.5477095915696099	0.7535421505603351
95750000	0.5347084027382055	0.7349378799479193
95800000	0.5226891416798795	0.716405454807957
95850000	0.5117313361970725	0.6980070032323223
95900000	0.5019091553655811	0.6797969011325049
95950000	0.4932894837781725	0.6618297869436709
96000000	0.4859299455097014	0.6441813445355049
96050000	0.47987700442801573	0.6269315388804017
96100000	0.47516428879623324	0.6101720120242478
96150000	0.4718112927677211	0.5940010066029155
96200000	0.4698225904191065	0.5785173601615873
96250000	0.46918765857123607	0.5638147715915839
96300000	0.469881347286348	0.5499771837045135
96350000	0.47186497090661433	0.5370758623561623
96400000	0.4750879297165539	0.5251683771819626
96450000	0.47948972399035406	0.5143042087961814
96500000	0.4850021958013809	0.5045772731744476
96550000	0.491551831577023	0.4960676969022647
96600000	0.4990619767969271	0.4888373495384618
96650000	0.5074548467558616	0.4829346918450399
96700000	0.5166532560669437	0.47839260515673
96750000	0.5265820275724554	0.4752273169463884
96800000	0.5371690736751098	0.473438347574541
96850000	0.5483461673397654	0.47300935907723235
96900000	0.5600494357422341	0.47390974971729266
96950000	0.5722196177383874	0.4760968099023503
97000000	0.5848021286597024	0.4795192246053701
97050000	0.5977469742222635	0.4841368752294938
97100000	0.6110085511829729	0.4898738302829967
97150000	0.6245453670596907	0.4966410779701854
97200000	0.6383197056466265	0.5043525302842273
97250000	0.6522972597661374	0.5129259612413001
97300000	0.6664467480095467	0.5222836971542939
97350000	0.6807395282571572	0.5323530741265822
97400000	0.6951492175385614	0.5430666859751873
97450000	0.7096513252398272	0.5543624492465454
97500000	0.7242229046916291	0.5661835113115101
97550000	0.7388422266809402	0.578478023491577
97600000	0.7534884773196618	0.5911974992638735
97650000	0.7681414818883826	0.6042866117314427
97700000	0.7827814556775708	0.6176913522890477
97750000	0.7973887824098365	0.6313653422918085
97800000	0.8119438204968727	0.6452686646100174
97850000	0.8264267371255282	0.6593667886730232
97900000	0.8408173699508388	0.6736296357822957
97950000	0.8550951159803157	0.688030755791486
98000000	0.8692388470490789	0.7025465861492539
98050000	0.8832268511022958	0.7171557639297458
98100000	0.8970367983155567	0.7318384605181009
98150000	0.9106457308947302	0.7465757068977231
98200000	0.9240300752074317	0.7613473497965778
98250000	0.9371656747112388	0.7761332844259949
98300000	0.9500278419656373	0.7909143147568459
98350000	0.9625914278505148	0.8056695172589027
98400000	0.9748309059700342	0.8203763588840769
98450000	0.9867204701031828	0.83501106582454
98500000	0.9982341424756811	0.8495492731052893
98550000	1.0093458905772736	0.863966986330891
98600000	1.0200297502362208	0.8782418650466715
98650000	1.030259952691129	0.8923547980028029
98700000	1.0400110534693814	0.9062916825899135
98750000	1.0492580609900188	0.9200452481108679
98800000	1.0579765629548092	0.9336113669118332
98850000	1.0661428487703688	0.9469628497674266
98900000	1.0737340264517359	0.9600598111814564
98950000	1.0807281326883125	0.9728591758292566
99000000	1.0871042349998143	0.9853183857307719
99050000	1.0928425251666156	0.9973991607861037
99100000	1.097924403378594	1.0090707879226184
99150000	1.102332552802885	1.0203124587283967
99200000	1.1060510045177292	1.0311143391249504
99250000	1.1090651929911741	1.0414772913210193
99300000	1.1113620024951891	1.051409965429817
99350000	1.1129298050336816	1.0608793858650722
99400000	1.11375849052402	1.0698355375855295
99450000	1.1138394901039999	1.0782407385386859
99500000	1.1131657935384502	1.086062586696459
99550000	1.1117319617718084	1.093274330690029
99600000	1.1095341357154085	1.0998546042249167
99650000	1.1065700423723293	1.105786729870789
99700000	1.1028389993902517	1.1110577759609794
99750000	1.0983419190963706	1.1156575112337457
99800000	1.0930813130106993	1.1195773585501658
99850000	1.0870612977582534	1.1228044316292196
99900000	1.0802876032099435	1.1252955041711201
99950000	1.0727675835797483	1.1270449166420615
100000000	1.0645102320956863	1.128054466925925