0.	4.5964955526932666e-7	-4.1017638455054415e-13
40000.	4.417889369003728e-7	-4.3658954707585934e-13
80000.	4.2299437169572653e-7	-4.620944070511403e-13
120000.	4.0330097230657955e-7	-4.86631073312911e-13
160000.	3.827461787038781e-7	-5.101421901984534e-13
200000.	3.61369671365485e-7	-5.325731369079987e-13
240000.	3.3921327556366564e-7	-5.538722131673903e-13
280000.	3.163208573433051e-7	-5.739908100026975e-13
320000.	2.9273821182496063e-7	-5.928835645959448e-13
360000.	2.6851294450376924e-7	-6.105084983593346e-13
400000.	2.4369434624495226e-7	-6.268271375412797e-13
440000.	2.1833326269930023e-7	-6.418046158584969e-13
480000.	1.9248195887715402e-7	-6.554097588313622e-13
520000.	1.6619397962729075e-7	-6.676151496819638e-13
560000.	1.3952400676787554e-7	-6.783971768330802e-13
600000.	1.125277136102491e-7	-6.877360632189304e-13
640000.	8.526161760335756e-8	-6.956158777827279e-13
680000.	5.7782931807311995e-8	-7.020245296895315e-13
720000.	3.0149415879281646e-8	-7.069537459237019e-13
760000.	2.419227224504964e-9	-7.10399033066935e-13
800000.	-2.5349227070281448e-8	-7.123596241638091e-13
840000.	-5.3097436943037656e-8	-7.128384116763406e-13
880000.	-8.076693416741537e-8	-7.11841867606277e-13
920000.	-1.082994347794835e-7	-7.093799519236538e-13
960000.	-1.3563697867914478e-7	-7.05466010482308e-13
1.e6	-1.627220660147271e-7	-7.001166636280267e-13
1.04e6	-1.8949779000946228e-7	-6.933516867132888e-13
1.08e6	-2.1590796593915308e-7	-6.851938837249321e-13
1.12e6	-2.4189725602020794e-7	-6.756689552087808e-13
1.16e6	-2.674112900163782e-7	-6.648053616392497e-13
1.2e6	-2.9239678141983254e-7	-6.52634183333898e-13
1.24e6	-3.168016391076294e-7	-6.391889779541593e-13
1.28e6	-3.4057507441743273e-7	-6.245056365657236e-13
1.32e6	-3.6366770362627356e-7	-6.086222391569282e-13
1.36e6	-3.8603164585270733e-7	-5.915789104327564e-13
1.4e6	-4.0762061643580137e-7	-5.734176766172434e-13
1.44e6	-4.2839001587352177e-7	-5.541823239099762e-13
1.48e6	-4.4829701442812346e-7	-5.339182591544482e-13
1.52e6	-4.6730063252696135e-7	-5.126723731888345e-13
1.56e6	-4.85361817103403e-7	-4.904929072646255e-13
1.6e6	-5.024435140342395e-7	-4.674293228367953e-13
1.64e6	-5.185107368369886e-7	-4.435321749518554e-13
1.68e6	-5.335306317925146e-7	-4.188529893883169e-13
1.72e6	-5.474725396556637e-7	-3.9344414363844866e-13
1.76e6	-5.603080541086114e-7	-3.6735875176155735e-13
1.8e6	-5.720110770986383e-7	-3.4065055308775853e-13
1.84e6	-5.825578711836714e-7	-3.133738047076637e-13
1.88e6	-5.919271089852644e-7	-2.855831776478631e-13
1.92e6	-6.000999198195853e-7	-2.5733365660439117e-13
1.96e6	-6.070599335422969e-7	-2.2868044308654344e-13
2.e6	-6.127933216030795e-7	-1.9967886181108847e-13
2.04e6	-6.172888352597721e-7	-1.703842701817388e-13
2.08e6	-6.205378408509982e-7	-1.4085197069014125e-13
2.12e6	-6.225343519697284e-7	-1.1113712608201559e-13
2.16e6	-6.232750583188638e-7	-8.129467714468731e-14
2.2e6	-6.227593509642781e-7	-5.137926298924779e-14
2.24e6	-6.209893436312118e-7	-2.144514372121678e-14
2.28e6	-6.179698896179436e-7	8.453874583268116e-15
2.32e6	-6.13708593826938e-7	3.826451265367409e-14
2.36e6	-6.082158193406064e-7	6.793408858603809e-14
2.4e6	-6.015046878976085e-7	9.741058619538999e-14
2.44e6	-5.935910735595962e-7	1.2664272114192104e-13
2.48e6	-5.844935887994853e-7	1.5558000479062258e-13
2.52e6	-5.742335621949037e-7	1.8417280574428083e-13
2.56e6	-5.628350068773464e-7	2.123724089732937e-13
2.6e6	-5.503245788732938e-7	2.401310724533718e-13
2.64e6	-5.367315244821027e-7	2.6740208121432687e-13
2.68e6	-5.220876158711125e-7	2.941397987001791e-13
2.72e6	-5.064270741352431e-7	3.202997153430001e-13
2.76e6	-4.89786479170024e-7	3.458384942604041e-13
2.8e6	-4.722046658464599e-7	3.7071401399930574e-13
2.84e6	-4.537226061552917e-7	3.948854082664316e-13
2.88e6	-4.343832772075629e-7	4.1831310260871337e-13
2.92e6	-4.1423151523681354e-7	4.409588480337594e-13
2.96e6	-3.9331385604258774e-7	4.62785751591579e-13
3.e6	-3.716783626395532e-7	4.837583039728762e-13
3.04e6	-3.493744412239961e-7	5.038424042159695e-13
3.08e6	-3.264526469291522e-7	5.230053816527624e-13
3.12e6	-3.0296448120070796e-7	5.412160152634584e-13
3.16e6	-2.7896218296931044e-7	5.584445506488539e-13
3.2e6	-2.5449851611255604e-7	5.74662714867228e-13
3.24e6	-2.296265559683311e-7	5.898437294190696e-13
3.28e6	-2.043994778686988e-7	6.039623216962607e-13
3.32e6	-1.788703507937205e-7	6.169947352419763e-13
3.36e6	-1.5309193928543003e-7	6.289187391926309e-13
3.4e6	-1.2711651670433935e-7	6.397136372929344e-13
3.44e6	-1.0099569274918943e-7	6.493602768888433e-13
3.48e6	-7.478025789506868e-8	6.57841058310287e-13
3.52e6	-4.8520047040460354e-8	6.651399450555761e-13
3.56e6	-2.2263824200519847e-8	6.712424751819352e-13
3.6e6	3.940810443058365e-9	6.761357742914146e-13
3.64e6	3.00474904059824e-8	6.798085704784143e-13
3.68e6	5.601112956204231e-8	6.822512115741352e-13
3.72e6	8.17879461027145e-8	6.834556849846341e-13
3.76e6	1.0733546489895693e-7	6.83415640372994e-13
3.8e6	1.3261249992757427e-7	6.82126415382835e-13
3.84e6	1.57579118919446e-7	6.795850645404095e-13
3.88e6	1.8219659280035344e-7	6.757903914064985e-13
3.92e6	2.0642733281269083e-7	6.707429839779051e-13
3.96e6	2.3023481842048878e-7	6.644452532623377e-13
4.e6	2.5358351920702134e-7	6.56901474870793e-13
4.04e6	2.76438813976277e-7	6.48117833389121e-13
4.08e6	2.9876691017336227e-7	6.381024692063602e-13
4.12e6	3.205347665547629e-7	6.26865527392779e-13
4.16e6	3.417100217811928e-7	6.144192081364764e-13
4.2e6	3.6226093128867884e-7	6.007778181651486e-13
4.24e6	3.82156314434057e-7	5.859578225004279e-13
4.28e6	4.013655135255629e-7	5.699778958172896e-13
4.32e6	4.198583659528153e-7	5.528589726117547e-13
4.36e6	4.3760519023777965e-7	5.346242953176266e-13
4.4e6	4.545767864501812e-7	5.152994594586604e-13
4.44e6	4.7074445107809897e-7	4.949124548774836e-13
4.48e6	4.860800061232871e-7	4.734937020479122e-13
4.52e6	5.005558419069102e-7	4.5107608245417615e-13
4.56e6	5.141449728269499e-7	4.2769496200980487e-13
4.6e6	5.268211051050409e-7	4.033882064915247e-13
4.64e6	5.385587153965664e-7	3.7819618798003437e-13
4.68e6	5.493331390121644e-7	3.5216178133063325e-13
4.72e6	5.591206664081718e-7	3.2533034974257854e-13
4.76e6	5.678986465444795e-7	2.9774971855706563e-13
4.8e6	5.756455956773032e-7	2.6947013648961624e-13
4.84e6	5.823413101476017e-7	2.4054422359327316e-13
4.88e6	5.87966981739175e-7	2.1102690535366614e-13
4.92e6	5.925053142111114e-7	1.8097533243502166e-13
4.96e6	5.959406396532697e-7	1.5044878572641353e-13
5.e6	5.982590333686692e-7	1.1950856647871756e-13
5.04e6	5.994484260504913e-7	8.82178714732443e-14
5.08e6	5.994987120917069e-7	5.664165332113831e-14
5.12e6	5.984018529409119e-7	2.4846466156258062e-14
5.16e6	5.96151974497156e-7	-7.099702848719525e-15
5.2e6	5.92745457618678e-7	-3.9127615545211205e-14
5.24e6	5.881810209046784e-7	-7.116697768635191e-14
5.28e6	5.824597949949251e-7	-1.0314664569246163e-13
5.32e6	5.755853877188369e-7	-1.3499484422155465e-13
5.36e6	5.675639395132848e-7	-1.6663939331522583e-13
5.4e6	5.584041686164224e-7	-1.9800794375508083e-13
5.44e6	5.481174056330929e-7	-2.290282191436217e-13
5.48e6	5.367176171556039e-7	-2.5962826311837944e-13
5.52e6	5.242214182113614e-7	-2.8973669002111e-13
5.56e6	5.106480733959543e-7	-3.192829372765327e-13
5.6e6	4.960194866360665e-7	-3.481975176889809e-13
5.64e6	4.803601796108733e-7	-3.7641226984117765e-13
5.68e6	4.636972589426403e-7	-4.038606047780228e-13
5.72e6	4.4606037234672096e-7	-4.304777471797556e-13
5.76e6	4.274816540073733e-7	-4.562009692731873e-13
5.8e6	4.0799565951815417e-7	-4.809698157960026e-13
5.84e6	3.8763929079383617e-7	-5.047263184167303e-13
5.88e6	3.664517114236847e-7	-5.274151981201513e-13
5.92e6	3.444742529937608e-7	-5.489840541932432e-13
5.96e6	3.21750312957349e-7	-5.693835385879399e-13
6.e6	2.983252446780694e-7	-5.885675145918764e-13
6.04e6	2.742462403085845e-7	-6.064931989042764e-13
6.08e6	2.495622071994082e-7	-6.231212863885084e-13
6.12e6	2.2432363855645914e-7	-6.384160569528539e-13
6.16e6	1.9858247908305996e-7	-6.523454641937711e-13
6.2e6	1.7239198635154776e-7	-6.648812056186059e-13
6.24e6	1.4580658865215218e-7	-6.759987744444956e-13
6.28e6	1.1888174006198076e-7	-6.856774931445526e-13
6.32e6	9.167377346559427e-8	-6.939005290787439e-13
6.36e6	6.42397522406383e-8	-7.006548927030585e-13
6.4e6	3.663732129832814e-8	-7.059314189945033e-13
6.44e6	8.924558138934652e-9	-7.09724732859533e-13
6.48e6	-1.8840175451532805e-8	-7.120331994083272e-13
6.52e6	-4.659838047600261e-8	-7.128588600757455e-13
6.56e6	-7.429156602719503e-8	-7.122073556511711e-13
6.6e6	-1.018613923145486e-7	-7.100878373433157e-13
6.64e6	-1.2924981096486489e-7	-7.065128670523786e-13
6.68e6	-1.563992021933615e-7	-7.014983080508826e-13
6.72e6	-1.832525084921199e-7	-6.950632072866704e-13
6.76e6	-2.0975336453328867e-7	-6.872296705175675e-13
6.8e6	-2.3584622303471956e-7	-6.780227314681982e-13
6.84e6	-2.614764763848392e-7	-6.674702161666063e-13
6.88e6	-2.865905738716158e-7	-6.556026035728864e-13
6.92e6	-3.1113613440612e-7	-6.424528835557212e-13
6.96e6	-3.3506205467480253e-7	-6.280564132068788e-13
7.e6	-3.5831861269523267e-7	-6.124507724102283e-13
7.04e6	-3.808575667873231e-7	-5.956756195022048e-13
7.08e6	-4.026322500061361e-7	-5.777725477766751e-13
7.12e6	-4.235976601122825e-7	-5.587849435004437e-13
7.16e6	-4.437105451821359e-7	-5.387578460177465e-13
7.2e6	-4.629294849816962e-7	-5.177378104346082e-13
7.24e6	-4.812149682454225e-7	-4.957727732881944e-13
7.28e6	-4.985294660141441e-7	-4.729119215236288e-13
7.32e6	-5.148375011941373e-7	-4.4920556502232176e-13
7.36e6	-5.301057145028544e-7	-4.2470501285260246e-13
7.4e6	-5.443029269650435e-7	-3.9946245334634013e-13
7.44e6	-5.57400199116306e-7	-3.735308380449018e-13
7.48e6	-5.693708870592766e-7	-3.469637695047062e-13
7.52e6	-5.801906955006547e-7	-3.1981539290732334e-13
7.56e6	-5.898377278746625e-7	-2.9214029138160856e-13
7.6e6	-5.982925336308873e-7	-2.6399338491585006e-13
7.64e6	-6.055381527310295e-7	-2.354298327162368e-13
7.68e6	-6.115601573601622e-7	-2.0650493885394666e-13
7.72e6	-6.163466908137324e-7	-1.7727406103629576e-13
7.76e6	-6.198885034716456e-7	-1.4779252233734836e-13
7.8e6	-6.221789857154964e-7	-1.181155257293641e-13
7.84e6	-6.232141975849245e-7	-8.829807126796223e-14
7.88e6	-6.229928949042126e-7	-5.839487579989828e-14
7.92e6	-6.215165515416108e-7	-2.8460295082210025e-14
7.96e6	-6.187893773924244e-7	1.451751775838079e-15
8.e6	-6.148183316032977e-7	3.1287855611961396e-14
8.04e6	-6.096131304818851e-7	6.099518828950375e-14
8.08e6	-6.031862494642263e-7	9.052157156824869e-14
8.12e6	-5.955529184445228e-7	1.1981554375522154e-13
8.16e6	-5.867311097115099e-7	1.4882642410029867e-13
8.2e6	-5.767415176848038e-7	1.7750437488086731e-13
8.24e6	-5.656075296081904e-7	2.0580046110252372e-13
8.28e6	-5.533551863374409e-7	2.3366670772937776e-13
8.32e6	-5.400131323632369e-7	2.610561543485974e-13
8.36e6	-5.256125542386006e-7	2.879229071696235e-13
8.4e6	-5.10187106639487e-7	3.1422218825955456e-13
8.44e6	-4.93772825380357e-7	3.399103819223213e-13
8.48e6	-4.7640802683685426e-7	3.649450781408635e-13
8.52e6	-4.5813319339763933e-7	3.8928511301813405e-13
8.56e6	-4.389908447772391e-7	4.128906061743644e-13
8.6e6	-4.190253952713193e-7	4.3572299508406784e-13
8.64e6	-3.982829973220573e-7	4.577450663663535e-13
8.68e6	-3.768113720795617e-7	4.789209840756523e-13
8.72e6	-3.546596279879991e-7	4.992163150760793e-13
8.76e6	-3.31878068783196e-7	5.185980516207856e-13
8.8e6	-3.0851799264937604e-7	5.370346312967353e-13
8.84e6	-2.8463148463298683e-7	5.544959545346425e-13
8.88e6	-2.6027120473562356e-7	5.709533999222649e-13
8.92e6	-2.3549017438983246e-7	5.863798375960358e-13
8.96e6	-2.1034156424470202e-7	6.007496410201178e-13
9.e6	-1.848784863378372e-7	6.140386974925922e-13
9.04e6	-1.5915379379282664e-7	6.262244177446727e-13
9.08e6	-1.3321989114741295e-7	6.372857450199031e-13
9.12e6	-1.0712855828033311e-7	6.472031640354816e-13
9.16e6	-8.093079066338692e-8	6.559587102365522e-13
9.2e6	-5.4676658323174526e-8	6.635359797560165e-13
9.24e6	-2.8415185463190692e-8	6.699201404867418e-13
9.28e6	-2.19425218593841e-9	6.750979446596934e-13
9.32e6	2.3939480815672778e-8	6.790577433003148e-13
9.36e6	4.9940624335360537e-8	6.817895029064263e-13
9.4e6	7.576508985668443e-8	6.832848246540582e-13
9.44e6	1.0137009684782857e-7	6.835369663932087e-13
9.48e6	1.26714159684123e-7	6.825408676438539e-13
9.52e6	1.5175705624646344e-7	6.802931777440877e-13
9.56e6	1.7645978067759192e-7	6.76792287237591e-13
9.6e6	2.007844831190485e-7	6.720383625174101e-13
9.64e6	2.246943994908187e-7	6.660333836680163e-13
9.68e6	2.481537745072716e-7	6.587811853687155e-13
9.72e6	2.7112778114944405e-7	6.502875006396006e-13
9.76e6	2.935824397396308e-7	6.405600071274409e-13
9.8e6	3.154845395994467e-7	6.296083755442721e-13
9.84e6	3.368015660305935e-7	6.17444319787135e-13
9.88e6	3.5750163505268843e-7	6.04081648184622e-13
9.92e6	3.775534379814617e-7	5.895363152358506e-13
9.96e6	3.969261975499494e-7	5.738264731314813e-13
1.e7	4.1558963688003376e-7	5.569725222756571e-13
1.004e7	4.335139622170528e-7	5.389971599635831e-13
1.008e7	4.506698599575638e-7	5.199254263130816e-13
1.012e7	4.6702850814118293e-7	4.997847465011225e-13
1.016e7	4.8256160224805e-7	4.786049683191005e-13
1.02e7	4.972413948506522e-7	4.564183940347151e-13
1.024e7	5.110407484149486e-7	4.332598055345613e-13
1.028e7	5.239332003326185e-7	4.0916648172094456e-13
1.032e7	5.358930390931415e-7	3.8417820714963047e-13
1.036e7	5.468953903701641e-7	3.583372709228789e-13
1.04e7	5.569163116978044e-7	3.3168845489454137e-13
1.044e7	5.659328943466264e-7	3.0427901030147134e-13
1.048e7	5.739233709718073e-7	2.761586220078942e-13
1.052e7	5.808672275937053e-7	2.4737935963662847e-13
1.056e7	5.867453184802266e-7	2.1799561496244413e-13
1.06e7	5.915399825271117e-7	1.8806402505784613e-13
1.064e7	5.952351597733559e-7	1.5764338080901171e-13
1.068e7	5.97816506741925e-7	1.2679452055835065e-13
1.072e7	5.992715093578666e-7	9.558020877865392e-14
1.076e7	5.995895922647249e-7	6.406499984026218e-14
1.08e7	5.987622234348705e-7	3.2315087095238485e-14
1.084e7	5.967830130475926e-7	3.981376689636101e-16
1.088e7	5.93647805690518e-7	-3.1616886482441096e-14
1.092e7	5.89354765023418e-7	-6.365992052331526e-14
1.096e7	5.839044501291913e-7	-9.56600008090441e-14
1.1e7	5.772998828630725e-7	-1.275454800290382e-13
1.104e7	5.695466055988877e-7	-1.5924425222589382e-13
1.108e7	5.606527288588024e-7	-1.906839863564584e-13
1.112e7	5.506289684015955e-7	-2.2179236693573633e-13
1.116e7	5.394886714325026e-7	-2.5249734019548885e-13
1.12e7	5.272478316856301e-7	-2.8272736409807295e-13
1.124e7	5.139250932172127e-7	-3.1241166047387716e-13
1.128e7	4.995417428341208e-7	-3.414804674996164e-13
1.132e7	4.841216911666701e-7	-3.6986529070531495e-13
1.136e7	4.6769144247746015e-7	-3.974991506911437e-13
1.14e7	4.502800533780371e-7	-4.243168257513736e-13
1.144e7	4.3191908070231484e-7	-4.502550876417316e-13
1.148e7	4.1264251885887415e-7	-4.752529287876903e-13
1.152e7	3.9248672705356374e-7	-4.992517793139269e-13
1.156e7	3.7149034683792336e-7	-5.221957123779013e-13
1.16e7	3.496942104981213e-7	-5.440316364117906e-13
1.164e7	3.271412408519969e-7	-5.647094730146228e-13
1.168e7	3.038763430685951e-7	-5.841823193884026e-13
1.172e7	2.7994628916494807e-7	-6.024065943756185e-13
1.176e7	2.5539959586763494e-7	-6.193421673281698e-13
1.18e7	2.3028639655288502e-7	-6.34952469216721e-13
1.184e7	2.0465830799757392e-7	-6.492045855718404e-13
1.188e7	1.7856829268463258e-7	-6.620693310312028e-13
1.192e7	1.5207051741073399e-7	-6.735213054478541e-13
1.196e7	1.2522020894065737e-7	-6.835389316904133e-13
1.2e7	9.807350744323571e-8	-6.921044754344425e-13
1.204e7	7.068731842702337e-8	-6.992040474030345e-13
1.208e7	4.31191638715858e-8	-7.048275886615577e-13
1.212e7	1.542703322196097e-8	-7.089688397050612e-13
1.216e7	-1.2330765119169781e-8	-7.116252941952223e-13
1.22e7	-4.0095751204654794e-8	-7.127981383061507e-13
1.224e7	-6.780941930609662e-8	-7.124921767237071e-13
1.228e7	-9.541338151611127e-8	-7.107157464110597e-13
1.232e7	-1.2284950872605783e-7	-7.0748061930355e-13
1.236e7	-1.5006006856417534e-7	-7.028018951289555e-13
1.24e7	-1.7698785992930374e-7	-6.966978855652701e-13
1.244e7	-2.0357634380584057e-7	-6.891899909478016e-13
1.248e7	-2.2976977009578136e-7	-6.803025707218558e-13
1.252e7	-2.5551330025322473e-7	-6.700628088075159e-13
1.256e7	-2.807531255552189e-7	-6.585005750003973e-13
1.26e7	-3.054365808887919e-7	-6.456482834784291e-13
1.264e7	-3.295122539784655e-7	-6.315407494208411e-13
1.268e7	-3.5293009001959074e-7	-6.162150446738068e-13
1.272e7	-3.756414917212006e-7	-5.997103533187549e-13
1.276e7	-3.975994147968575e-7	-5.820678279162994e-13
1.28e7	-4.187584589726815e-7	-5.633304471125234e-13
1.284e7	-4.390749546091998e-7	-5.435428752065791e-13
1.288e7	-4.5850704505605724e-7	-5.227513241908661e-13
1.292e7	-4.770147648772833e-7	-5.010034186887962e-13
1.296e7	-4.945601140985587e-7	-4.783480641316598e-13
1.3e7	-5.111071286372425e-7	-4.54835318436569e-13
1.304e7	-5.266219470802204e-7	-4.305162673729326e-13
1.308e7	-5.410728739741372e-7	-4.0544290373630056e-13
1.312e7	-5.544304397871591e-7	-3.7966801038641515e-13
1.316e7	-5.666674576906643e-7	-3.532450471514953e-13
1.32e7	-5.777590772935485e-7	-3.2622804155363135e-13
1.324e7	-5.876828354404743e-7	-2.9867148327084114e-13
1.328e7	-5.964187041590666e-7	-2.706302222199549e-13
1.332e7	-6.039491358088291e-7	-2.421593701210565e-13
1.336e7	-6.102591054470438e-7	-2.13314205388359e-13
1.34e7	-6.153361503838128e-7	-1.8415008118398511e-13
1.344e7	-6.191704068496369e-7	-1.5472233646943846e-13
1.348e7	-6.217546436452193e-7	-1.250862098942676e-13
1.352e7	-6.230842925837859e-7	-9.529675637163891e-14
1.356e7	-6.231574754727092e-7	-6.540876620560867e-14
1.36e7	-6.219750273133284e-7	-3.5476686653877636e-14
1.364e7	-6.195405153269173e-7	-5.554545831960476e-15
1.368e7	-6.158602533415705e-7	2.4304121111082237e-14
1.372e7	-6.109433110012947e-7	5.4046343589699354e-14
1.376e7	-6.048015171861844e-7	8.361978497035467e-14
1.38e7	-5.974494569637427e-7	1.1297280974502429e-13
1.384e7	-5.889044613288804e-7	1.4205454845969785e-13
1.388e7	-5.791865889368501e-7	1.708149603466775e-13
1.392e7	-5.683185989931665e-7	1.992048935913888e-13
1.396e7	-5.563259144407786e-7	2.2717614315003177e-13
1.4e7	-5.432365745822571e-7	2.5468150602436866e-13
1.404e7	-5.2908117629707e-7	2.8167483389464794e-13
1.408e7	-5.138928030657062e-7	3.081110830114021e-13
1.412e7	-4.977069410975208e-7	3.339463612518615e-13
1.416e7	-4.805613819803088e-7	3.591379722569877e-13
1.42e7	-4.624961114302904e-7	3.836444565806288e-13
1.424e7	-4.435531839215555e-7	4.074256298027298e-13
1.428e7	-4.237765832144578e-7	4.3044261758357803e-13
1.432e7	-4.0321206908049837e-7	4.526578876653105e-13
1.436e7	-3.819070108323808e-7	4.740352788596173e-13
1.44e7	-3.5991020860604245e-7	4.945400270962223e-13
1.444e7	-3.372717036965478e-7	5.141387886444171e-13
1.448e7	-3.140425796114361e-7	5.327996606588836e-13
1.452e7	-2.9027475585912943e-7	5.50492199240372e-13
1.456e7	-2.6602077682153583e-7	5.671874352405117e-13
1.46e7	-2.4133359835351e-7	5.828578880773421e-13
1.464e7	-2.1626637498954883e-7	5.974775778629313e-13
1.468e7	-1.9087225080674073e-7	6.110220361759648e-13
1.472e7	-1.652041570768107e-7	6.234683158395185e-13
1.476e7	-1.3931461982948335e-7	6.347950000865217e-13
1.48e7	-1.1325558033661222e-7	6.44982211512054e-13
1.484e7	-8.707823130963999e-8	6.54011621221899e-13
1.488e7	-6.083287128348799e-8	6.61866458590142e-13
1.492e7	-3.4568779246862554e-8	6.685315220347189e-13
1.496e7	-8.334111084486301e-9	6.739931912082488e-13
1.5e7	1.7824181161650953e-8	6.78239440982166e-13
1.504e7	4.386040680539436e-8	6.812598575749352e-13
1.508e7	6.973017101651245e-8	6.830456571400876e-13
1.512e7	9.539038713299437e-8	6.83589707087147e-13
1.516e7	1.207992681927222e-7	6.828865503585148e-13
1.52e7	1.4591629961881532e-7	6.809324328284678e-13
1.524e7	1.7070219544679054e-7	6.77725333927154e-13
1.528e7	1.9511884084559716e-7	6.732650005234836e-13
1.532e7	2.191292239476832e-7	6.675529840268573e-13
1.536e7	2.4269736016071304e-7	6.605926805895873e-13
1.54e7	2.6578821218379257e-7	6.523893742106173e-13
1.544e7	2.8836760890043465e-7	6.429502824576885e-13
1.548e7	3.104021661751856e-7	6.322846044405664e-13
1.552e7	3.3185921235621696e-7	6.204035705834493e-13
1.556e7	3.527067209944952e-7	6.073204936614254e-13
1.56e7	3.7291325294830554e-7	5.930508204850282e-13
1.564e7	3.9244790966685505e-7	5.776121835399263e-13
1.568e7	4.1128029905345126e-7	5.610244518166205e-13
1.572e7	4.293805149127818e-7	5.433097799992919e-13
1.576e7	4.467191306002952e-7	5.244926551245686e-13
1.58e7	4.6326720712644966e-7	5.045999397714232e-13
1.584e7	4.789963156312929e-7	4.836609108037546e-13
1.588e7	4.938785738434973e-7	4.61707292658509e-13
1.592e7	5.078866958745984e-7	4.3877328415551465e-13
1.596e7	5.209940544765023e-7	4.1489557780148373e-13
1.6e7	5.331747547081248e-7	3.9011337057052347e-13
1.604e7	5.444037178136095e-7	3.644683651676827e-13
1.608e7	5.546567740080645e-7	3.380047608210795e-13
1.612e7	5.639107627931717e-7	3.107692327019679e-13
1.616e7	5.721436393813999e-7	2.828108991411514e-13
1.62e7	5.793345857902156e-7	2.5418127589385e-13
1.624e7	5.854641251714419e-7	2.2493421680328934e-13
1.628e7	5.905142379644294e-7	1.9512584032520584e-13
1.632e7	5.944684784995029e-7	1.6481444150005295e-13
1.636e7	5.973120907283962e-7	1.3406038909590985e-13
1.64e7	5.990321218185658e-7	1.0292600779149021e-13
1.644e7	5.996175324158628e-7	7.147544542337883e-14
1.648e7	5.990593024528154e-7	3.9774525482925806e-14
1.652e7	5.97350531458253e-7	7.89058521403336e-15
1.656e7	5.944865324038946e-7	-2.4107700169228642e-14
1.66e7	5.904649182077754e-7	-5.6150506458516745e-14
1.664e7	5.852856800986815e-7	-8.816706176934739e-14
1.668e7	5.789512571324472e-7	-1.2008585919078245e-13
1.672e7	5.714665962384243e-7	-1.5183487960451863e-13
1.676e7	5.628392022619062e-7	-1.833418233703372e-13
1.68e7	5.530791775566263e-7	-2.1453434944680672e-13
1.684e7	5.421992507700788e-7	-2.453403204031049e-13
1.688e7	5.302147945517799e-7	-2.756880516822655e-13
1.692e7	5.171438320026056e-7	-3.0550656339927943e-13
1.696e7	5.030070317693629e-7	-3.347258329013604e-13
1.7e7	4.87827691774064e-7	-3.632770462831355e-13
1.704e7	4.716317116504723e-7	-3.9109284703737416e-13
1.708e7	4.5444755404110976e-7	-4.181075800327352e-13
1.712e7	4.363061949860203e-7	-4.442575290436333e-13
1.716e7	4.1724106370845803e-7	-4.694811461134358e-13
1.72e7	3.9728797217323463e-7	-4.937192711099703e-13
1.724e7	3.7648503485865164e-7	-5.169153399305455e-13
1.728e7	3.5487257924320914e-7	-5.39015579930662e-13
1.732e7	3.3249304756303e-7	-5.599691912847143e-13
1.736e7	3.093908904439187e-7	-5.797285131356696e-13
1.74e7	2.856124530539377e-7	-5.982491735518497e-13
1.744e7	2.6120585445698247e-7	-6.154902224797691e-13
1.748e7	2.3622086087571383e-7	-6.314142470596092e-13
1.752e7	2.1070875359242256e-7	-6.4598746885184e-13
1.756e7	1.8472219222938334e-7	-6.591798227064607e-13
1.76e7	1.5831507415618713e-7	-6.709650171878594e-13
1.764e7	1.3154239077003237e-7	-6.81320576645501e-13
1.768e7	1.0446008138637286e-7	-6.902278651910221e-13
1.772e7	7.71248854630038e-8	-6.976720930035033e-13
1.776e7	4.9594193858769144e-8	-7.03642305534639e-13
1.78e7	2.192589980189497e-8	-7.081313563222295e-13
1.784e7	-5.821749789483438e-9	-7.111358642426023e-13
1.788e7	-3.3590302028530566e-8	-7.126561561387123e-13
1.792e7	-6.132124425717703e-8	-7.126961958501673e-13
1.796e7	-8.895614819833051e-8	-7.112635007434955e-13
1.8e7	-1.1643681158773909e-7	-7.08369046895505e-13
1.804e7	-1.4370539685925805e-7	-7.040271641196429e-13
1.808e7	-1.7070456650655731e-7	-6.982554220451945e-13
1.812e7	-1.973776147953559e-7	-6.910745084626102e-13
1.816e7	-2.2366859554995994e-7	-6.825081011361958e-13
1.82e7	-2.4952244578845014e-7	-6.72582734258834e-13
1.824e7	-2.748851050287131e-7	-6.613276606837149e-13
1.828e7	-2.9970363013480106e-7	-6.487747110166587e-13
1.832e7	-3.2392630561778306e-7	-6.349581505909691e-13
1.836e7	-3.475027493469614e-7	-6.199145352767473e-13
1.84e7	-3.703840136664487e-7	-6.036825669995304e-13
1.844e7	-3.9252268194780494e-7	-5.863029497610219e-13
1.848e7	-4.1387296064113483e-7	-5.678182468690645e-13
1.852e7	-4.3439076691506683e-7	-5.482727399964206e-13
1.856e7	-4.540338119998874e-7	-5.277122906001082e-13
1.86e7	-4.7276168036762825e-7	-5.061842041463432e-13
1.864e7	-4.905359048975034e-7	-4.837370975017982e-13
1.868e7	-5.073200381860167e-7	-4.604207697714476e-13
1.872e7	-5.230797201659113e-7	-4.362860767873942e-13
1.876e7	-5.377827421993649e-7	-4.113848093830086e-13
1.88e7	-5.513991078061174e-7	-3.857695755231643e-13
1.884e7	-5.639010901779207e-7	-3.5949368630474297e-13
1.888e7	-5.752632866163755e-7	-3.326110457926396e-13
1.892e7	-5.854626700105318e-7	-3.051760446153462e-13
1.896e7	-5.944786374464585e-7	-2.772434572108949e-13
1.9e7	-6.022930560091432e-7	-2.488683425887042e-13
1.904e7	-6.088903058015582e-7	-2.2010594845525623e-13
1.908e7	-6.142573201634856e-7	-1.9101161854136796e-13
1.912e7	-6.183836230256141e-7	-1.6164070296570496e-13
1.916e7	-6.212613632812999e-7	-1.320484714723834e-13
1.92e7	-6.228853460010994e-7	-1.0229002938950332e-13
1.924e7	-6.232530602517645e-7	-7.24202361695046e-14
1.928e7	-6.223647032150421e-7	-4.2493626390379173e-14
1.932e7	-6.202232002308958e-7	-1.2564333118200338e-14
1.936e7	-6.168342203174569e-7	1.7313986444632033e-14
1.94e7	-6.122061866459471e-7	4.7088223075881625e-14
1.944e7	-6.063502813762359e-7	7.670588543931973e-14
1.948e7	-5.992804441888847e-7	1.061151677792426e-13
1.952e7	-5.910133637850325e-7	1.3526501537905318e-13
1.956e7	-5.815684615698991e-7	1.6410518773737705e-13
1.96e7	-5.709678666919417e-7	1.9258631939635535e-13
1.964e7	-5.592363815820474e-7	2.2065997834148676e-13
1.968e7	-5.464014371286107e-7	2.4827872188120486e-13
1.972e7	-5.324930366411787e-7	2.753961499080078e-13
1.976e7	-5.175436877994385e-7	3.0196695544149854e-13
1.98e7	-5.015883218610783e-7	3.279469723573739e-13
1.984e7	-4.846641995149757e-7	3.5329322021555366e-13
1.988e7	-4.668108029170287e-7	3.779639461148128e-13
1.992e7	-4.480697136370983e-7	4.019186635206462e-13
1.996e7	-4.284844764767593e-7	4.251181880371065e-13
2.e7	-4.0810044938688166e-7	4.475246701216137e-13