0	0.9593116623857867	0.9593116623857867
25000	0.951694016229747	0.9516949003157301
50000	0.9442140076623814	0.944217561941048
75000	0.9368791413386129	0.9368871659879991
100000	0.9296968588146327	0.9297112246108863
125000	0.9226745231906762	0.9226969865239425
150000	0.915819403142938	0.9158519284668212
175000	0.9091386563914394	0.9091832679787654
200000	0.9026393126610078	0.9026976236186685
225000	0.8963282562033617	0.8964018861579495
250000	0.8902122079594834	0.8903033401299917
275000	0.8842977074528139	0.8844087501354806
300000	0.8785910945151135	0.8787242794155744
325000	0.8730984909578565	0.8732554497946308
350000	0.8678257823124926	0.8680076272740231
375000	0.8627785997725168	0.8629870088635688
400000	0.8579623024787644	0.8581994749728005
425000	0.8533819602963315	0.8536503148763154
450000	0.8490423372367476	0.8493442058109937
475000	0.8449478756821864	0.8452852080445287
500000	0.8411026815693218	0.8414767762527094
525000	0.8375105106887143	0.8379223288984824
550000	0.8341747562511521	0.8346256627509882
575000	0.8310984378650847	0.8315900895856689
600000	0.828284192059128	0.8288183915733587
625000	0.825734264470628	0.8263128252250197
650000	0.8234505038055977	0.8240751333026708
675000	0.8214343576571737	0.8221065633404685
700000	0.8196868702494077	0.8204078915275725
725000	0.818208682151061	0.8189794508269896
750000	0.8170000319805827	0.8178215832361893
775000	0.8160607600990812	0.8169347372342954
800000	0.8153903142634306	0.8163178971708211
825000	0.8149877571871796	0.8159696956520618
850000	0.8148517759332788	0.8158884812640907
875000	0.8149806930402507	0.8160723353676547
900000	0.8153724792629017	0.8165190906684724
925000	0.8160247677903275	0.8172263512305853
950000	0.8169348697882799	0.8181915136239132
975000	0.8180997911001233	0.8194117889198161
1000000	0.8195162499308984	0.8208842252701295
1025000	0.8211806953324494	0.8226059658839587
1050000	0.8230893263042338	0.8245741549366572
1075000	0.8252381113242179	0.8267836448953464
1100000	0.8276228081269993	0.8292291116794711
1125000	0.8302389835518023	0.8319053111331399
1150000	0.8330820332909289	0.8348070826678214
1175000	0.8361472013793622	0.8379293529894509
1200000	0.8394295992780748	0.8412671398478485
1225000	0.8429242244169028	0.8448155557365589
1250000	0.8466259780771734	0.8485698114636774
1275000	0.8505296825092955	0.8525252195081933
1300000	0.8546300971958808	0.8566771970711159
1325000	0.8589219341863389	0.861021268725612
1350000	0.8633998724440142	0.8655531694790837
1375000	0.8680585711615469	0.8702681053395142
1400000	0.8728926820140522	0.8751593984666431
1425000	0.8778968603327412	0.8802204972538873
1450000	0.8830657751936508	0.8854451588738282
1475000	0.8883941184270999	0.8908274331660732
1500000	0.8938766125633085	0.8963616470065826
1525000	0.899508017738267	0.9020423890564131
1550000	0.9052831375914533	0.9078644947811138
1575000	0.9111968241933734	0.9138230316240336
1600000	0.9172439820461964	0.9199132842072302
1625000	0.9234195712050383	0.926130739422242
1650000	0.9297186095707902	0.9324710712592924
1675000	0.9361361744078456	0.938930125207206
1700000	0.9426674031417732	0.9455039020369612
1725000	0.9493074934929583	0.9521882322943542
1750000	0.9560517030026109	0.9589776811339283
1775000	0.9628953480073611	0.9658666606719287
1800000	0.9698338021180428	0.9728498276879767
1825000	0.976862494257251	0.9799220637268206
1850000	0.9839769063089279	0.987078456913249
1875000	0.9911725704316398	0.9943142848788666
1900000	0.9984450660854197	1.001624998663833
1925000	1.0057900168200906	1.0090062074594233
1950000	1.0132030868709294	1.016453664058416
1975000	1.0206799776053808	1.0239632508798482
2000000	1.028216423862349	1.031530966432632
2025000	1.0358081902233711	1.0391529120789444
2050000	1.0434510672527748	1.0468252789531882
2075000	1.0511408677417093	1.0545443348857721
2100000	1.0588734229887837	1.0623064111730613
2125000	1.0666445791478898	1.0701076385433224
2150000	1.0744501936717148	1.077943116673489
2175000	1.0822861318773982	1.0858085922799892
2200000	1.0901482636587836	1.0936998724335973
2225000	1.0980324603677896	1.1016127110330682
2250000	1.1059345918855175	1.1095428104308493
2275000	1.113850523901875	1.1174858264806995
2300000	1.1217761154206929	1.1254373773287485
2325000	1.1297072165055564	1.1333930562772832
2350000	1.1376396662798618	1.14134844904369
2375000	1.1455692911929207	1.149299155711474
2400000	1.1534919035623001	1.1572408176215343
2425000	1.1614033004009714	1.1651691493750456
2450000	1.1692992625362515	1.173079976009415
2475000	1.177175554025976	1.1809692752612837
2500000	1.185027921875798	1.188833224641602
2525000	1.1928520960600162	1.1966682528151684
2550000	1.2006437898468476	1.2044710945006991
2575000	1.2083987004275962	1.2122386648178867
2600000	1.216112509847762	1.2199670102247562
2625000	1.223780886236705	1.2276515338993832
2650000	1.2313994853311208	1.2352873027898716
2675000	1.2389639522862437	1.2428691108360743
2700000	1.246469923767377	1.2503915554353222
2725000	1.2539130303130914	1.257849125639409
2750000	1.261288898960197	1.2652363007370626
2775000	1.2685931561194337	1.272547657132525
2800000	1.2758214306896756	1.2797779806846288
2825000	1.282969357397391	1.2869223809805554
2850000	1.2900325803470893	1.2939764034493801
2875000	1.297006756767536	1.3009361348375585
2900000	1.3038875609376557	1.307798297429046
2925000	1.3106706882752461	1.3145603275381565
2950000	1.3173518595709175	1.3212204342517353
2975000	1.323926825349041	1.32777763513867
3000000	1.3303913703369639	1.334231295583845
3025000	1.336741318023305	1.3405768902112556
3050000	1.3429725352858095	1.346808040966968
3075000	1.349080937068994	1.3529183785875023
3100000	1.3550624910916926	1.358901614445095
3125000	1.360913222564579	1.3647516713574828
3150000	1.3666292188978224	1.3704627990263762
3175000	1.3722066343792265	1.376029670921225
3200000	1.3776416948035028	1.3814474604948837
3225000	1.3829307020337291	1.3867118957241684
3250000	1.3880700384765647	1.3918192920265318
3275000	1.39305617145341	1.3967665645433847
3300000	1.3978856574504186	1.4015512215495827
3325000	1.4025551462310855	1.4061713413175827
3350000	1.4070613847960463	1.4106255351252215
3375000	1.4114012211757252	1.4149128992576865
3400000	1.415571608042538	1.4190329588407231
3425000	1.4195696061305236	1.4229856061859103
3450000	1.4233923874514884	1.426769390290149
3475000	1.4270372382980365	1.430375789459412
3500000	1.4305015620251853	1.433800853497012
3525000	1.4337828816036384	1.437041643183391
3550000	1.4368788419391996	1.4400954647528956
3575000	1.4397872119542292	1.442959870164152
3600000	1.4425058864284903	1.4456326513750422
3625000	1.4450328875981722	1.4481118297468112
3650000	1.4473663665133094	1.4503956416013246
3675000	1.4495046041552349	1.4524825208423828
3700000	1.4514460123170823	1.454371079434149
3725000	1.453189134251715	1.4560600864129876
3750000	1.4547326450927442	1.4575484459976393
3775000	1.4560753520555554	1.4588351752594113
3800000	1.457216194426435	1.459919381720722
3825000	1.4581542433489942	1.4608002411675727
3850000	1.4588887014181142	1.461476975889562
3875000	1.45941890209258	1.4619488334995119
3900000	1.459744308938408	1.4622150664330107
3925000	1.4598645147156304	1.4622739024562563
3950000	1.4597792403219465	1.4621195095037578
3975000	1.459488333607193	1.4617531073657775
4000000	1.4589917680730289	1.4611769613739898
4025000	1.4582896414725626	1.4603931570115112
4050000	1.4573821743248732	1.4594036085953266
4075000	1.4562697083594998	1.458210067244823
4100000	1.454952704905984	1.4568141281304423
4125000	1.453431743243469	1.4552172370130494
4150000	1.4517075189251636	1.4534206960977922
4175000	1.4497808420922111	1.4514256692368015
4200000	1.447652635791116	1.4492331865237307
4225000	1.4453239343084345	1.4468441483304435
4250000	1.442795881535893	1.4442593288426502
4275000	1.440069729378485	1.4414793791574003
4300000	1.4371468362174222	1.4385048300115182
4325000	1.4340286654390693	1.4353360942166653
4350000	1.4307167840401989	1.4319734688841816
4375000	1.42721286131906	1.4284171375315429
4400000	1.423518667660863	1.4246671721726307
4425000	1.419636073425378	1.4207235355065333
4450000	1.4155670479433733	1.4165861205239763
4475000	1.4113136586276807	1.4122567812901885
4500000	1.4068780702036625	1.4077400559854074
4525000	1.4022625440628784	1.4030404393915796
4550000	1.3974694377427455	1.398162198657235
4575000	1.3925012045339906	1.393109389787713
4600000	1.3873603932166976	1.3878858728623584
4625000	1.382049647924776	1.3824953261575679
4650000	1.3765717081377087	1.3769412593465409
4675000	1.370929408797489	1.3712270259413937
4700000	1.3651256805477232	1.3653558351408748
4725000	1.3591635500909771	1.359330763247332
4750000	1.353046140659564	1.3531547648198952
4775000	1.3467766725941148	1.3468306837371855
4800000	1.3403584640234558	1.340361264352466
4825000	1.3337949316385251	1.3337491629372105
4850000	1.3270895915522951	1.3269969596259328
4875000	1.3202460602369364	1.3201071710961383
4900000	1.3132680555287646	1.3130822642428366
4925000	1.3061593976908363	1.3059246711376873
4950000	1.2989240105224196	1.2986368055990605
4975000	1.2915659225039513	1.291221429596809
5000000	1.2840892679655167	1.2836859189618308
5025000	1.2764982882663056	1.2760360339724286
5050000	1.2687973329719824	1.2682764687671448
5075000	1.2609908610163698	1.2604119854447402
5100000	1.253083441833358	1.2524474257674596
5125000	1.2450797564444527	1.2443877213092849
5150000	1.2369845984869021	1.2362379018450447
5175000	1.2288028751668858	1.228003101735345
5200000	1.2205396081217625	1.2196885640215485
5225000	1.2121999341749352	1.2112996419056539
5250000	1.2037891059664112	1.2028417972535899
5275000	1.195312492441669	1.1943205957293754
5300000	1.1867755791809766	1.1857416981446933
5325000	1.1781839685507975	1.1771108475972443
5350000	1.1695433796584342	1.1684338519761561
5375000	1.1608596480905455	1.1597165614387945
5400000	1.1521387254156203	1.1509648405163233
5425000	1.1433866784299758	1.142184534591641
5450000	1.134609688126265	1.1333814306193881
5475000	1.1258140483629275	1.1245612121299877
5500000	1.1170061642124325	1.115729408783744
5525000	1.1081925499656102	1.1068914628880573
5550000	1.099379826768804	1.0980553508544517
5575000	1.0905747198700515	1.0892275345431126
5600000	1.0817840554500182	1.0804138553855052
5625000	1.0730147570129869	1.0716207831450961
5650000	1.064273841312866	1.0628553815638986
5675000	1.0555684137889543	1.0541252568608348
5700000	1.0469056634861316	1.0454384880542402
5725000	1.0382928574342245	1.0368035387859382
5750000	1.0297373344616434	1.0282291512001138
5775000	1.021246498418951	1.019724223445173
5800000	1.0128278107889477	1.0112976734677346
5825000	1.00448878266111	1.0029582928810747
5850000	0.9962369660499265	0.9947145957254743
5875000	0.9880799445388436	0.9865746677957458
5900000	0.9800253232342414	0.9785460227941263
5925000	0.9720807180171787	0.9706354717910678
5950000	0.9642537440845982	0.9628490122851354
5975000	0.9565520037763474	0.9551917425260849
6000000	0.9489830736897678	0.9476678057254041
6025000	0.9415544910897943	0.9402803673933262
6050000	0.9342737396294721	0.9330325040661778
6075000	0.9271482344035729	0.925934081527334
6100000	0.9201853063665388	0.9189946691425275
6125000	0.9133921861552755	0.912223375475892
6150000	0.9067759873672674	0.9056293757660757
6175000	0.900343689355031	0.8992217398072986
6200000	0.894102119608897	0.8930092750534434
6225000	0.8880579358113835	0.8870003890624825
6250000	0.8822176076577891	0.8812029741740699
6275000	0.876587398548862	0.8756243160627399
6300000	0.8711733472722697	0.8702710266213266
6325000	0.8659812497997716	0.8651490005746443
6350000	0.8610166413362415	0.8602633943511923
6375000	0.8562847787646563	0.8556186250773207
6400000	0.8517906236375542	0.8512183871097925
6425000	0.8475388258699809	0.8470656832778305
6450000	0.843533708291286	0.8431628679407526
6475000	0.839779252213061	0.839511699050689
6500000	0.8362790841678189	0.8361133966066624
6525000	0.8330364639675425	0.8329687051618827
6550000	0.8300542742229152	0.830078065303004
6575000	0.8273350114528469	0.8274501809865961
6600000	0.8248807788999425	0.825091369638735
6625000	0.8226932811509502	0.8230025296489553
6650000	0.820773820642247	0.8211842020637372
6675000	0.8191232961093844	0.819636569196619
6700000	0.817742203017031	0.8183594578696415
6725000	0.8166306359817824	0.8173523467338198
6750000	0.8157882931757772	0.816614377144091
6775000	0.8152144826743793	0.8161443670955941
6800000	0.8149081306869653	0.815940827761222
6825000	0.8148677915865772	0.8160019822038004
6850000	0.8150916596324498	0.8163257858690322
6875000	0.8155775822596127	0.8169099484970024
6900000	0.8163230747923602	0.8177519571202041
6925000	0.8173253364236767	0.8188490998445997
6950000	0.8185812672909963	0.8201984901371147
6975000	0.8200874864700713	0.8217970913681709
7000000	0.8218403507033376	0.8236417413813933
7025000	0.8238359736769716	0.8257291768844819
7050000	0.8260702456616882	0.8280560574753802
7075000	0.8285388533361104	0.830618989136228
7100000	0.831237299617937	0.8334158612727096
7125000	0.8341609233369184	0.8364457900370342
7150000	0.8373049185944108	0.8397013317117231
7175000	0.8406643536667238	0.8431748524964526
7200000	0.8442341893231671	0.8468590321714028
7225000	0.8480092964443533	0.850746851713484
7250000	0.8519844728414605	0.8548315813995672
7275000	0.856154459192589	0.8591067693647859
7300000	0.8605139540276333	0.863566230572674
7325000	0.8650576277080851	0.8682040361446358
7350000	0.8697801353625434	0.8730145029883187
7375000	0.8746761287523309	0.8779921836572867
7400000	0.8797402670542993	0.883131856367467
7425000	0.8849672265595644	0.88842851508871
7450000	0.8903517092974564	0.8938773596220564
7475000	0.8958884506033733	0.899473785564556
7500000	0.9015722256574648	0.9052133740533543
7525000	0.9073978550281653	0.9110918811688637
7550000	0.9133602092605845	0.9171052268627655
7575000	0.9194542125546775	0.9232494832598838
7600000	0.9256748455820689	0.9295208621631661
7625000	0.9320171474933926	0.9359157015674933
7650000	0.9384762171702101	0.9424304509602051
7675000	0.9450472137769811	0.9490616221182524
7700000	0.951725356669297	0.9558032549433328
7725000	0.9585059247147902	0.9626485265526573
7750000	0.9653842550827504	0.9695916870533952
7775000	0.972355741557727	0.9766272262260108
7800000	0.9794158324312621	0.983749852786305
7825000	0.9865600280244542	0.9909544753164977
7850000	0.9937838778924027	0.9982361847352322
7875000	1.001082977759704	1.0055902381884008
7900000	1.008452966234196	1.0130120442532173
7925000	1.0158895213440395	1.0204971493570458
7950000	1.0233883569410642	1.028041225320229
7975000	1.0309452190111028	1.0356400579386034
8000000	1.0385558819298364	1.0432895365265549
8025000	1.046216144700437	1.0509856443453516
8050000	1.0539218272071307	1.058724449844119
8075000	1.0616687665166213	1.0665020986421152
8100000	1.0694528132572114	1.0743148061809185
8125000	1.0772698281033766	1.0821588509736655
8150000	1.085115678391514	1.0900305683755578
8175000	1.0929862348906265	1.0979263447953873
8200000	1.1008773687497695	1.1058426122618128
8225000	1.1087849486422028	1.1137758432504998
8250000	1.1167048381243936	1.1217216572432325
8275000	1.1246328932261773	1.1296750066362957
8300000	1.132564960286715	1.1376324511201732
8325000	1.140496874049111	1.145590310318498
8350000	1.1484244560249466	1.153544619771132
8375000	1.156343513138319	1.1614911381608208
8400000	1.1642498366573828	1.169425360634173
8425000	1.172139201419828	1.17734253907821
8450000	1.1800073653571594	1.1852377101792704
8475000	1.1878500693211462	1.1931057320043807
8500000	1.1956630372143011	1.2009413296957225
8525000	1.2034419764247621	1.2087391506469516
8550000	1.2111825785645471	1.2164938292288447
8575000	1.2188805205086681	1.2242000607480907
8600000	1.2265314657312667	1.231852683859798
8625000	1.2341310659335134	1.2394467701218617
8650000	1.241674962956715	1.2469777187969742
8675000	1.2491587909727833	1.254441354404881
8700000	1.256578178942933	1.2618340239422245
8725000	1.2639287533343166	1.2691526901670396
8750000	1.2712061410830988	1.276395016942249
8775000	1.2784059727913935	1.2835594424009469
8800000	1.285523886144428	1.2906452356849916
8825000	1.2925555295333138	1.2976525196786048
8850000	1.2994965658678925	1.3045782503049912
8875000	1.3063426765632773	1.3114156671284634
8900000	1.3130895656829422	1.3181586468839492
8925000	1.3197329642205482	1.3248007579901586
8950000	1.3262686345020789	1.331335407630092
8975000	1.3326923746893773	1.337755990744535
9000000	1.3390000233657664	1.3440560354680564
9025000	1.3451874641841264	1.3502293396564078
9050000	1.3512506305576073	1.3562700936182417
9075000	1.3571855103730655	1.3621729849325053
9100000	1.3629881507073054	1.367933282236902
9125000	1.3686546625263603	1.3735468960234194
9150000	1.3741812253482302	1.3790104156763865
9175000	1.3795640918498897	1.384321123141563
9200000	1.3847995923997678	1.3894769846391872
9225000	1.3898841394974941	1.3944766226677292
9250000	1.394814232103346	1.399319271150978
9275000	1.3995864598405796	1.404004716946372
9300000	1.4041975070546995	1.4085332310669632
9325000	1.4086441567146393	1.4129054929001998
9350000	1.412923294141877	1.417119870499582
9375000	1.4170319105546014	1.4211651628501123
9400000	1.420967106415225	1.4250366567685162
9425000	1.4247260945707982	1.4287307450247346
9450000	1.4283062031771572	1.4322440795623474
9475000	1.4317048783990058	1.4355735857447638
9500000	1.4349196868795016	1.4387164676647437
9525000	1.4379483179743404	1.4416702058758217
9550000	1.4407885857467662	1.4444325488567014
9575000	1.443438430721361	1.4470014994338596
9600000	1.4458959213959335	1.4493752972765328
9625000	1.4481592555122258	1.4515523984529044
9650000	1.450226761087586	1.4535314529054697
9675000	1.4520968972111137	1.4553112805738118
9700000	1.453768254609122	1.4568908467692812
9725000	1.4552395559860454	1.458269237291472
9750000	1.456509656148137	1.4594456336728834
9775000	1.4575775419184538	1.4604192888466851
9800000	1.4584423318527113	1.4611895034531552
9825000	1.45910327576658	1.4617556029328058
9850000	1.4595597540858984	1.4621169154976579
9875000	1.4598112770321006	1.4622727510256397
9900000	1.4598574836558602	1.4622207968133316
9925000	1.4596981407325709	1.4619539222629225
9950000	1.4593331415337858	1.4614737756166836
9975000	1.4587625044891466	1.460782990917503
10000000	1.4579863717536183	1.4598839999141637
10025000	1.457005007695042	1.4587790425967322
10050000	1.4558187973170935	1.457470176920687
10075000	1.454428244632714	1.4559592877174294
10100000	1.4528339710029614	1.4542480948060452
10125000	1.4510367134559998	1.4523381603347694
10150000	1.4490373230006404	1.4502308953913443
10175000	1.4468367629484342	1.4479275659301616
10200000	1.4444361072578396	1.445429298071299
10225000	1.4418365389134098	1.4427370828328923
10250000	1.4390393483523205	1.4398517803641588
10275000	1.4360459319498515	1.436774123752259
10300000	1.432857790574665	1.4335047224824597
10325000	1.4294765282239288	1.4300440656380877
10350000	1.425903850747454	1.4263925249350113
10375000	1.4221415646691276	1.4225503576951957
10400000	1.418191576112997	1.4185177098757553
10425000	1.4140558898403865	1.4142946192843668
10450000	1.4097366084034801	1.4098810191294882
10475000	1.4052359314197838	1.4052773051335332
10500000	1.4005561549709136	1.4004872742835215
10525000	1.3956996711281386	1.3955158695171914
10550000	1.3906689676061161	1.3903678085206346
10575000	1.3854666275452767	1.3850475987511504
10600000	1.3800953294223253	1.3795595540125016
10625000	1.374557847087379	1.3739078097371957
10650000	1.36885704992531	1.3680963371496238
10675000	1.3629959031379464	1.362128956474
10700000	1.3569774681428814	1.3560093493439238
10725000	1.3508049030837894	1.349741070566019
10750000	1.344481463446277	1.3433275593883602
10775000	1.3380105027725198	1.3367721504253591
10800000	1.3313954734671247	1.3300780843944484
10825000	1.3246399276859262	1.323248518826386
10850000	1.3177475182986982	1.3162865389204443
10875000	1.310721999916065	1.30919516872831
10900000	1.303567229970264	1.3019773828664136
10925000	1.2962871698387397	1.2946361189758526
10950000	1.2888858859989853	1.287174291172323
10975000	1.281367551202452	1.2795948047557608
11000000	1.2737364456547826	1.2719005724809482
11025000	1.2659969581891304	1.2640945327263124
11050000	1.258153587418759	1.2561806709497851
11075000	1.2502109428546815	1.2481689169714576
11100000	1.24217374597356	1.2400647456654712
11125000	1.234046831220647	1.231872705057087
11150000	1.225835146932085	1.2235975248608433
11175000	1.2175437561603815	1.2152441284504194
11200000	1.209177837386476	1.2068176425153603
11225000	1.2007426851012752	1.198323403912388
11250000	1.1922437102391303	1.1897669631510988
11275000	1.1836864404452023	1.1811540838904708
11300000	1.1750765201581808	1.1724907377681473
11325000	1.1664197104893326	1.163783093844391
11350000	1.157721888878298	1.1550375019237078
11375000	1.1489890485055612	1.1462604690273452
11400000	1.1402272974409282	1.137458628338265
11425000	1.1314428575068116	1.1286387000365505
11450000	1.1226420628345544	1.119807443597636
11475000	1.113831358091418	1.110971601347718
11500000	1.1050172963553488	1.1021378333681906
11525000	1.0962065366140497	1.0933126442188335
11550000	1.0874058408643876	1.0845023024081915
11575000	1.0786220707877048	1.0757127540731322
11600000	1.0698621839761935	1.066949532923922
11625000	1.0611332296852138	1.0582176691427552
11650000	1.052442344086241	1.049523153665822
11675000	1.0437967449951182	1.0408738293263244
11700000	1.0352037260504643	1.0322762226924411
11725000	1.0266706503175025	1.0237375920652827
11750000	1.0182049432932598	1.0152658951150149
11775000	1.0098140852901336	1.0068696902342538
11800000	1.0015056031762253	0.998558016213959
11825000	0.9932870614526995	0.9903402527075186
11850000	0.9851660526508077	0.9822259652456641
11875000	0.9771501870340974	0.9742247397610958
11900000	0.9692470815949209	0.9663460125634618
11925000	0.961464348338503	0.9585989023671372
11950000	0.9538095818527993	0.9509920512332306
11975000	0.9462903461680323	0.9435334810956968
12000000	0.9389141609162553	0.9362304718955675
12025000	0.9316884868085796	0.9290894662899216
12050000	0.9246207104557119	0.9221160045189751
12075000	0.917718128566325	0.9153146914239174
12100000	0.9109879315672694	0.9086891959462927
12125000	0.9044371866998514	0.9022422818443294
12150000	0.8980728206571054	0.8959758669553325
12175000	0.8919016018380707	0.8898926566677079
12200000	0.8859301223064543	0.884005440175016
12225000	0.8801647795523578	0.8783234619175254
12250000	0.8746117581669152	0.8728545615160926
12275000	0.8692770115503133	0.8676063013464468
12300000	0.8641662437835566	0.8625858568185797
12325000	0.8592848918031633	0.8577999268943278
12350000	0.8546381080253949	0.8532546647141105
12375000	0.8502307435723926	0.8489556275170113
12400000	0.8460673322563433	0.8449077445110241
12425000	0.8421520754792986	0.8411153009793453
12450000	0.8384888282052865	0.8375819366815925
12475000	0.8350810861576624	0.8343106565069637
12500000	0.8319319743881711	0.8313038513374765
12525000	0.8290442373548179	0.8285633271606131
12550000	0.8264202306334533	0.8260903406097725
12575000	0.8240619143730167	0.8238856392881325
12600000	0.8219708485869118	0.8219495054298421
12625000	0.8201481903531919	0.8202818016582216
12650000	0.8185946929745894	0.8188820178033104
12675000	0.8173107071262282	0.8177493179330497
12700000	0.8162961839947059	0.8168825869286357
12725000	0.8155506803875774	0.8162867800284721
12750000	0.815073365767697	0.8159658188025272
12775000	0.81486303114293	0.8159162108019076
12800000	0.8149180997189681	0.8161343548513389
12825000	0.8152366392018525	0.81661654918057
12850000	0.8158163756178638	0.8173589990069194
12875000	0.816654708501928	0.8183578248800769
12900000	0.8177487272920634	0.8196090717510369
12925000	0.8190952287567786	0.8211087187021824
12950000	0.820690735274885	0.8228526892561749
12975000	0.8225315137829604	0.8248368621667084
13000000	0.8246135952046222	0.8270570825837585
13025000	0.8269327941776902	0.8295091734789689
13050000	0.829484728900096	0.8321889472126731
13075000	0.8322648409226654	0.8350922171221867
13100000	0.8352684147264551	0.8382148090107334
13125000	0.8384905969337179	0.8415525724172718
13150000	0.8419264150145201	0.8451013915489134
13175000	0.8455707953651133	0.8488571957591149
13200000	0.8494185806490127	0.8528159694558676
13225000	0.853464546307057	0.8569737613241722
13250000	0.857703416158097	0.8613266927457063
13275000	0.8621298770272018	0.8658712704515016
13300000	0.8667385923530414	0.8706038798971133
13325000	0.8715242147402306	0.8755168841820239
13350000	0.8764813974357201	0.8806025478614296
13375000	0.8816048047206307	0.8858535319664357
13400000	0.8868891212202089	0.8912628710779871
13425000	0.8923290601447086	0.8968239516527464
13450000	0.8979193704829858	0.9025304914802068
13475000	0.9036548431784195	0.9083765201512679
13500000	0.9095303163234658	0.9143563604184611
13525000	0.9155406794147343	0.9204646103268886
13550000	0.92168087671505	0.926696125992541
13575000	0.9279459097725511	0.9330460049009157
13600000	0.9343308391495665	0.9395095695935312
13625000	0.9408307854159351	0.9460823516029013
13650000	0.9474409294625624	0.9527600754875605
13675000	0.9541565121915869	0.9595386428076049
13700000	0.9609728336394574	0.9664141158676549
13725000	0.967885251588748	0.9733827010378702
13750000	0.9748891797236152	0.980440731444322
13775000	0.9819800853825393	0.9875846487972657
13800000	0.9891534869605046	0.9948109840992623
13825000	0.996404951010981	1.0021163369442116
13850000	1.0037300890962073	1.0094973530826938
13875000	1.011124554432212	1.0169502459406936
13900000	1.0185840383728753	1.0244678303448815
13925000	1.0261042667751987	1.0320449319903473
13950000	1.0336809962856808	1.0396770741139774
13975000	1.04131001058554	1.0473598226159255
14000000	1.0489871166302758	1.0550887743122264
14025000	1.0567081409168997	1.0628595472252116
14050000	1.0644689258100286	1.070667772993922
14075000	1.0722653259558967	1.0785090915138942
14100000	1.0800932048113294	1.0863791479410614
14125000	1.0879484313126706	1.0942735922173048
14150000	1.095826876707731	1.1021880812943419
14175000	1.1037244115718943	1.11011828424683
14200000	1.111636903027675	1.1180598904730692
14225000	1.1195602121852057	1.1260086211804268
14250000	1.127490191819356	1.133960244340141
14275000	1.1354226842974713	1.1419105932696172
14300000	1.143353519770021	1.14985558895655
14325000	1.151278514634804	1.1577912661747884
14350000	1.1591934702837179	1.1657138033532912
14375000	1.1670941721395387	1.173619556043483
14400000	1.1749763889885552	1.1815050936839808
14425000	1.1828358726134018	1.1893672391830896
14450000	1.1906683577288968	1.197203057083127
14475000	1.1984695622222112	1.2050092001327648
14500000	1.2062351876972446	1.2127819155473225
14525000	1.2139609203216177	1.2205169941124505
14550000	1.2216424319733128	1.2282097451996565
14575000	1.2292753816825868	1.2358550428279922
14600000	1.2368554173634418	1.243447385513845
14625000	1.2443781778276306	1.250980970253193
14650000	1.2518392950728585	1.258449780361013
14675000	1.2592343968356652	1.2658476861627816
14700000	1.2665591093982156	1.2731685567256217
14725000	1.27380906063713	1.2804063799792127
14750000	1.2809798833013866	1.2875553877701074
14775000	1.288067218505284	1.2946101816877031
14800000	1.2950667194215293	1.3015658549688318
14825000	1.3019740551585817	1.3084181054982338
14850000	1.3087849148056054	1.315163334927171
14875000	1.3154950116276278	1.3217987292621853
14900000	1.322100087392853	1.3283223169312055
14925000	1.3285959168135355	1.3347330012831022
14950000	1.33497831208133	1.3410305656563108
14975000	1.3412431274776828	1.3472156504738404
15000000	1.347386264039565	1.353289703181321
15025000	1.3534036742606654	1.3592495415490733
15050000	1.3592913668081277	1.365085516446951
15075000	1.3650454112349555	1.3707912383366911
15100000	1.37066194266836	1.3763603750079303
15125000	1.376137166454622	1.3817867657942957
15150000	1.3814673627413812	1.3870645311231948
15175000	1.386648890978782	1.3921881626629071
15200000	1.3916781943214644	1.3971525930828264
15225000	1.3965518039141178	1.4019532454104309
15250000	1.401266343044061	1.4065860628074103
15275000	1.4058185311452398	1.4110475202620423
15300000	1.4102051876389783	1.4153346201887986
15325000	1.4144232355978876	1.4194448742395591
15350000	1.418469705220471	1.4233762737771485
15375000	1.4223417371051703	1.4271272514642768
15400000	1.4260365853138524	1.4306966363074864
15425000	1.429551620216068	1.4340836042965972
15450000	1.4328843311067612	1.4372876265242502
15475000	1.4360323285915193	1.4403084163835267
15500000	1.4389933467348666	1.4431458771458034
15525000	1.441765244968546	1.4458000509329145
15550000	1.444346009758168	1.448263878524558
15575000	1.446733756028054	1.4505290087695246
15600000	1.4489267283455127	1.4525948031605997
15625000	1.4509233018671868	1.4544606869663717
15650000	1.45272198305147	1.4561261414490438
15675000	1.4543214101423	1.4575906996970711
15700000	1.4557203534309096	1.4588539412507981
15725000	1.4569177153032935	1.4599154857484729
15750000	1.4579125300823035	1.460774985790055
15775000	1.4587039636743042	1.461432119188278
15800000	1.4592913130313083	1.4618865807508417
15825000	1.4596740054403687	1.4621380737146432
15850000	1.459851597652794	1.4621863009325875
15875000	1.4598237748664202	1.462030955895777
15900000	1.459590349574753	1.4616717136585935
15925000	1.459151260297267	1.461108221721279
15950000	1.4585065702054973	1.4603400909138795
15975000	1.457656465659836	1.459366886316768
16000000	1.456601254672074	1.458188118246186
16025000	1.455341365308783	1.4568032333283396
16050000	1.4538773440505801	1.455211605682373
16075000	1.4522098541221373	1.4534125282310866
16100000	1.4503396738075713	1.4514043022128735
16125000	1.4482676947654713	1.4491831438975795
16150000	1.445994920357418	1.4467525716970515
16175000	1.4435224640033033	1.4441168108380509
16200000	1.4408515475761898	1.4412798065103918
16225000	1.4379834998487784	1.4382452419539131
16250000	1.4349197550028223	1.435016555009199
16275000	1.4316618512120602	1.4315969532752968
16300000	1.4282114293083938	1.4279894280136336
16325000	1.4245702315401703	1.4241967669337896
16350000	1.4207401004305185	1.420221565994104
16375000	1.4167229777427475	1.4160662403484536
16400000	1.4125209035588473	1.4117330345702523
16425000	1.4081360154761597	1.407224032285932
16450000	1.4035705479262854	1.402541165353203
16475000	1.398826831619308	1.3976862227244553
16500000	1.3939072931154046	1.3926608591430754
16525000	1.3888144545249266	1.3874666038305743
16550000	1.3835509333370495	1.3821048693356277
16575000	1.3781194423761165	1.376576960732895
16600000	1.3725227898838486	1.3708840853804056
16625000	1.3667638797246626	1.3650273634699892
16650000	1.360845711710414	1.3590078396365266
16675000	1.3547713820400118	1.352826495929613
16700000	1.3485440838484766	1.3464845462518227
16725000	1.3421671078592108	1.3399886175529692
16750000	1.3356438431324036	1.3333448796013967
16775000	1.3289777779017644	1.3265581263316586
16800000	1.3221725004910267	1.3196330751810332
16825000	1.3152317003009337	1.3125743812096042
16850000	1.308159168856789	1.3053866501183269
16875000	1.3009588009059396	1.29807445022017
16900000	1.2936345955539994	1.2906423234023365
16925000	1.2861906574279922	1.2830947951014136
16950000	1.2786311978540263	1.275436383297892
16975000	1.2709605360366072	1.2676716065218328
17000000	1.263183100226095	1.2598049908474966
17025000	1.255303428860385	1.2518410758416159
17050000	1.2473261716663488	1.243784419417835
17075000	1.2392560907061132	1.235639601538991
17100000	1.231098061352788	1.2274112266997403
17125000	1.2228570731797634	1.2191039251151419
17150000	1.2145382307472747	1.2107223525369382
17175000	1.206146754269431	1.2022711886193256
17200000	1.1976879801444666	1.1937551337611763
17225000	1.1891673613304792	1.1851789043633032
17250000	1.1805904675484362	1.1765472264591066
17275000	1.1719629852937445	1.1678655997531058
17300000	1.1632907176371483	1.1591439798435035
17325000	1.1545795837952149	1.150387702035145
17350000	1.1458356184501108	1.1416014569459771
17375000	1.1370649707978115	1.1327904249863876
17400000	1.1282739033033382	1.1239602813390495
17425000	1.1194687901410476	1.1151171925011083
17450000	1.1106561152973968	1.106267802772739
17475000	1.1018424703131013	1.0974192091053887
17500000	1.093034551641011	1.088578922849187
17525000	1.0842391575955714	1.0797548171826563
17550000	1.0754631848692917	1.070955059386252
17575000	1.0667136245912396	1.062188027645243
17600000	1.0579975579023873	1.053462212738121
17625000	1.0493221510224484	1.0447861057719643
17650000	1.0406946497829257	1.0361680740378756
17675000	1.032122373601354	1.027616228032062
17700000	1.023612708872188	1.0191382836581846
17725000	1.0151731017506518	1.0107414245166029
17750000	1.006811050306973	1.0024321699092094
17775000	0.9985340960300475	0.9942162546571369
17800000	0.990349814661567	0.9860985269644797
17825000	0.9822658063442227	0.9780828703069466
17850000	0.974289685070749	0.9701721546535761
17875000	0.9664290674242937	0.9623710709215989
17900000	0.9586915606051257	0.954690712556874
17925000	0.9510847497438245	0.9471398979681225
17950000	0.9436161845070921	0.9397277808419
17975000	0.9362933650090755	0.9324638208627744
18000000	0.92912372704861	0.9253575988976557
18025000	0.9221146267011672	0.9184186362382225
18050000	0.9152733243033454	0.9116562243745169
18075000	0.908606967877537	0.9050792709998916
18100000	0.9021225760547945	0.8986961668689987
18125000	0.8958270205647793	0.8925146768484483
18150000	0.8897270083728791	0.8865418571264233
18175000	0.8838290635559639	0.8807839991924099
18200000	0.8781395090195093	0.8752465999567389
18225000	0.8726644481698443	0.8699343563252313
18250000	0.8674097466656532	0.8648511817240225
18275000	0.8623810143824098	0.8600002415039958
18300000	0.8575835877317848	0.8553840038395688
18325000	0.853022512484914	0.8510043026501624
18350000	0.848702527253495	0.8468624091785144
18375000	0.8446280477856541	0.8429591414875389
18400000	0.8408031522341413	0.83930378418769
18425000	0.8372315675524908	0.8359057303452617
18450000	0.8339166571700813	0.8327681084820951
18475000	0.8308614100895317	0.8298936389475325
18500000	0.828068431539449	0.8272846136036197
18525000	0.8255399353023609	0.8249428840357977
18550000	0.823277737821765	0.8228698573366264
18575000	0.821283254173871	0.8210664985267614
18600000	0.8195574959691341	0.8195333387164566
18625000	0.8181010712263835	0.8182704881647876
18650000	0.8169141862387922	0.8172776534565925
18675000	0.8159966494265053	0.8165541580841378
18700000	0.8153478771460763	0.816098965788424
18725000	0.8149669014024412	0.8159107060813777
18750000	0.8148523793855645	0.8159877014334207
18775000	0.8150026047316743	0.8163279956700685
18800000	0.8154155203885906	0.8169293831758118
18825000	0.8160887329465518	0.8177894385533803
18850000	0.8170195282804467	0.8189055464316563
18875000	0.8182048883367843	0.8202749311561022
18900000	0.8196415088892723	0.8218946861318772
18925000	0.821325818080566	0.8237618026220425
18950000	0.8232539955646814	0.8258746677493365
18975000	0.825421992064587	0.8282340257363078
19000000	0.8278255491624603	0.830833078549332
19025000	0.8304602191458091	0.8336645702085919
19050000	0.8333213847407869	0.8367214972138585
19075000	0.8364042785742855	0.8399971008932662
19100000	0.8397040022183939	0.8434848600369163
19125000	0.8432155446842028	0.847178483812519
19150000	0.8469338002463377	0.8510719049427512
19175000	0.8508535854946562	0.8551592731101885
19200000	0.8549696555249326	0.8594349485445645
19225000	0.859276719195694	0.8638934957379426
19250000	0.863769453393491	0.8685296772254331
19275000	0.8684425162634307	0.873338447361762
19300000	0.8732905593756477	0.8783149460167604
19325000	0.8783082388113629	0.8834544921052053
19350000	0.8834902251641039	0.8887525768579642
19375000	0.8888312124625556	0.8942048567316321
19400000	0.8943259260312125	0.899807145842374
19425000	0.8999691293135643	0.905555407796019
19450000	0.9057556296899835	0.9114457467701444
19475000	0.9116802833287385	0.9174743976843451
19500000	0.9177379991137997	0.923637715271534
19525000	0.9239237416972984	0.9299321112545889
19550000	0.930232533727746	0.936351828266358
19575000	0.936659457307558	0.9428899731804571
19600000	0.943199654735008	0.9495403238909689
19625000	0.949848328586712	0.9562969484451469
19650000	0.9566007411970178	0.963154182123197
19675000	0.9634522135905121	0.9701066062048407
19700000	0.9703981239231644	0.9771490282695092
19725000	0.9774339054865897	0.984276463887161
19750000	0.9845550443285885	0.991484119565146
19775000	0.9917570765414597	0.9987673768233298
19800000	0.9990355852678329	1.0061217772749298
19825000	1.0063861974717618	1.0135430085942518
19850000	1.013804580520759	1.0210268912547869
19875000	1.0212864386223321	1.0285693659219493
19900000	1.028827509156337	1.0361664813841673
19925000	1.036423558942303	1.043814382904032
19950000	1.044070380478638	1.0515093008678755
19975000	1.0517637881884299	1.0592475396074679
20000000	1.0594996147043991	1.0670254662616
20025000	1.067273707223424	1.0748394995382837
20050000	1.075081923958959	1.0826860982303086
20075000	1.082920130717652	1.0905617493282458
20100000	1.090784197624442	1.0984629555484715
20125000	1.0986699960185085	1.1063845134203592
20150000	1.1065733955405503	1.1143213814497164
20175000	1.1144902614300094	1.1222701006778932
20200000	1.1224164520490887	1.1302269748557359
20225000	1.1303478166486336	1.138188069249432
20250000	1.1382801933892528	1.1461492137483091
20275000	1.1462094076293787	1.1541060109844454
20300000	1.1541312704903073	1.1620538502049362
20325000	1.162041577706681	1.1699879276414695
20350000	1.1699361087692401	1.1779032740897823
20375000	1.1778106263651957	1.185794790334371
20400000	1.1856608761199723	1.1936572909220486
20425000	1.1934825866426026	1.201485556592991
20450000	1.20127146987559	1.209274395412912
20475000	1.2090232217485415	1.2170187123112695
20500000	1.2167335231335383	1.2247135863188428
20525000	1.2243980410987176	1.2323543543207496
20550000	1.232012430455229	1.2399366996126697
20575000	1.2395723355913726	1.2474567429920622
20600000	1.2470733925863955	1.2549111335647565
20625000	1.2545112315952203	1.2622971359411435
20650000	1.2618814794940894	1.2696127100823298
20675000	1.269179762775985	1.2768565797853595
20700000	1.2764017106835293	1.2840282857167202
20725000	1.283542958566024	1.2911265161070085
20750000	1.2905991514462858	1.298145251621544
20775000	1.2975659477819785	1.305078654577975
20800000	1.3044390234053047	1.311920527553434
20825000	1.3112140756241053	1.318664387419286
20850000	1.3178868274667395	1.3253036100686404
20875000	1.3244530320524799	1.3318315780832355
20900000	1.3309084770686375	1.3382418259255624
20925000	1.3372489893352075	1.3445281772330664
20950000	1.3434704394374752	1.3506848691351765
20975000	1.3495687464068173	1.3567066591855932
21000000	1.355539882429793	1.362588911444384
21025000	1.3613798775656056	1.3683276593744034
21050000	1.3670848244520966	1.3739196444370423
21075000	1.3726508829806574	1.3793623304829123
21100000	1.3780742849207186	1.3846538951419884
21125000	1.3833513384749208	1.3897932003509799
21150000	1.3884784327465833	1.3947797448632748
21175000	1.393452042101698	1.3996136020448997
21200000	1.3982687304084425	1.4042953464697276
21225000	1.4029251551379804	1.4088259728106205
21250000	1.407418071311287	1.4132005053948382
21275000	1.4117443352777015	1.4174084599104
21300000	1.415900908312011	1.4214456327288199
21325000	1.4198848600180418	1.425308104835168
21350000	1.4236933715279287	1.4289922361433076
21375000	1.4273237384875586	1.4324946836300978
21400000	1.4307733738199806	1.435812409305377
21425000	1.4340398102599827	1.4389426794886688
21450000	1.4371207026544208	1.4418830568413723
21475000	1.4400138300243224	1.44463138653011
21500000	1.4427170973862316	1.4471857777883228
21525000	1.4452285373316927	1.4495445820124924
21550000	1.4475463113652127	1.4517063683875404
21575000	1.4496687110024482	1.453669897891716
21600000	1.451594158631745	1.4554340963910275
21625000	1.4533212081435163	1.456998027401601
21650000	1.4548485453332216	1.458360864978104
21675000	1.4561749880849668	1.4595218670791974
21700000	1.4572994863439037	1.4604803496673877
21725000	1.458221121886718	1.461235661720556
21750000	1.458939107900507	1.4617871612651037
21775000	1.4594527883812831	1.4621341924850948
21800000	1.4597616373641782	1.462272919248853
21825000	1.4598652579981626	1.4621967891317877
21850000	1.459763381478739	1.4619080256025971
21875000	1.459455865852605	1.4614090284181318
21900000	1.4589426947087065	1.4607020108855406
21925000	1.4582239757704352	1.4597890091169161
21950000	1.457299939403934	1.4586718905624518
21975000	1.4561709370575895	1.4573523618082875
22000000	1.4548374396477934	1.455831975643556
22025000	1.4533000359059653	1.4541121374156498
22050000	1.4515594307016277	1.4521941107042526
22075000	1.449616443356039	1.4500790223540045
22100000	1.4474720059605153	1.4477678669133662
22125000	1.4451271617130963	1.4452615105338904
22150000	1.4425830632866772	1.4425606943901708
22175000	1.4398409712411047	1.4396660376866381
22200000	1.4369022524910513	1.4365780403235224
22225000	1.4337683788407458	1.4332970853010716
22250000	1.4304409255958133	1.4298234409489157
22275000	1.426921570261662	1.4261572630766837
22300000	1.4232120913369442	1.4222985971530586
22325000	1.4193143672096993	1.4182473806338918
22350000	1.4152303751628588	1.4140034455763457
22375000	1.4109621904947809	1.4095670451949784
22400000	1.4065119857595438	1.4049419380757968
22425000	1.4018820301306945	1.4001330597490782
22450000	1.3970746888911756	1.3951451099021752
22475000	1.3920924230511489	1.3899825697250245
22500000	1.3869377890944286	1.3846497186941193
22525000	1.3816134388532875	1.3791506500315522
22550000	1.3761221195104016	1.3734892850162121
22575000	1.3704666737257782	1.3676693863142133
22600000	1.364650039885567	1.3616945704884735
22625000	1.358675252468755	1.3555683198429331
22650000	1.3525454425268815	1.3492939937551638
22675000	1.346263838271038	1.342874839652103
22700000	1.3398337657596215	1.3363140037874075
22725000	1.3332586496795085	1.3296145419855547
22750000	1.326542014212544	1.3227794305275185
22775000	1.3196874839785437	1.3158115773657497
22800000	1.3126987850452787	1.308713833872599
22825000	1.3055797459952658	1.3014890073464487
22850000	1.2983342990385358	1.294139874523999
22875000	1.290966481159943	1.2866691963756827
22900000	1.2834804352889977	1.279079734494364
22925000	1.275880411479656	1.2713742694256016
22950000	1.2681707680869245	1.2635560321000123
22975000	1.2603559729266776	1.2556344690411745
23000000	1.2524406044045278	1.2476159222686733
23025000	1.2444293525991368	1.2395049224425945
23050000	1.2363270202848833	1.2313061609516631
23075000	1.2281385238782958	1.2230245023460766
23100000	1.2198688942922553	1.2146649947121504
23125000	1.2115232776814522	1.2062328775639362
23150000	1.2031069360621498	1.197733586762715
23175000	1.194625247788849	1.1891727559135554
23200000	1.1860837078699125	1.180556213632353
23225000	1.1774879281037998	1.171889976031382
23250000	1.1688436370169752	1.1631802337419601
23275000	1.1601566795841125	1.154433332786067
23300000	1.1514330167106244	1.1456557486324948
23325000	1.1426787244570327	1.136854052836147
23350000	1.1338999929841427	1.1280348717707995
23375000	1.1251031251973735	1.119204837135441
23400000	1.116294535068088	1.1103705281509062
23425000	1.1074807456091391	1.1015384056737403
23450000	1.098668386481335	1.092714738841777
23475000	1.0898641912070008	1.0839055253296985
23500000	1.0810749939662987	1.075116406825344
23525000	1.0723077259516058	1.0663525819231912
23550000	1.0635694112548701	1.0576196512387674
23575000	1.0548671622626777	1.0489255587090152
23600000	1.0462081745337037	1.0402766566991863
23625000	1.037599721133314	1.031679874550009
23650000	1.029049146400439	1.02314286562681
23675000	1.0205638591224584	1.0146739221331267
23700000	1.012151325094752	1.006281867726144
23725000	1.0038190590428913	0.997975929566895
23750000	0.99557461588716	0.9897655927284077
23775000	0.9874255813313176	0.9816604411505262
23800000	0.9793795617602726	0.9736699904602557
23825000	0.9714441734346959	0.9658035188589805
23850000	0.9636270309746209	0.9580699028127232
23875000	0.9559357351287892	0.9504774643950208
23900000	0.9483778598319633	0.9430338367883395
23925000	0.9409609385586891	0.9357458536588228
23950000	0.9336924499889961	0.9286194669367107
23975000	0.9265798030094132	0.9216596960578722
24000000	0.9196303210812088	0.9148706100768069
24025000	0.9128512260171885	0.9082553423879807
24050000	0.9062496212183455	0.9018161362268913
24075000	0.8998324744322398	0.8955544730242805
24100000	0.8936066001060278	0.8894794183150512
24125000	0.8875786414182851	0.8836027708798332
24150000	0.8817550520851919	0.8779326056322035
24175000	0.8761420780478277	0.8724767964291904
24200000	0.8707457391581369	0.8672428920307014
24225000	0.8655718109912793	0.8622380122176355
24250000	0.8606258069211787	0.8574687645375936
24275000	0.8559129606039849	0.8529411813296869
24300000	0.8514382090203785	0.8486606760188022
24325000	0.8472061762320218	0.8446320171720013
24350000	0.8432211580095953	0.8408593184703453
24375000	0.839487107489595	0.8373460425538853
24400000	0.8360076220141591	0.8340950166255695
24425000	0.8327859313024785	0.831108457728207
24450000	0.8298248870938126	0.8283880057136503
24475000	0.8271269543906961	0.8259347620825976
24500000	0.8246942044167307	0.8237493330669463
24525000	0.8225283093865619	0.8218318755376048
24550000	0.8206305391664612	0.8201821445357362
24575000	0.8190017598827661	0.818799541434329
24600000	0.8176424345126204	0.8176831619327182
24625000	0.8165526254675267	0.8168342913397088
24650000	0.8157319991556463	0.8162608569693104
24675000	0.8151798324841403	0.8159607964118151
24700000	0.8148950212386495	0.8159308009797024
24725000	0.8148760902538748	0.8161674401948859
24750000	0.8151212052675713	0.8166671692541612
24775000	0.8156281863306681	0.8174263373774812
24800000	0.8163945226290077	0.818441196999285
24825000	0.8174173885577408	0.819707913737393
24850000	0.8186936608779359	0.821222577053749
24875000	0.8202199367766259	0.8229812115058847
24900000	0.8219925526463912	0.8249797884768201
24925000	0.8240076033986211	0.8272142382635455
24950000	0.8262609621257134	0.8296804623997224
24975000	0.8287482999314526	0.8323743460861599
25000000	0.8314651057554383	0.8352917706024381
25025000	0.8344067060263499	0.8384286255742341
25050000	0.8375682839897862	0.8417808209728908
25075000	0.840944898568946	0.8453442987260789
25100000	0.8445315026302138	0.849115043820544
25125000	0.8483229605404158	0.8530890947793573
25150000	0.8523140649176889	0.8572625533963705
25175000	0.8564995524933399	0.8616315985146763
25200000	0.8608741190173481	0.8661934981631437
25225000	0.8654324331550997	0.8709421546725568
25250000	0.8701691493372748	0.8758695972816589
25275000	0.8750789195383344	0.8809682630998883
25300000	0.880156403971679	0.8862309738522701
25325000	0.8853962807011125	0.8916509139016413
25350000	0.8907932541786929	0.8972216094309794
25375000	0.8963420627283731	0.902936908669482
25400000	0.9020374850029695	0.9087909630461186
25425000	0.9078743454490052	0.9147782091534814
25450000	0.9138475188198671	0.9208933514027847
25475000	0.9199519337825603	0.9271313452476059
25500000	0.9261825756671954	0.933487380849302
25525000	0.9325344884113	0.939956867050777
25550000	0.9390027757531355	0.9465354155172088
25575000	0.9455826017295882	0.9532188248922799
25600000	0.9522691905348863	0.9600030648060913
25625000	0.9590578257965248	0.9668842595560438
25650000	0.9659438493244052	0.9738586712641639
25675000	0.9729226593883776	0.9809226822933153
25700000	0.9799897085782258	0.9880727766800351
25725000	0.9871405012986711	0.9953055203129246
25750000	0.9943705909502932	1.0026175395521109
25775000	1.0016755768453984	1.0100054979467512
25800000	1.009051100905851	1.01746412759172
25825000	1.0164928441877954	1.0249864792499164
25850000	1.0239965232759995	1.0325679765160451
25875000	1.031557886588396	1.040204124803304
25900000	1.0391727106291373	1.0478904750222453
25925000	1.0468367962262852	1.0556226123166956
25950000	1.0545459647880886	1.0633961468312783
25975000	1.0622960546095925	1.0712067065912831
26000000	1.07008291725928	1.079049932601377
26025000	1.0779024140733071	1.0869214762934376
26050000	1.0857504127829078	1.0948169994749055
26075000	1.093622784298577	1.1027321769463554
26100000	1.101515399672671	1.1106627019692026
26125000	1.1094241272602745	1.1186042947698605
26150000	1.1173448300962785	1.1265527142631988
26175000	1.1252733635048822	1.1345037731634213
26200000	1.1332055729559742	1.1424533566216635
26225000	1.1411372921811551	1.1503974444836635
26250000	1.1490643415605086	1.1583321371944455
26275000	1.1569825267895815	1.1662536852867467
26300000	1.1648876378344475	1.174158522272744
26325000	1.1727754481811519	1.1820433006118676
26350000	1.1806417143842893	1.189904930249448
26375000	1.1884821759179574	1.1977403300945415
26400000	1.196292555330819	1.2055459029111808
26425000	1.204068558705551	1.2133177664320607
26450000	1.2118058764214965	1.2210515446962205
26475000	1.219500184217932	1.22874240089378
26500000	1.2271471445539752	1.2363850867096728
26525000	1.2347424082597809	1.2439740054397306
26550000	1.2422816164723514	1.2515032890844275
26575000	1.2497604028480238	1.2589668889873429
26600000	1.2571743960423958	1.2663586788435697
26625000	1.2645192224473025	1.273672568092853
26650000	1.271790509173262	1.2809026228829374
26675000	1.2789838872647095	1.2880431910029062
26700000	1.2860949951343295	1.2950890265147916
26725000	1.2931194822017575	1.3020354093265298
26750000	1.3000530127210759	1.3088782547155444
26775000	1.3068912697806423	1.3156142078792454
26800000	1.313629959458051	1.3222407189817167
26825000	1.3202648151123695	1.328756094880077
26850000	1.3267916017951653	1.3351595247122432
26875000	1.333206120761402	1.3414510777423532
26900000	1.339504214060825	1.347631673199121
26925000	1.3456817691902254	1.3537026144593702
26950000	1.3517347237867294	1.3596568045836557
26975000	1.3576590703421925	1.365486109339186
27000000	1.363450860918812	1.3711841283580664
27025000	1.3691062118461699	1.3767445396473323
27050000	1.3746213083801853	1.3821612232766363
27075000	1.379992409304791	1.3874283671462369
27100000	1.3852158514575907	1.3925405529889807
27125000	1.3902880541613454	1.397492821799965
27150000	1.3952055235437626	1.4022807188428277
27175000	1.3999648567288578	1.406900319200312
27200000	1.4045627458840013	1.411348235486064
27225000	1.4089959821077092	1.4156216098005114
27250000	1.413261459144282	1.4197180922986896
27275000	1.417356176912511	1.4236358088574026
27300000	1.4212772448368378	1.4273733203074932
27325000	1.425021884970625	1.4309295755634213
27350000	1.4285874349024823	1.434303860767221
27375000	1.43197135043795	1.4374957462963553
27400000	1.435171208050239	1.4405050331905023
27425000	1.4381847070951186	1.4433317002522021
27450000	1.4410096717865066	1.4459750863997398
27475000	1.4436440529307346	1.4484243023319026
27500000	1.4460859294189066	1.450675181897825
27525000	1.4483335094782108	1.4527270281443525
27550000	1.4503851316844187	1.4545792087893732
27575000	1.452239265739209	1.4562311529543663
27600000	1.4538945130172467	1.4576823464185944
27625000	1.455349606889264	1.458932325665729
27650000	1.4566034128285712	1.4599806709597611
27675000	1.457654928309592	1.4608269986548155
27700000	1.4585032825080875	1.4614709529135994
27725000	1.4591477358137102	1.4619121969820343
27750000	1.4595876791664468	1.462150404143292
27775000	1.4598226332292965	1.4621852484530298
27800000	1.4598522474102424	1.4620163953389829
27825000	1.4596762987471867	1.461643492132122
27850000	1.4592946906700015	1.461066158583135
27875000	1.458707451654257	1.4602839774068828
27900000	1.4579147337814649	1.4592964848885397
27925000	1.456916811220851	1.4581031615781999
27950000	1.455714078647759	1.4567034230957274
27975000	1.4543070496137342	1.4550966110644092
28000000	1.4526963548832295	1.4532819841905757
28025000	1.4508827407516236	1.4512565171259098
28050000	1.4488670673589397	1.4490184362513594
28075000	1.4466503070132253	1.4465720339731467
28100000	1.4442335425370763	1.443921417469819
28125000	1.4416179656501975	1.4410704202440319
28150000	1.4388048754002742	1.4380226196219923
28175000	1.4357956766536912	1.4347813527713529
28200000	1.4325918786569045	1.4313497313767545
28225000	1.42919509367842	1.4277306551087092
28250000	1.4256070357404949	1.4239268240185439
28275000	1.4218295194487611	1.419940749989978
28300000	1.417864458927052	1.4157747673768553
28325000	1.4137138668637357	1.4114310429567942
28350000	1.4093798536749094	1.406911585332357
28375000	1.404864626788788	1.4022182539149697
28400000	1.4001704900546494	1.3973527676325614
28425000	1.3952998432786918	1.3923167135100352
28450000	1.3902551818881528	1.3871115552825946
28475000	1.3850390967240747	1.3817386422160536
28500000	1.3796542739620994	1.376199218326059
28525000	1.3741034951597384	1.3704944322102268
28550000	1.368389637427615	1.3646253477342698
28575000	1.3625156737212456	1.3585929558460612
28600000	1.3564846732490636	1.3523981878312794
28625000	1.3502998019914794	1.346043287394613
28650000	1.3439643233249812	1.3395359394140807
28675000	1.3374815987444237	1.3328813810948035
28700000	1.3308550886759043	1.3260843818116432
28725000	1.3240883533718781	1.3191496350577432
28750000	1.3171850538794165	1.3120817722678806
28775000	1.3101489530718684	1.3048853755618426
28800000	1.302983916733492	1.2975649894626042
28825000	1.2956939146860114	1.2901251316277738
28850000	1.288283021945463	1.2825703026173965
28875000	1.2807554198970854	1.2749049947066513
28900000	1.2731153974755058	1.2671336997381706
28925000	1.2653673523368942	1.2592609159956933
28950000	1.2575157920092799	1.2512911540686142
28975000	1.2495653350067293	1.2432289416659046
29000000	1.2415207118925655	1.2350788273281277
29025000	1.2333867662763949	1.2268453829782866
29050000	1.2251684557291862	1.2185332052465576
29075000	1.216870852600214	1.2101469155013038
29100000	1.2084991447192193	1.2016911585200265
29125000	1.200058635966655	1.1931705997402027
29150000	1.1915547466944187	1.1845899210425785
29175000	1.1829930139790026	1.1759538150399969
29200000	1.1743790916884778	1.1672691473129668
29225000	1.165718750344245	1.1585452614939453
29250000	1.1570178767579407	1.1497867044244634
29275000	1.1482824734233552	1.1409982924753563
29300000	1.1395186576426788	1.132185327368538
29325000	1.1307326603658105	1.1233535994018105
29350000	1.1219308247209216	1.1145093820014604
29375000	1.113119604213865	1.1056594160059507
29400000	1.104305560573473	1.0968108821284712
29425000	1.0954953612192542	1.0879713601897893
29450000	1.0866957763274572	1.0791487739757393
29475000	1.0779136754710645	1.070351320972077
29500000	1.0691560238088154	1.0615873867728411
29525000	1.0604298777981378	1.0528654446460919
29550000	1.0517423804066586	1.0441939415588128
29575000	1.0431007557969874	1.0355811728805577
29600000	1.034512303459634	1.0270351489552434
29625000	1.0259843917693725	1.018563457687503
29650000	1.0175244509410801	1.01017312815541
29675000	1.0091399653621356	1.0018705009483242
29700000	1.0008384652799196	0.993661111350586
29725000	0.9926275178248454	0.9855495915732309
29750000	0.984514717351758	0.9775395979230529
29775000	0.9765076750855166	0.969633776245935
29800000	0.9686140080601467	0.9618390373468512
29825000	0.9608413273452326	0.9541659350805936
29850000	0.953197225558189	0.9466232549415428
29875000	0.9456892636667859	0.9392202355351598
29900000	0.9383249570928618	0.9319663858029982
29925000	0.9311117611354472	0.9248713005495681
29950000	0.9240570557396561	0.9179444811057951
29975000	0.9171681296466003	0.9111951675182156
30000000	0.9104521639691384	0.9046321878305601
30025000	0.9039162152485316	0.8982638289076833
30050000	0.8975671980578073	0.8920977319454971
30075000	0.8914118672287804	0.8861408144278072
30100000	0.8854567997909837	0.8803992189405615
30125000	0.879708376722152	0.8748782880295567
30150000	0.8741727646209385	0.8695825632596406
30175000	0.8688558974231965	0.864515805845683
30200000	0.8637634582929322	0.8596810356952094
30225000	0.8589008618277736	0.8550805854228932
30250000	0.854273236726088	0.850716165842989
30275000	0.8498854090685058	0.8465889395795894
30300000	0.845741886370173	0.8427003684911684
30325000	0.8418468425613845	0.8390625263524887
30350000	0.8382041040530346	0.8356821101431675
30375000	0.8348171370394104	0.8325622560514244
30400000	0.8316890361841565	0.8297056843739739
30425000	0.8288225148256229	0.827114680342251
30450000	0.8262198968254024	0.8247910834570471
30475000	0.8238831101686689	0.8227362843605271
30500000	0.8218136824072799	0.8209512282954547
30525000	0.820012738016645	0.8194364242441987
30550000	0.8184809977155514	0.8181919588971658
30575000	0.8172187797748869	0.8172175146657562
30600000	0.8162260033169508	0.8165123910242162
30625000	0.8155021935823991	0.8160755285344886
30650000	0.8150464891173118	0.8159055349760362
30675000	0.8148576508090059	0.8160007130670687
30700000	0.814934072676548	0.8163590893237521
30725000	0.8152737943009715	0.816978443659313
30750000	0.8158745147614015	0.8178563393753956
30775000	0.8167336079270512	0.8189901532435595
30800000	0.8178481389416342	0.8203771054157009
30825000	0.8192148817263714	0.8220142889385955
30850000	0.8208303373206177	0.8238986986800264
30875000	0.8226907528751274	0.826030078046179
30900000	0.8247921411121564	0.8284074479970105
30925000	0.8271303000687921	0.8310234854214752
30950000	0.8297008329448274	0.8338710322924505
30975000	0.8324991678840379	0.8369431765260877
31000000	0.8355205775273626	0.840233244720503
31025000	0.8387601981880817	0.8437347951699857
31050000	0.8422130485121053	0.8474416111486185
31075000	0.8458740475006417	0.851347694440333
31100000	0.8497380317874497	0.8554472590790774
31125000	0.8537997720781565	0.8597347252520515
31150000	0.8580539886745521	0.8642047133100321
31175000	0.8624953660219665	0.8688520378210149
31200000	0.8671185662325275	0.8736717015961459
31225000	0.8719182415512309	0.8786588896096527
31250000	0.876889045744899	0.883808962726768
31275000	0.8820256444064093	0.889117451144984
31300000	0.8873227241777132	0.8945800474439718
31325000	0.8927750009052157	0.9001925991276866
31350000	0.8983772267499995	0.905951100528103
31375000	0.9041241962830632	0.9118516839231754
31400000	0.9100107516023758	0.9178906097014369
31425000	0.916031786514072	0.9240642553815195
31450000	0.9221822498245269	0.9303688082263597
31475000	0.9284571477936583	0.9367977638430297
31500000	0.9348515458023604	0.943344456383931
31525000	0.9413605692888248	0.9500027137868461
31550000	0.9479794040096842	0.9567666509860093
31575000	0.9547032956822769	0.9636306473489573
31600000	0.9615275490643882	0.9705893257557995
31625000	0.9684475265271837	0.977637533169608
31650000	0.9754586461761637	0.9847703225561351
31675000	0.9825563795737002	0.9919829360188679
31700000	0.9897362491151037	0.9992707890216175
31725000	0.9969938251085343	1.0066294555754665
31750000	1.004324722606992	1.0140546542700262
31775000	1.0117245980387224	1.0215422350305987
31800000	1.019189145680169	1.0290881664830374
31825000	1.026714094013396	1.0366885238068657
31850000	1.034295202007792	1.0443394769545666
31875000	1.0419282553635347	1.0520372791109238
31900000	1.0496090627521752	1.0597782552609538
31925000	1.0573334520875084	1.0675587907283708
31950000	1.065097266857693	1.0753753195388456
31975000	1.0728963625475996	1.0832243124537406
32000000	1.0807266031781617	1.091102264510859
32025000	1.0885838579876421	1.099005565512332
32050000	1.0964639982777054	1.1069283654092505
32075000	1.1043628944452457	1.114866360306726
32100000	1.1122764132191778	1.1228160238327114
32125000	1.120200415119465	1.1307735965930892
32150000	1.1281307521539763	1.1387350857424048
32175000	1.1360632657670344	1.1466962689510707
32200000	1.143993785051776	1.1546527034745724
32225000	1.1519181252368615	1.162599741056701
32250000	1.1598320864564162	1.1705325493972056
32275000	1.1677314528104918	1.1784461408758642
32300000	1.1756119917218217	1.1863354091405922
32325000	1.183469453593021	1.1941951740276469
32350000	1.1912995717669854	1.2020202350788636
32375000	1.1990980627916485	1.2098054336478214
32400000	1.2068606269888615	1.2175457232406879
32425000	1.2145829493257312	1.2252362473199137
32450000	1.2222607005852735	1.2328724233178665
32475000	1.2298895388319444	1.2404500310784576
32500000	1.2374651111662094	1.2479653033920888
32525000	1.2449830557610024	1.2554150157458532
32550000	1.2524390041716962	1.2627965719180798
32575000	1.259828583909879	1.2701080816513004
32600000	1.2671474212701668	1.2773484263905477
32625000	1.2743911443980205	1.284517302802196
32650000	1.2815553865855387	1.2916120819862829
32675000	1.2886357897811753	1.2986266562078497
32700000	1.2956280082982743	1.3055551565600698
32725000	1.3025277127066033	1.3123913191983305
32750000	1.309330593890082	1.3191286234283206
32775000	1.3160323672532839	1.325760437007988
32800000	1.322628777058634	1.3322801635371726
32825000	1.3291156008756078	1.3386813865026017
32850000	1.3354886541228796	1.34495800458615
32875000	1.3417437946839144	1.351104353236124
32900000	1.3478769275762996	1.3571153082152785
32925000	1.3538840096549392	1.3629863678141714
32950000	1.3597610543291683	1.3687137115691925
32975000	1.3655041362739528	1.3742942345523959
33000000	1.3711093961154428	1.379725557505086
33025000	1.3765730450714737	1.3850060141786087
33050000	1.3818913695279995	1.3901346181526273
33075000	1.3870607355328746	1.395111012076504
33100000	1.3920775931890899	1.3999354027028006
33125000	1.3969384809301781	1.4046084852575682
33150000	1.401640029661369	1.4091311832880535
33175000	1.4061789667509323	1.4134951620491758
33200000	1.4105521198571331	1.4176921375660954
33225000	1.4147564205773078	1.421717943595145
33250000	1.4187889079066713	1.4255686723072696
33275000	1.4226467314957092	1.429240702285553
33300000	1.426327154696272	1.432730715026793
33325000	1.4298275573877819	1.4360357013978065
33350000	1.433145438576379	1.4391529595338526
33375000	1.4362784187611826	1.4420800856366869
33400000	1.4392242420632886	1.4448149590503248
33425000	1.4419807781145877	1.447355722879003
33450000	1.4445460237048677	1.4497007612773125
33475000	1.4469181041871713	1.4518486743979566
33500000	1.4490952746427361	1.4537982518365273
33525000	1.4510759208082866	1.4555484452714285
33550000	1.4528585597697736	1.4570983408649545
33575000	1.4544418404279744	1.458447131871347
33600000	1.4558245437426367	1.4595940917908368
33625000	1.4570055827630162	1.4605385483157385
33650000	1.4579840024538027	1.4612798582353246
33675000	1.4587589793264613	1.4618173833997452
33700000	1.4593298208869667	1.4621504673067154
33725000	1.4596959649117858	1.4622728803810907
33750000	1.459856978564726	1.4621808314924536
33775000	1.4598125573679357	1.4618768255967463
33800000	1.4595625240409151	1.4613631767255895
33825000	1.459106827221851	1.460642017525758
33850000	1.4584455400859424	1.459715308119988
33875000	1.4575788588756398	1.4585848442561085
33900000	1.4565071013578497	1.4572522647335828
33925000	1.4552307052231976	1.4557190581140573
33950000	1.4537502264423812	1.4539865687363505
33975000	1.4520663375944591	1.452056002067406
34000000	1.4501798261816872	1.4499284294296706
34025000	1.4480915929451317	1.4476047921528448
34050000	1.4458026501948602	1.4450859052044567
34075000	1.4433141201679947	1.442372460359704
34100000	1.4406272334272983	1.439465028976928
34125000	1.437743327312314	1.4363640644513171
34150000	1.434663844454339	1.4330699044263537
34175000	1.431390331365724	1.4295827728505257
34200000	1.4279244371131785	1.4259027819763312
34225000	1.4242679120838453	1.4220299344100367
34250000	1.4204226068520376	1.4179641253345334
34275000	1.4163904711535638	1.4137051378136567
34300000	1.412173552973585	1.4092538236145178
34325000	1.4077739977530337	1.4046146234896166
34350000	1.4031940477175304	1.3997924068647005
34375000	1.3984360413318342	1.3947918096129115
34400000	1.3935024128818043	1.389617251984415
34425000	1.3883956921848646	1.3842729550656272
34450000	1.383118504429022	1.3787629559549786
34475000	1.3776735701394451	1.373091121830008
34500000	1.3720637052707363	1.367261163071314
34525000	1.3662918214220454	1.3612766456024554
34550000	1.360360926171255	1.3551410026011643
34575000	1.3542741235236684	1.3488575457362102
34600000	1.34803461446963	1.3424294760859707
34625000	1.3416456976448325	1.335859894899286
34650000	1.3351107700861635	1.3291518143666345
34675000	1.3284333280751972	1.3223081685802405
34700000	1.3216169680607541	1.3153318248755992
34725000	1.3146653876511505	1.308225595764378
34750000	1.3075823866661809	1.3009922516899626
34775000	1.3003718682381582	1.293634534862409
34800000	1.293037839950754	1.2861551744595536
34825000	1.2855844150037883	1.2785569035158502
34850000	1.2780158133915187	1.2708424778604206
34875000	1.2703363630814957	1.2630160648388447
34900000	1.2625505011804778	1.2550876507994138
34925000	1.2546627750733883	1.2470624682021092
34950000	1.2466778435208798	1.238945091084773
34975000	1.2386004777004809	1.230740252888032
35000000	1.2304355621759338	1.222452858414555
35025000	1.2221880957788296	1.2140879936694586
35050000	1.2138631923861243	1.20565093315398
35075000	1.2054660815767895	1.1971471441216992
35100000	1.1970021091502352	1.1885822872467584
35125000	1.1884767374887848	1.1799622131001735
35150000	1.1798955457459324	1.1712929537880157
35175000	1.1712642298416034	1.1625807090795186
35200000	1.1625886022452054	1.15383182635088
35225000	1.1538745915266146	1.1450527736994573
35250000	1.1451282416547952	1.1362501056519911
35275000	1.1363557110231768	1.1274304210086736
35300000	1.1275632711802586	1.1186003125416035
35325000	1.1187573052435005	1.1097663085097724
35350000	1.1099443059738223	1.1009348062697244
35375000	1.1011308734876146	1.0921119986545178
35400000	1.092323712582545	1.083303794261901
35425000	1.083529629652957	1.0745157333274231
35450000	1.0747555291702984	1.0657529014431013
35475000	1.0660084097035196	1.057021751102888
35500000	1.0572953594543084	1.048329852744883
35525000	1.048623551281759	1.0396835290758815
35550000	1.0400002371912043	1.031089866436316
35575000	1.0314327422622631	1.022556655216158
35600000	1.0229284579915643	1.0140923009196352
35625000	1.0144948350265692	1.0057057133277132
35650000	1.0061393752680372	0.9974061755871948
35675000	0.997869623320271	0.9892031963439334
35700000	0.989693157270445	0.9811063492865965
35725000	0.9816175787807723	0.9731251055652926
35750000	0.9736505024806279	0.9652686653850093
35775000	0.9657995446494135	0.9575457955500699
35800000	0.9580723111855441	0.94996467978356
35825000	0.9504763848622195	0.9425327882349949
35850000	0.9430193118765644	0.9352567717363393
35875000	0.9357085877056533	0.9281423851329202
35900000	0.928551642290467	0.9211944425035118
35925000	0.9215558245772386	0.9144168054221562
35950000	0.9147283864548396	0.9078124037437798
35975000	0.9080764661366282	0.9013832868513865
36000000	0.9016070710456466	0.8951314083322339
36025000	0.8953270602729566	0.8890684797603566
36050000	0.8892431266900952	0.8832047426634303
36075000	0.8833617788080673	0.8775482878297418
36100000	0.8776893224864722	0.8721069812098697
36125000	0.8722318426074118	0.8668883426577189
36150000	0.8669951848391116	0.8618994450647163
36175000	0.8619849376236325	0.857146834234221
36200000	0.8572064145313815	0.8526364690397608
36225000	0.8526646371317195	0.8483736807662928
36250000	0.848364318534012	0.8443631500540539
36275000	0.8443098477561799	0.8406088995431598
36300000	0.8405052750782471	0.8371143001386522
36325000	0.836954298536267	0.8338820887590712
36350000	0.8336602517070364	0.8309143954733157
36375000	0.8306260929263178	0.8282127780465816
36400000	0.8278543960726212	0.8257782620840972
36425000	0.8253473430351763	0.8236113851614049
36450000	0.8231067179686596	0.8217122435454862
36475000	0.8211339034186469	0.8200805403288947
36500000	0.8194298783811643	0.818715634009467
36525000	0.8179952183372824	0.8176165867441844
36550000	0.8168300972800372	0.8167872512548002
36575000	0.815934291726527	0.8162336325852029
36600000	0.8153071866833226	0.815952744267818
36625000	0.8149477835089929	0.8159413387886153
36650000	0.8148547095940253	0.8161960418197015
36675000	0.8150262297563278	0.8167133599924002
36700000	0.8154602592302782	0.8174896895902057
36725000	0.8161543781093594	0.8185213261089199
36750000	0.8171058470871695	0.8198044746077506
36775000	0.8183116243292554	0.8213352607567935
36800000	0.819768383299014	0.823109742472547
36825000	0.821472531354849	0.8251239220233408
36850000	0.8234202289329795	0.8273737584801907
36875000	0.8256074091305374	0.8298551803850659
36900000	0.828029797506797	0.8325640985073283
36925000	0.8306829319263298	0.835496418559596
36950000	0.8335621822761404	0.8386480537460096
36975000	0.836662769899302	0.8420149370182954
37000000	0.8399797865996931	0.845593032917636
37025000	0.8435082130859581	0.8493783488826905
37050000	0.8472429367372727	0.8533669459056319
37075000	0.8511787685885706	0.857554948418342
37100000	0.855310459448316	0.8619387151376515
37125000	0.8596327150772135	0.8665153790858393
37150000	0.8641402103713169	0.8712777456547285
37175000	0.8688276025075536	0.8762179386347375
37200000	0.8736895430233778	0.8813284833317302
37225000	0.8787206888152396	0.8866022837985665
37250000	0.8839157120523414	0.892032601298674
37275000	0.8892693090129832	0.897613033886512
37300000	0.8947762078604149	0.9033374969902773
37325000	0.9004311753835446	0.909200204881871
37350000	0.9062290227352536	0.9151956529178595
37375000	0.9121646102071631	0.9213186004327663
37400000	0.918232851084923	0.9275640541623544
37425000	0.9244287146321826	0.9339272520694499
37450000	0.9307472282545487	0.9404036474381026
37475000	0.9371834788972655	0.9469888930933046
37500000	0.9437326137318243	0.9536788255928198
37525000	0.9503898401876392	0.9604694492246917
37550000	0.9571504253852076	0.9673569196283631
37575000	0.9640096950268786	0.9743375268387322
37600000	0.9709630318007101	0.981407677530514
37625000	0.978005873351797	0.9885638762145263
37650000	0.9851337098740788	0.9958027051075241
37675000	0.9923420813740411	1.003120802362442
37700000	0.9996265746558254	1.0105147896154454
37725000	1.0069828200753999	1.01797823726404
37750000	1.0144064881092578	1.0255050422279668
37775000	1.0218932857810217	1.0330906450124075
37800000	1.02943895298714	1.0407305455576048
37825000	1.0370392587605908	1.0484202903022795
37850000	1.0446899975093604	1.0561554612224382
37875000	1.0523869852642305	1.063931666899867
37900000	1.0601260559682417	1.0717445357010473
37925000	1.0679030578381121	1.0795897111721988
37950000	1.0757138498257233	1.0874628497791208
37975000	1.083554298205862	1.0953596211406402
38000000	1.0914202733143072	1.1032757109207476
38025000	1.0993076464584908	1.1112068265555493
38050000	1.1072122870210819	1.1191487059952703
38075000	1.1151300597748965	1.1270971296366825
38100000	1.1230568224259336	1.135047935605072
38125000	1.1309884233993857	1.1429970385144612
38150000	1.1389206998819024	1.1509404517871815
38175000	1.146849476131679	1.158874313545827
38200000	1.1547705620662394	1.166794915998829
38225000	1.1626797521362975	1.1746987381222918
38250000	1.1705728244923694	1.1825824812928434
38275000	1.1784455404493568	1.1904431011715797
38300000	1.1862936442527523	1.1982773255187518
38325000	1.1941128631486053	1.206081510725085
38350000	1.201898907757963	1.2138516674271023
38375000	1.2096474727549744	1.2215833200483242
38400000	1.2173542378464746	1.2292715452076979
38425000	1.2250148690494755	1.236911023245555
38450000	1.232625020261545	1.2444961035071067
38475000	1.2401803351178333	1.2520208834931763
38500000	1.2476764491270929	1.2594793013367775
38525000	1.2551089920778586	1.266865240314165
38550000	1.262473590704698	1.2741726432868001
38575000	1.2697658716032683	1.281395634147688
38600000	1.2769814643818402	1.2885286425751394
38625000	1.284116005035823	1.295566527750115
38650000	1.2911651395308743	1.3025046962412286
38675000	1.2981245275792654	1.3093392090676286
38700000	1.3049898465932253	1.316066873060844
38725000	1.3117567957983303	1.3226853120839512
38750000	1.3184211004892066	1.3291930144213526
38775000	1.324978516409232	1.335589353683908
38800000	1.3314248342354664	1.3418745818111875
38825000	1.3377558841494968	1.3480497941010556
38850000	1.343967540474687	1.3541154717728816
38875000	1.3500557263599977	1.360062751667226
38900000	1.3560164184904877	1.3658843589626941
38925000	1.3618456518045914	1.371573885457386
38950000	1.36753952419832	1.3771250248150964
38975000	1.3730942011968197	1.3825316937653338
39000000	1.3785059205739618	1.3877881350118313
39025000	1.3837709969010923	1.3928890001413994
39050000	1.3888858260066463	1.3978294118608898
39075000	1.3938468893288642	1.402605005833775
39100000	1.3986507581446972	1.4072119531893938
39125000	1.4032940976587291	1.4116469654065356
39150000	1.4077736709369215	1.4159072837167623
39175000	1.412086342670994	1.4199906554359472
39200000	1.4162290827603072	1.4238952997317535
39225000	1.4201989696993444	1.427619865295545
39250000	1.4239931937600452	1.4311633822391947
39275000	1.4276090599596003	1.4345252103111386
39300000	1.4310439908056274	1.4377049852507044
39325000	1.434295528812	1.4407025648005976
39350000	1.4373613387800759	1.4435179755951348
39375000	1.4402392098414298	1.446149000996251
39400000	1.442927057259685	1.4485841256424388
39425000	1.4454229239904677	1.4508211075120463
39450000	1.447724981999917	1.4528592123083424
39475000	1.449831533343628	1.454697774079333
39500000	1.4517410110092621	1.4563361915368371
39525000	1.4534519795274046	1.4577739228993165
39550000	1.4549631353565584	1.4590104795356595
39575000	1.456273307049363	1.460045418651571
39600000	1.4573814552083335	1.4608783352266503
39625000	1.4582866722404784	1.4615088533792078
39650000	1.458988181921181	1.4619366173077852
39675000	1.4594853387786548	1.4621612819332706
39700000	1.4597776273111054	1.4621825033434697
39725000	1.4598646610494723	1.4619999291229222
39750000	1.4597461814792596	1.4616131886344386
39775000	1.4594220568354803	1.4610218833051387
39800000	1.4588922807851787	1.4602255769585035
39825000	1.458156971012294	1.4592237862248891
39850000	1.4572163677198469	1.4580159710560037
39875000	1.4560708320645355	1.456601525363828
39900000	1.4547208445388151	1.4549797678013134
39925000	1.453167003315437	1.4531499101118217
39950000	1.451410022569231	1.4511077535650034
39975000	1.449450730790598	1.448853785075266
40000000	1.4472900691048096	1.4463923127606841
40025000	1.4449290896107414	1.4437273570998943
40050000	1.4423689537520932	1.4408626695840996
40075000	1.4396109307335676	1.4378017497874909
40100000	1.4366563959937393	1.4345478609958997
40125000	1.433506829745641	1.4311040445301408
40150000	1.430163815595257	1.427473132897398
40175000	1.4266290392472816	1.4236577619014013
40200000	1.4229042873066053	1.4196603818404194
40225000	1.4189914461830528	1.4154832679214147
40250000	1.4148925011059763	1.4111285300193994
40275000	1.4106095352543069	1.4065981219132941
40300000	1.4061447290066844	1.4018938501337062
40325000	1.4015003593153184	1.3970173825642864
40350000	1.3966787992061855	1.3919702569470416
40375000	1.3916825174072265	1.3867538894535147
40400000	1.386514078105171	1.3813695834985626
40425000	1.381176140830666	1.3758185389920843
40450000	1.3756714604704143	1.370101862247057
40475000	1.3700028874040617	1.3642205767904105
40500000	1.3641733677626924	1.3581756353574204
40525000	1.3581859438048496	1.3519679333915076
40550000	1.3520437544051251	1.3456011401143797
40575000	1.3457500356495649	1.339082785553046
40600000	1.339308121531239	1.3324177446023144
40625000	1.3327214447386084	1.3256107665105499
40650000	1.3259935375285528	1.3186665253147543
40675000	1.3191280326751194	1.311589633431037
40700000	1.312128664484503	1.3043846541829096
40725000	1.3049992698659434	1.297056113321799
40750000	1.29774378944772	1.289608509578479
40775000	1.2903662687267414	1.282046324269329
40800000	1.2828708592396452	1.2743740299674235
40825000	1.275261819742836	1.2665960982353084
40850000	1.2675435173882321	1.2587170064040163
40875000	1.2597204288811268	1.2507412433714846
40900000	1.2517971416059301	1.2426733143832551
40925000	1.2437783547051386	1.234517744749442
40950000	1.2356688800964417	1.2262790824448704
40975000	1.2274736434122986	1.2179618995345367
41000000	1.2191976848459791	1.2095707923648427
41025000	1.210846159887513	1.20111038046326
41050000	1.2024243399325405	1.1925853040962808
41075000	1.1939376127466532	1.184000220448945
41100000	1.1853914827672059	1.1753597998809917
41125000	1.1767915712242558	1.1666725359136845
41150000	1.1681436160616223	1.1579462452290739
41175000	1.159453471638625	1.1491853748723613
41200000	1.1507271081925556	1.1403948445077423
41225000	1.141970611041275	1.1315800554421143
41250000	1.133190179504905	1.1227468923316923
41275000	1.1243921255249183	1.1139017160145421
41300000	1.1155828719583767	1.1050513458895852
41325000	1.106768950524557	1.096203030320494
41350000	1.0979569993805776	1.0873644037020065
41375000	1.0891537603021653	1.0785434291060203
41400000	1.0803660754452253	1.0697483258407976
41425000	1.0716008836634159	1.0609874818169795
41450000	1.0628652163567092	1.0522693513166426
41475000	1.054166192825585	1.0436023395903273
41500000	1.0455110151055798	1.034994676629609
41525000	1.0369069622569667	1.0264542834296004
41550000	1.0283613840846897	1.0179886350004355
41575000	1.0198816942644384	1.0096046252295905
41600000	1.0114753628515034	1.0013084393509903
41625000	1.0031499081505908	0.9931054401569326
41650000	0.9949128879264155	0.9850000741216157
41675000	0.986771889937168	0.9769958032402986
41700000	0.9787345217758248	0.969095349286995
41725000	0.9708084000075651	0.9613074853215319
41750000	0.9630011385957485	0.953642008515945
41775000	0.9553203366136043	0.9461078030682909
41800000	0.947773565244305	0.9387141752536157
41825000	0.9403683540785146	0.9314706701184261
41850000	0.9331121767254187	0.9243868874702178
41875000	0.9260124357613317	0.9174723039647267
41900000	0.9190764470485238	0.9107361075964303
41925000	0.9123114234663403	0.9041870500313816
41950000	0.9057244581068018	0.8978333210718168
41975000	0.899322506997386	0.891682448215783
42000000	0.8931123714248389	0.8857412228860009
42025000	0.8871006799450835	0.8800156535583723
42050000	0.8812938701756893	0.874510944813479
42075000	0.8756981704785625	0.8692315003319414
42100000	0.8703195816512421	0.8641809470972766
42125000	0.8651638587553109	0.8593621775720012
42150000	0.8602364932194285	0.8547774063647479
42175000	0.8555426953622384	0.8504282378809367
42200000	0.85108737748655	0.8463157416078484
42225000	0.8468751377003072	0.8424427853601251
42250000	0.8429102446218962	0.8388224254333945
42275000	0.839196623126813	0.8354596425784923
42300000	0.8357378412896017	0.8323575732687244
42325000	0.8325370986690513	0.8295189314050742
42350000	0.8295972160758275	0.8269459902249778
42375000	0.8269206269501079	0.8246405726898268
42400000	0.8245093704623427	0.8226040493649837
42425000	0.8223650864332642	0.8208373428308012
42450000	0.820489012149946	0.8193409377091945
42475000	0.8188819811333578	0.8181148954501235
42500000	0.8175444238899742	0.817158873090128
42525000	0.8164763706559794	0.8164721452661967
42550000	0.815677456117998	0.8160536288395267
42575000	0.8151469260696802	0.8159019095528262
42600000	0.8148836459393195	0.8160152702102289
42625000	0.8148861111006497	0.8163917199297844
42650000	0.8151524588574803	0.8170290240743839
42675000	0.8156804819733857	0.8179247345178098
42700000	0.81646764360068	0.8190762199484031
42725000	0.8175110934486648	0.8204806959538624
42750000	0.8188076850199215	0.8221352546671646
42775000	0.8203539937353374	0.8240369281552871
42800000	0.8221463357636899	0.8261868907020993
42825000	0.8241807873699071	0.8285819024473142
42850000	0.8264532045974872	0.8312146443143315
42875000	0.8289592431047555	0.8340780446451106
42900000	0.831694377981462	0.8371652720242153
42925000	0.8346539233813426	0.8404697283584598
42950000	0.8378330518173059	0.8439850422237919
42975000	0.8412268129786233	0.8477050624702893
43000000	0.844830151943309	0.8516238520598485
43025000	0.848637926673686	0.855735682098269
43050000	0.8526449246983326	0.860035026013009
43075000	0.8568458788989974	0.8645165538192047
43100000	0.8612354823363924	0.8691751264088701
43125000	0.8658084020636158	0.8740057897909911
43150000	0.8705592918902447	0.8790037692029529
43175000	0.8754828040736296	0.8841644630059179
43200000	0.8805735999263977	0.8894834362679587
43225000	0.885826359340709	0.8949564139285022
43250000	0.8912357892401408	0.9005792734255145
43275000	0.8967966309792887	0.9063480366523644
43300000	0.902503666719257	0.9122588610939601
43325000	0.9083517248140629	0.9183080299709477
43350000	0.9143356842488675	0.9244919411958795
43375000	0.9204504781756273	0.9308063578853926
43400000	0.9266910965955875	0.937244344378223
43425000	0.9330525882409276	0.943799411856997
43450000	0.9395300617098206	0.9504654351130962
43475000	0.9461186859106305	0.9572365729811598
43500000	0.9528136898714683	0.9641072460992474
43525000	0.959610361971502	0.9710721162707583
43550000	0.9665040486499874	0.9781260672784061
43575000	0.9734901526480881	0.9852641870094685
43600000	0.980564130837466	0.9924817507587721
43625000	0.9877214916880535	0.999774205581507
43650000	0.9949577924257675	1.0071371555720203
43675000	1.002268635929074	1.0145663479473233
43700000	1.0096496674111723	1.0220576598150954
43725000	1.01709657093265	1.0296070855056128
43750000	1.0246050657870978	1.0372107243451638
43775000	1.0321709028000885	1.0448647687452786
43800000	1.0397898605796958	1.052565492477441
43825000	1.0474577417544382	1.0603092389969775
43850000	1.0551703692324799	1.0680924096726157
43875000	1.0629235825136312	1.0759114517699284
43900000	1.0707132340836782	1.0837628460277713
43925000	1.0785351859184527	1.091643093657223
43950000	1.086385306123042	1.0995482704754218
43975000	1.094259465729606	1.1074723269372704
44000000	1.102153535675285	1.1154114357351033
44025000	1.1100633839798677	1.1233620088946228
44050000	1.1179848731410802	1.1313202294710025
44075000	1.1259138577634906	1.1392820518570794
44100000	1.1338461824354216	1.1472432065765727
44125000	1.1417776798664518	1.155199210263376
44150000	1.1497041692964638	1.1631453815500972
44175000	1.1576214551856416	1.1710768635821611
44200000	1.1655253261930751	1.1789886538292738
44225000	1.1734115544502202	1.186875641774809
44250000	1.1812758951337907	1.1947326549166237
44275000	1.1891140863412195	1.2025545133019302
44300000	1.1969218492703249	1.210336092538155
44325000	1.204694888703289	1.218072394868604
44350000	1.2124288937937162	1.2257586274786108
44375000	1.2201195391540272	1.2333902867133284
44400000	1.2277624862390826	1.2409632463589528
44425000	1.2353533850206513	1.2484738475899158
44450000	1.2428878759458637	1.2559189876493408
44475000	1.2503615921716607	1.263296203850457
44500000	1.2577701620658814	1.2706037491102118
44525000	1.2651092119644984	1.2778406550027153
44550000	1.272374369173359	1.2850065963253021
44575000	1.2795612652016237	1.29209763755442
44600000	1.2866655392131743	1.2991078230269588
44625000	1.293682841681143	1.3060311992992724
44650000	1.3006088382299437	1.3128614446044569
44675000	1.3074392136482857	1.3195920081382706
44700000	1.3141696760558859	1.3262162557880506
44725000	1.3207959612059939	1.3327276171219369
44750000	1.3273138369051953	1.339119728195009
44775000	1.3337191075315191	1.3453865648170538
44800000	1.3400076186314887	1.3515225613645319
44825000	1.3461752615764258	1.3575227109732044
44850000	1.3522179782581856	1.363382643953179
44875000	1.3581317658043917	1.369098682437146
44900000	1.3639126812932696	1.3746678705056639
44925000	1.3695568464483499	1.3800879802307355
44950000	1.3750604522934882	1.3853574951519851
44975000	1.380419763749099	1.3904755735798022
45000000	1.3856311241508745	1.3954419947631533
45025000	1.390690959672883	1.4002570913492272
45050000	1.3955957836376067	1.4049216717047894
45075000	1.4003422006962234	1.4094358821968316
45100000	1.40492691086333	1.4137892074688758
45125000	1.4093467133912563	1.4179751350680674
45150000	1.413598510470144	1.4219895040818242
45175000	1.4176793107411194	1.425828420658952
45200000	1.4215862326110245	1.4294882843129286
45225000	1.425316507358493	1.432965802829504
45250000	1.4288674820223992	1.436257997252742
45275000	1.4322366220651053	1.439362198451502
45300000	1.4354215138043234	1.442276036731039
45325000	1.4384198666087802	1.4449974258688718
45350000	1.4412295148543792	1.4475245428357069
45375000	1.4438484196389312	1.4498558043241518
45400000	1.446274670254996	1.4519898410609149
45425000	1.448506485421809	1.4539254707305447
45450000	1.450542214278633	1.455661670196606
45475000	1.4523803371432877	1.4571975475738148
45500000	1.454019466040895	1.4585323145845845
45525000	1.455458345009173	1.4596652595271293
45550000	1.4566958501878244	1.4605957210899938
45575000	1.4577309897006787	1.4613230631693945
45600000	1.4585629033403549	1.461846650780173
45625000	1.4591908620661553	1.462165438542216
45650000	1.459614267326813	1.4622714589695491
45675000	1.459832650220505	1.4621637332589514
45700000	1.4598456705052456	1.461844680020695
45725000	1.4596531154733632	1.4613165321015948
45750000	1.4592548987042613	1.4605813457424504
45775000	1.4586510587100419	1.459641009062596
45800000	1.4578417574888523	1.458497249842303
45825000	1.4568272790009824	1.4571516425948732
45850000	1.455608027582805	1.4556056149369707
45875000	1.4541845263136146	1.4538604532789954
45900000	1.452557415350282	1.451917307867921
45925000	1.4507274502443954	1.4497771972236562
45950000	1.448695500256249	1.4474410120172463
45975000	1.446462546679598	1.4449095184456096
46000000	1.4440296811906175	1.4421833611634538
46025000	1.4413981042339288	1.4392630658389556
46050000	1.4385691234578728	1.4361490414061098
46075000	1.4355441522105565	1.4328415820937115
46100000	1.4323247081073665	1.429340869319176
46125000	1.4289124116798704	1.4256469735451727
46150000	1.4253089851151364	1.4217598562088574
46175000	1.4215162510935897	1.417679371847818
46200000	1.4175361317326292	1.4134052774681345
46225000	1.413370647642208	1.4089392880051899
46250000	1.4090219170976641	1.404286203826138
46275000	1.4044921553340677	1.3994508292538095
46300000	1.3997836739653295	1.3944377381745277
46325000	1.3948988805303881	1.3892512916164166
46350000	1.3898402781677102	1.3838956539001759
46375000	1.3846104654184317	1.3783748075464213
46400000	1.3792121361574436	1.3726925671122956
46425000	1.373648079650769	1.3668525921215176
46450000	1.3679211807366896	1.36085839924628
46475000	1.3620344201270729	1.354713373896387
46500000	1.355990874824576	1.3484207813706728
46525000	1.3497937186504272	1.3419837777281973
46550000	1.3434462228767052	1.3354054205419867
46575000	1.3369517569562515	1.3286886797063568
46600000	1.3303137893424977	1.3218364484803102
46625000	1.3235358883908346	1.3148515549643482
46650000	1.3166217233323718	1.307736774226558
46675000	1.3095750653102578	1.3004948413163466
46700000	1.3023997884681244	1.293128465430995
46725000	1.2950998710795294	1.285640345531676
46750000	1.287679396706715	1.2780331877420181
46775000	1.2801425553764207	1.27030972490405
46800000	1.2724936447599013	1.2624756064187168
46825000	1.2647370713438577	1.2545403222454423
46850000	1.2568773515783591	1.2465085024149734
46875000	1.2489191129874615	1.238384762087576
46900000	1.2408670952276692	1.2301738744759843
46925000	1.2327261510789138	1.221880782334392
46950000	1.224501247352326	1.2135106072699318
46975000	1.2161974656985357	1.205068656446032
47000000	1.2078200032998154	1.196560426185661
47025000	1.19937417342892	1.1879916019245114
47050000	1.1908654058569494	1.1793680539132718
47075000	1.1822992470921776	1.1706958280288307
47100000	1.1736813604311647	1.161981131032259
47125000	1.165017525803089	1.1532303096135275
47150000	1.1563136393876332	1.1444498225969773
47175000	1.1475757129861979	1.1356462057562733
47200000	1.1388098731258043	1.1268260288121241
47225000	1.1300223598742665	1.117995844369473
47250000	1.1212195253448551	1.1091621288013056
47275000	1.1124078318679764	1.1003312154096756
47300000	1.1035938498068427	1.0915092205937096
47325000	1.0947842549936482	1.082701964226775
47350000	1.0859858257621289	1.073914885981756
47375000	1.0772054395520658	1.0651530465890764
47400000	1.0684500690607992	1.0564238553243661
47425000	1.0597267779166049	1.047734177684611
47450000	1.0510427158486197	1.0390904956824072
47475000	1.0424051133279697	1.0305000453219768
47500000	1.0338212756550411	1.0219707463890992
47525000	1.0252985764682374	1.0135111098757776
47550000	1.0168444506502863	1.0051301238233747
47575000	1.0084663866093548	0.9968371196063897
47600000	1.000171917913568	0.9886416219641128
47625000	0.9919686142596029	0.9805531873177986
47650000	0.9838640717583794	0.9725812359749364
47675000	0.9758659025239314	0.9647348846097776
47700000	0.9679817235551832	0.957022785826483
47725000	0.9602191449046368	0.9494529815936299
47750000	0.9525857571330859	0.9420327768622797
47775000	0.9450891180552208	0.9347686387665993
47800000	0.9377367387875809	0.927666125523896
47825000	0.9305360691177689	0.9207298476062495
47850000	0.9234944822219163	0.913963462080577
47875000	0.9166192587664268	0.9073696993491621
47900000	0.9099175704396402	0.9009504200018287
47925000	0.9033964629692707	0.8947088431034828
47950000	0.8970628386923927	0.8886581583747765
47975000	0.8909234387557483	0.8828074570934294
48000000	0.8849848250356259	0.8771648403884776
48025000	0.8792533618778055	0.8717381613804509
48050000	0.8737351977691471	0.866534906746792
48075000	0.8684362470629978	0.8615620988940468
48100000	0.8633621718902394	0.8568262189637541
48125000	0.8585183643964848	0.8523331501100078
48150000	0.8539099294530962	0.848088139859334
48175000	0.8495416679950986	0.8440957799020541
48200000	0.8454180611425669	0.8403600013609449
48225000	0.8415432552630825	0.8368840834214771
48250000	0.837921048131519	0.8336706731664882
48275000	0.8345548763392382	0.8307218145128499
48300000	0.8314478040978379	0.8280389842744031
48325000	0.8286025135727986	0.8256231335517437
48350000	0.8260212968696654	0.8234747328556535
48375000	0.8237060497800908	0.8215938195907648
48400000	0.8216582673771254	0.8199800467464796
48425000	0.8198790415290816	0.8186327318537662
48450000	0.8183690603793378	0.8175510136554582
48475000	0.8171286098160742	0.8167418454259113
48500000	0.8161575769316649	0.816207850001994
48525000	0.8154554554467784	0.8159459761818008
48550000	0.8150213530496981	0.8159530340293469
48575000	0.814854000577625	0.816225701973278
48600000	0.8149517629441401	0.8167605348963829
48625000	0.8153126516962328	0.8175539731779249
48650000	0.8159343390656897	0.8186023526239005
48675000	0.8168141733636118	0.819901915198854
48700000	0.817949195553648	0.8214488204563378
48725000	0.8193361568294447	0.8232391575528863
48750000	0.8209715370148679	0.8252689577219262
48775000	0.8228515636018533	0.827534207078818
48800000	0.8249722312401537	0.8300308596256598
48825000	0.8273293214956519	0.8327548503240316
48850000	0.8299184226990987	0.8357021081050204
48875000	0.8327349497148163	0.8388685686880936
48900000	0.8357741634687504	0.8422501870832103
48925000	0.839031190086972	0.8458429496534509
48950000	0.8425010395088243	0.8496428856179485
48975000	0.8461786234532025	0.8536460778765199
49000000	0.850058772631359	0.8578486730376044
49025000	0.8541362531149805	0.8622473732168628
49050000	0.8584057817837026	0.8668385698101306
49075000	0.8628620407913177	0.8716144441856392
49100000	0.8674996910047279	0.8765672123830213
49125000	0.8723133843835846	0.8816894857783322
49150000	0.8772977752817787	0.8869742487843758
49175000	0.882447530664087	0.8924148377392276
49200000	0.8877573392423345	0.8980049208697563
49225000	0.8932219195454374	0.9037384792170338
49250000	0.8988360269464333	0.9096097884098145
49275000	0.9045944596772847	0.9156134011705833
49300000	0.9104920638687245	0.921744130435878
49325000	0.9165237376578452	0.9279970329684969
49350000	0.9226844344105505	0.9343673933336358
49375000	0.928969165109385	0.9408507081037704
49400000	0.9353729999598694	0.9474426701479903
49425000	0.9418910692702357	0.9541391528502443
49450000	0.9485185636604693	0.9609361940873167
49475000	0.9552507336570849	0.9678299797809958
49500000	0.9620828887298651	0.9748168268194628
49525000	0.9690103958262796	0.9818931651200375
49550000	0.9760286774583027	0.9890555185786086
49575000	0.9831332093950449	0.9963004846198684
49600000	0.9903195180130888	1.003624712026321
49625000	0.9975831773545888	1.0110245180115605
49650000	1.0049198059413025	1.0184927341636558
49675000	1.0123250633906815	1.0260239603993029
49700000	1.0197946468779424	1.0336136322427403
49725000	1.027324287485953	1.0412572453422868
49750000	1.034909746482474	1.0489503428339266
49775000	1.042546811562098	1.0566885046769716
49800000	1.0502312930881033	1.064467339016659
49825000	1.0579590203671194	1.072282475654266
49850000	1.0657258379875167	1.080129561729547
49875000	1.0735276022502083	1.0880042597424087
49900000	1.081360177718576	1.0959022480599474
49925000	1.0892194339122339	1.103819224070211
49950000	1.0971012421673185	1.1117509101539427
49975000	1.1050014726842203	1.1196930626484083
50000000	1.1129159917816696	1.1276414839711761